Absolute Residual Error
rank ,         name ,    med   ,  iqr 
----------------------------------------------------
   1 ,    run_abe_1 ,     103  ,   140(*              |              ),45.00, 81.00, 103.00, 185.00, 326.00
   1 ,    run_abe_8 ,     146  ,   137(*              |              ),46.00, 94.00, 146.00, 201.46, 307.00
   1 ,    run_abe_4 ,     165  ,   139(*              |              ),66.00, 103.00, 165.00, 214.00, 290.00
   1 ,    run_abe_2 ,     184  ,   118(*              |              ),66.00, 124.00, 184.00, 222.15, 313.00
   2 , run_teak_2_2 ,     204  ,   285(*--            |              ),86.50, 113.50, 204.00, 384.50, 741.50
   2 ,     run_nnet ,     205  ,    54(*              |              ),143.52, 172.96, 205.44, 221.58, 246.81
   2 , run_teak_4_5 ,     231  ,   230( *-            |              ),47.50, 137.00, 231.50, 315.62, 713.92
   2 ,   run_abe_16 ,     253  ,   124( *             |              ),139.00, 214.45, 253.56, 300.00, 465.00
   3 ,    run_teak0 ,     257  ,   325( *-            |              ),102.00, 121.50, 257.00, 377.50, 616.50
   3 ,    run_teak2 ,     257  ,   325( *-            |              ),102.00, 121.50, 257.00, 377.50, 616.50
   3 ,   run_teak_9 ,     289  ,   565( *-----        |              ),62.62, 142.62, 289.99, 496.34, 1456.00
   3 ,       run_lr ,     680  ,   329( - *           |              ),359.75, 508.57, 680.51, 767.24, 909.85

Magnitude Relative Error
rank ,         name ,    med   ,  iqr 
----------------------------------------------------
   1 ,    run_abe_8 ,      75  ,    33(*              |              ),49.53, 68.60, 75.76, 93.53, 160.87
   1 ,    run_abe_1 ,      78  ,    24(*              |              ),62.71, 71.93, 78.46, 94.44, 135.56
   1 ,    run_abe_2 ,      79  ,    43(*              |              ),66.56, 70.30, 79.68, 101.37, 174.35
   1 ,    run_abe_4 ,      87  ,    49(*              |              ),44.07, 80.00, 87.51, 110.69, 147.98
   2 , run_teak_2_2 ,      94  ,   302(*-             |              ),79.91, 88.22, 94.93, 365.19, 1277.50
   2 , run_teak_4_5 ,      95  ,   288(*              |              ),79.83, 89.32, 95.05, 372.23, 855.79
   2 ,     run_nnet ,     136  ,    77(*              |              ),78.04, 111.82, 136.55, 185.71, 392.63
   2 ,   run_abe_16 ,     161  ,   190(*              |              ),87.67, 111.52, 161.32, 243.04, 324.38
   2 ,   run_teak_9 ,     165  ,   477(*------        |              ),82.20, 93.16, 165.60, 550.00, 3208.89
   2 ,    run_teak0 ,     168  ,   273(*-             |              ),83.10, 94.20, 168.85, 356.36, 1303.33
   2 ,    run_teak2 ,     168  ,   273(*-             |              ),83.10, 94.20, 168.85, 356.36, 1303.33
   2 ,       run_lr ,     577  ,   536( *             |              ),115.64, 358.74, 577.00, 831.14, 1242.87

Pred-25
rank ,         name ,    med   ,  iqr 
----------------------------------------------------
   1 , run_teak_2_2 ,       0  ,     7(*  ----        |              ), 0.00,  0.00,  0.00,  7.69, 16.67
   1 ,    run_teak0 ,       7  ,     8(   *---        |              ), 0.00,  0.00,  7.69,  7.69, 16.67
   1 ,    run_teak2 ,       7  ,     8(   *---        |              ), 0.00,  0.00,  7.69,  7.69, 16.67
   1 , run_teak_4_5 ,       7  ,     8(   *---        |              ), 0.00,  0.00,  7.69,  8.33, 16.67
   1 ,   run_teak_9 ,       7  ,    15(   *---        |              ), 0.00,  0.00,  7.69,  8.33, 16.67
   1 ,   run_abe_16 ,       8  ,    16(---*     -     |              ), 0.00,  7.69,  8.33, 23.08, 25.00
   1 ,    run_abe_4 ,       8  ,     9(---*   --      |              ), 0.00,  7.69,  8.33, 16.67, 23.08
   1 ,    run_abe_1 ,       8  ,     9(---*  ---      |              ), 0.00,  7.69,  8.33, 15.38, 23.08
   1 ,     run_nnet ,      15  ,     9(---   *--      |              ), 0.00,  7.69, 15.38, 16.67, 23.08
   1 ,    run_abe_8 ,      15  ,    16(---   *  ----  |              ), 0.00,  7.69, 15.38, 23.08, 30.77
   1 ,    run_abe_2 ,      15  ,    16(---   *  -     |              ), 0.00,  7.69, 15.38, 23.08, 25.00
   2 ,       run_lr ,      41  ,    33(       ------  |  *  -------- ),16.67, 30.77, 41.67, 50.00, 69.23
