Absolute Residual Error
rank ,         name ,    med   ,  iqr 
----------------------------------------------------
   1 ,       run_lr ,       1  ,     1(*              |              ), 0.86,  1.08,  1.44,  2.07, 11.30
   1 ,   run_abe_16 ,       1  ,     1(*              |              ), 0.55,  1.25,  1.71,  2.56,  8.00
   2 ,    run_teak0 ,       2  ,     7(*              |              ), 0.95,  1.45,  2.40,  7.95,  9.50
   2 ,    run_teak2 ,       2  ,     7(*              |              ), 0.95,  1.45,  2.40,  7.95,  9.50
   2 ,    run_abe_1 ,       2  ,     6(*              |              ), 1.00,  1.80,  2.50,  3.30, 10.55
   2 ,   run_teak_9 ,       2  ,     3(*              |              ), 1.25,  1.50,  2.98,  4.42,  7.95
   2 ,    run_abe_2 ,       3  ,     4(*              |              ), 1.25,  2.05,  3.00,  5.45,  8.05
   2 , run_teak_2_2 ,       3  ,     7(*              |              ), 1.25,  1.45,  3.31,  8.00,  9.40
   2 ,    run_abe_8 ,       3  ,     3(*              |              ), 1.70,  3.31,  3.85,  4.84,  8.02
   2 ,    run_abe_4 ,       4  ,     3(*              |              ), 1.38,  2.92,  4.15,  5.67,  9.11
   2 , run_teak_4_5 ,       4  ,     7(*              |              ), 1.25,  1.50,  4.42,  7.95,  9.24
   3 ,     run_nnet ,     167  ,   275(- * -----------|              ),32.57, 78.07, 167.99, 276.33, 966.72

Magnitude Relative Error
rank ,         name ,    med   ,  iqr 
----------------------------------------------------
   1 ,       run_lr ,      54  ,    35(*              |              ),27.03, 41.57, 54.28, 66.23, 174.42
   2 ,    run_teak0 ,      62  ,    70(*              |              ),36.25, 48.33, 62.50, 94.44, 633.33
   2 ,    run_teak2 ,      62  ,    70(*              |              ),36.25, 48.33, 62.50, 94.44, 633.33
   2 ,   run_teak_9 ,      67  ,    94(*              |              ),41.67, 48.33, 67.47, 124.97, 340.09
   2 ,    run_abe_1 ,      67  ,   145(*              |              ),48.33, 56.67, 67.50, 125.00, 526.19
   2 ,   run_abe_16 ,      67  ,    48(*              |              ),18.33, 51.50, 67.78, 88.47, 203.08
   2 , run_teak_2_2 ,      88  ,   169(*              |              ),48.33, 64.31, 88.41, 170.63, 603.12
   2 ,    run_abe_2 ,      88  ,   123(*              |              ),41.67, 60.00, 88.89, 175.00, 312.50
   2 ,    run_abe_4 ,      89  ,   177(*              |              ),34.38, 63.10, 89.66, 217.86, 343.12
   2 , run_teak_4_5 ,     100  ,   174(*              |              ),41.67, 60.00, 100.00, 215.80, 393.50
   2 ,    run_abe_8 ,     118  ,   207(*              |              ),42.97, 70.00, 118.44, 175.00, 409.38
   3 ,     run_nnet ,    5209  ,  5038(   ---   *   --|              ),1804.12, 3668.62, 5209.59, 7547.90, 9211.05

Pred-25
rank ,         name ,    med   ,  iqr 
----------------------------------------------------
   1 ,   run_abe_16 ,       0  ,    50(*             -|----          ), 0.00,  0.00,  0.00, 50.00, 66.67
   1 ,    run_teak0 ,       0  ,     0(*--------      |              ), 0.00,  0.00,  0.00,  0.00, 33.33
   1 ,    run_teak2 ,       0  ,     0(*--------      |              ), 0.00,  0.00,  0.00,  0.00, 33.33
   1 ,    run_abe_8 ,       0  ,    33(*        ----- |              ), 0.00,  0.00,  0.00, 33.33, 50.00
   1 , run_teak_4_5 ,       0  ,     0(*------------- |              ), 0.00,  0.00,  0.00,  0.00, 50.00
   1 ,    run_abe_4 ,       0  ,    33(*        ----- |              ), 0.00,  0.00,  0.00, 33.33, 50.00
   1 ,   run_teak_9 ,       0  ,    33(*        ----- |              ), 0.00,  0.00,  0.00, 33.33, 50.00
   1 , run_teak_2_2 ,       0  ,    33(*------------- |              ), 0.00,  0.00,  0.00,  0.00, 50.00
   1 ,    run_abe_1 ,       0  ,    33(*        ----- |              ), 0.00,  0.00,  0.00, 33.33, 50.00
   1 ,    run_abe_2 ,       0  ,    33(*        ----- |              ), 0.00,  0.00,  0.00, 33.33, 50.00
   1 ,       run_lr ,      33  ,    50(         *     |              ), 0.00,  0.00, 33.33, 50.00, 50.00
   2 ,     run_nnet ,     100  ,   100(               |             *), 0.00,  0.00, 100.00, 100.00, 100.00
