Absolute Residual Error
rank ,         name ,    med   ,  iqr 
----------------------------------------------------
   1 ,     run_nnet ,     109  ,    22(*              |              ),99.82, 101.96, 109.51, 121.52, 138.78
   2 ,       run_lr ,     168  ,    28(*              |              ),144.12, 162.16, 168.87, 183.57, 208.69
   3 ,    run_abe_2 ,     651  ,   145(*              |              ),526.00, 629.00, 651.00, 756.00, 882.00
   3 ,    run_abe_4 ,     686  ,   149(*              |              ),560.00, 628.00, 686.00, 773.00, 868.00
   4 ,    run_abe_1 ,     719  ,   194(*              |              ),569.00, 672.00, 719.00, 827.00, 1048.00
   4 ,    run_abe_8 ,     765  ,   153(*              |              ),575.00, 702.00, 765.00, 807.00, 952.00
   4 ,   run_abe_16 ,     830  ,   164(*              |              ),720.00, 768.00, 830.00, 903.00, 996.00
   5 ,   run_teak_9 ,    1463  ,  1349(-*-----        |              ),936.00, 1245.50, 1463.75, 2431.50, 6946.50
   5 ,    run_teak0 ,    1513  ,   807(-*             |              ),892.50, 1124.50, 1513.00, 1912.00, 2646.00
   5 ,    run_teak2 ,    1513  ,   807(-*             |              ),892.50, 1124.50, 1513.00, 1912.00, 2646.00
   5 , run_teak_4_5 ,    1583  ,   944(-*----         |              ),917.25, 1057.00, 1583.50, 1944.38, 5806.50
   5 , run_teak_2_2 ,    1798  ,  1763( * -------     |              ),994.12, 1482.62, 1798.50, 2836.00, 9311.50

Magnitude Relative Error
rank ,         name ,    med   ,  iqr 
----------------------------------------------------
   1 ,     run_nnet ,       7  ,     1(*              |              ), 6.96,  7.27,  7.43,  7.97,  9.24
   1 ,       run_lr ,       9  ,     3(*              |              ), 6.91,  8.36,  9.58, 11.23, 13.40
   2 ,    run_abe_4 ,      40  ,     5(*              |              ),34.18, 37.60, 40.48, 41.91, 43.74
   2 ,    run_abe_2 ,      42  ,     5(*              |              ),35.28, 38.86, 42.41, 43.06, 46.81
   3 ,    run_abe_8 ,      43  ,     5(*              |              ),37.42, 40.94, 43.18, 45.07, 49.90
   3 ,    run_abe_1 ,      44  ,     7(*              |              ),38.54, 40.20, 44.13, 46.25, 48.99
   4 ,   run_abe_16 ,      47  ,     3(*              |              ),41.34, 46.53, 47.85, 49.23, 53.90
   5 ,   run_teak_9 ,      76  ,    33( *---          |              ),67.67, 69.04, 76.41, 83.40, 402.53
   5 ,    run_teak0 ,      77  ,    10( *             |              ),71.20, 74.63, 77.30, 82.85, 90.12
   5 ,    run_teak2 ,      77  ,    10( *             |              ),71.20, 74.63, 77.30, 82.85, 90.12
   5 , run_teak_4_5 ,      80  ,    18( *--           |              ),67.81, 73.10, 80.51, 85.73, 305.04
   5 , run_teak_2_2 ,      82  ,    90( *-----        |              ),68.21, 72.95, 82.09, 119.73, 495.51

Pred-25
rank ,         name ,    med   ,  iqr 
----------------------------------------------------
   1 ,    run_teak0 ,      11  ,     9(-- *-          |              ), 3.00,  8.00, 11.00, 14.14, 19.00
   1 ,    run_teak2 ,      11  ,     9(-- *-          |              ), 3.00,  8.00, 11.00, 14.14, 19.00
   1 , run_teak_4_5 ,      11  ,     7( - *-          |              ), 4.00,  9.00, 11.00, 14.00, 17.00
   1 , run_teak_2_2 ,      11  ,     6( - *-          |              ), 5.00,  8.08, 11.11, 14.00, 18.00
   1 ,   run_teak_9 ,      13  ,     7(  -*-          |              ), 8.00, 10.00, 13.00, 15.00, 18.00
   2 ,   run_abe_16 ,      23  ,     5(       *-      |              ),20.20, 22.00, 23.23, 26.00, 30.00
   2 ,    run_abe_1 ,      24  ,     4(     - *-      |              ),18.00, 22.22, 24.00, 25.25, 30.00
   3 ,    run_abe_8 ,      26  ,     5(      -*--     |              ),21.00, 24.00, 26.26, 29.00, 34.00
   3 ,    run_abe_2 ,      30  ,     6(      -  *     |              ),21.00, 26.00, 30.00, 31.00, 35.35
   3 ,    run_abe_4 ,      31  ,     4(         *     |              ),27.00, 28.00, 31.00, 32.00, 36.00
   4 ,       run_lr ,      77  ,     4(               |     - *      ),72.00, 75.00, 77.78, 79.00, 81.00
   5 ,     run_nnet ,      93  ,     5(               |          - * ),87.88, 91.00, 93.00, 96.00, 97.00
