Absolute Residual Error
rank ,         name ,    med   ,  iqr 
----------------------------------------------------
   1 ,     run_nnet ,     397  ,   311(*              |              ),190.05, 296.51, 397.90, 543.68, 663.14
   2 ,       run_lr ,    1756  ,  1275( *             |              ),657.00, 1207.90, 1756.80, 2121.88, 3148.65
   2 ,    run_abe_2 ,    1787  ,   861(-*             |              ),1027.00, 1327.00, 1787.00, 2060.00, 2983.00
   2 ,    run_abe_4 ,    1866  ,  1060( *-            |              ),1254.00, 1641.00, 1866.00, 2638.00, 3721.00
   2 ,    run_teak0 ,    1903  ,  1357(-*-            |              ),853.50, 1239.00, 1903.00, 2486.00, 3838.50
   2 ,    run_teak2 ,    1903  ,  1357(-*-            |              ),853.50, 1239.00, 1903.00, 2486.00, 3838.50
   2 ,    run_abe_1 ,    2207  ,   640( *             |              ),1399.00, 2020.00, 2207.00, 2454.00, 3017.00
   3 , run_teak_2_2 ,    2452  ,  15413(  *       -----|-------       ),1239.00, 2031.50, 2452.00, 12011.00, 26624.50
   3 ,    run_abe_8 ,    2598  ,  1391(  *            |              ),1617.00, 2105.00, 2598.00, 3333.00, 3702.00
   3 , run_teak_4_5 ,    2943  ,  2299(  *------------|              ),1462.19, 1974.75, 2943.50, 3927.57, 17440.84
   3 ,   run_abe_16 ,    3080  ,   899( -*            |              ),2118.00, 2634.00, 3080.00, 3467.00, 3973.00
   3 ,   run_teak_9 ,    3818  ,  2738(   *-----------|-----         ),1359.00, 2223.38, 3818.50, 4704.42, 24098.70

Magnitude Relative Error
rank ,         name ,    med   ,  iqr 
----------------------------------------------------
   1 ,     run_nnet ,      17  ,    17(*              |              ), 8.88, 13.89, 17.81, 29.37, 46.90
   2 ,    run_abe_2 ,      64  ,    29(*              |              ),37.89, 56.93, 64.16, 79.44, 102.24
   2 ,    run_teak0 ,      73  ,    17(*-             |              ),45.34, 66.26, 73.35, 81.19, 209.25
   2 ,    run_teak2 ,      73  ,    17(*-             |              ),45.34, 66.26, 73.35, 81.19, 209.25
   2 ,       run_lr ,      74  ,    36(*              |              ),30.08, 60.08, 74.47, 89.45, 157.21
   2 ,    run_abe_1 ,      76  ,    20(*              |              ),59.66, 70.42, 76.28, 85.27, 100.74
   2 ,    run_abe_4 ,      80  ,    37(*              |              ),49.20, 65.84, 80.29, 91.07, 133.47
   2 ,    run_abe_8 ,      82  ,   103(*              |              ),43.54, 65.48, 82.15, 142.74, 181.12
   3 , run_teak_2_2 ,      84  ,   648(*    --------  |              ),64.84, 76.71, 84.94, 579.83, 1286.97
   3 ,   run_abe_16 ,      87  ,   144(* -            |              ),51.89, 63.60, 87.65, 203.99, 347.10
   3 , run_teak_4_5 ,      89  ,   198(*------        |              ),64.87, 78.42, 89.15, 197.73, 720.76
   3 ,   run_teak_9 ,     160  ,   345( * ------------|              ),51.71, 75.35, 160.43, 346.29, 1509.00

Pred-25
rank ,         name ,    med   ,  iqr 
----------------------------------------------------
   1 , run_teak_4_5 ,      11  ,    12(   *----       |              ), 0.00,  0.00, 11.11, 12.50, 25.00
   1 , run_teak_2_2 ,      11  ,    12(   *--------   |              ), 0.00,  0.00, 11.11, 12.50, 37.50
   1 ,   run_abe_16 ,      12  ,    14(    *   ----   |              ),11.11, 11.11, 12.50, 25.00, 37.50
   1 ,    run_teak0 ,      12  ,    22(--- *  -       |              ), 0.00, 11.11, 12.50, 22.22, 25.00
   1 ,    run_teak2 ,      12  ,    22(--- *  -       |              ), 0.00, 11.11, 12.50, 22.22, 25.00
   1 ,    run_abe_4 ,      12  ,    14(--- *   ----   |              ), 0.00, 11.11, 12.50, 25.00, 37.50
   1 ,   run_teak_9 ,      12  ,    12(    *---       |              ), 0.00,  0.00, 12.50, 12.50, 25.00
   1 ,    run_abe_2 ,      12  ,    14(--- *  ----    |              ), 0.00, 11.11, 12.50, 22.22, 33.33
   1 ,    run_abe_8 ,      22  ,    26(---    *----   |              ), 0.00, 11.11, 22.22, 25.00, 37.50
   1 ,    run_abe_1 ,      22  ,    13(----   *---    |              ), 0.00, 12.50, 22.22, 25.00, 33.33
   2 ,       run_lr ,      44  ,    37(       -      *|  ----        ),22.22, 25.00, 44.44, 55.56, 66.67
   2 ,     run_nnet ,      62  ,    31(            -- |     *---     ),37.50, 44.44, 62.50, 66.67, 75.00
