Absolute Residual Error
rank ,         name ,    med   ,  iqr 
----------------------------------------------------
   1 ,       run_lr ,     158  ,   154(*              |              ),63.56, 109.98, 158.61, 245.48, 406.95
   2 ,    run_abe_2 ,    1096  ,   725(*              |              ),525.00, 835.00, 1096.00, 1505.00, 2307.00
   2 ,    run_abe_1 ,    1100  ,   981(*              |              ),377.00, 769.00, 1100.00, 1740.00, 2181.00
   2 ,    run_abe_8 ,    1306  ,   715(*              |              ),853.00, 1164.00, 1306.00, 1737.00, 2234.00
   2 ,    run_abe_4 ,    1329  ,   823(*              |              ),488.00, 1088.00, 1329.00, 1681.00, 3546.00
   3 ,    run_teak0 ,    1373  ,  2368(*              |              ),870.00, 1125.50, 1373.00, 2979.00, 4469.00
   3 ,    run_teak2 ,    1373  ,  2368(*              |              ),870.00, 1125.50, 1373.00, 2979.00, 4469.00
   3 ,   run_abe_16 ,    1470  ,   452(*              |              ),1161.00, 1378.00, 1470.00, 1766.00, 2215.00
   3 , run_teak_2_2 ,    1632  ,  2509(*              |              ),774.50, 1174.00, 1632.80, 2843.50, 5021.64
   3 ,   run_teak_9 ,    2185  ,   711(*              |              ),906.50, 1845.00, 2185.00, 2345.80, 4202.27
   3 , run_teak_4_5 ,    2244  ,   878(*              |              ),1049.00, 1852.00, 2244.13, 2501.73, 4857.77
   4 ,     run_nnet ,    1213891  ,  1071545(-------------- |      *   --  ),1668.34, 802156.30, 1213891.30, 1419445.83, 1557616.05

Magnitude Relative Error
rank ,         name ,    med   ,  iqr 
----------------------------------------------------
   1 ,       run_lr ,      10  ,     6(*              |              ), 3.64,  8.50, 10.77, 13.01, 19.49
   2 ,    run_abe_2 ,      47  ,    32(*              |              ),37.05, 45.24, 47.24, 73.10, 128.83
   2 ,    run_abe_4 ,      63  ,    25(*              |              ),42.59, 51.45, 63.82, 73.53, 114.82
   2 ,    run_abe_1 ,      64  ,    22(*              |              ),53.35, 58.31, 64.23, 76.38, 80.75
   2 ,    run_abe_8 ,      72  ,    38(*              |              ),45.32, 63.81, 72.41, 96.47, 106.35
   3 , run_teak_2_2 ,      77  ,    85(*              |              ),51.55, 71.40, 77.32, 148.06, 289.08
   3 ,    run_teak0 ,      82  ,   162(*              |              ),44.56, 60.28, 82.23, 131.15, 236.24
   3 ,    run_teak2 ,      82  ,   162(*              |              ),44.56, 60.28, 82.23, 131.15, 236.24
   3 ,   run_abe_16 ,      84  ,    41(*              |              ),60.72, 72.97, 84.97, 107.65, 150.52
   3 ,   run_teak_9 ,      87  ,    60(*              |              ),48.37, 80.40, 87.83, 129.92, 149.32
   3 , run_teak_4_5 ,      96  ,    59(*              |              ),58.05, 85.42, 96.75, 137.87, 332.16
   4 ,     run_nnet ,    60992  ,  77842(---         *  |  ----        ),126.93, 17757.47, 60992.55, 89297.31, 112396.67

Pred-25
rank ,         name ,    med   ,  iqr 
----------------------------------------------------
   1 ,    run_abe_8 ,       0  ,    12(*  ----        |              ), 0.00,  0.00,  0.00, 12.50, 25.00
   1 ,   run_abe_16 ,      12  ,    14(   *---        |              ), 0.00,  0.00, 12.50, 14.29, 25.00
   1 ,    run_teak0 ,      12  ,    14(   *---        |              ), 0.00,  0.00, 12.50, 14.29, 25.00
   1 ,    run_teak2 ,      12  ,    14(   *---        |              ), 0.00,  0.00, 12.50, 14.29, 25.00
   1 , run_teak_4_5 ,      12  ,    14(   *----       |              ), 0.00,  0.00, 12.50, 14.29, 28.57
   1 ,   run_teak_9 ,      12  ,    14(   *----       |              ), 0.00,  0.00, 12.50, 14.29, 28.57
   1 ,    run_abe_1 ,      12  ,    25(   *-------    |              ), 0.00,  0.00, 12.50, 14.29, 37.50
   1 ,    run_abe_4 ,      14  ,    13(--- *  -       |              ), 0.00, 12.50, 14.29, 25.00, 28.57
   1 , run_teak_2_2 ,      14  ,    14(    *---       |              ), 0.00,  0.00, 14.29, 14.29, 28.57
   1 ,    run_abe_2 ,      25  ,    16(---    *---    |              ), 0.00, 12.50, 25.00, 28.57, 37.50
   2 ,       run_lr ,      75  ,    23(              -|--    *       ),50.00, 62.50, 75.00, 85.71, 85.71
   2 ,     run_nnet ,     100  ,   100(               |             *), 0.00,  0.00, 100.00, 100.00, 100.00
