Absolute Residual Error
rank ,         name ,    med   ,  iqr 
----------------------------------------------------
   1 ,     run_nnet ,     508  ,   274(*              |              ),347.73, 380.90, 508.64, 631.49, 704.17
   1 ,       run_lr ,     514  ,   140(*              |              ),374.77, 416.30, 514.31, 535.63, 717.42
   2 ,    run_abe_2 ,     751  ,   375( *             |              ),528.00, 637.00, 751.00, 909.00, 1100.00
   2 ,    run_abe_1 ,     794  ,   204( *             |              ),655.00, 783.00, 794.00, 962.00, 1208.00
   2 ,    run_abe_8 ,     861  ,   311(-*             |              ),621.00, 780.00, 861.00, 1047.00, 1148.00
   2 ,    run_abe_4 ,     890  ,   262(-*             |              ),593.00, 753.00, 890.00, 946.00, 1142.00
   3 ,    run_teak0 ,    1052  ,   492( *-------------|              ),678.50, 784.50, 1052.00, 1141.50, 6477.50
   3 ,    run_teak2 ,    1052  ,   492( *-------------|              ),678.50, 784.50, 1052.00, 1141.50, 6477.50
   3 ,   run_abe_16 ,    1093  ,   311(  *            |              ),779.00, 930.00, 1093.00, 1217.00, 1319.00
   3 , run_teak_2_2 ,    1169  ,   675(  *----------- |              ),813.12, 1030.50, 1169.62, 1525.38, 6318.50
   3 , run_teak_4_5 ,    1271  ,   852(  *-----       |              ),678.50, 983.50, 1271.34, 1670.00, 3790.72
   3 ,   run_teak_9 ,    1587  ,   933( - *------     |              ),1003.00, 1271.34, 1587.03, 2053.30, 4703.53

Magnitude Relative Error
rank ,         name ,    med   ,  iqr 
----------------------------------------------------
   1 ,       run_lr ,      30  ,    12(*              |              ),19.60, 24.96, 30.17, 34.47, 46.96
   1 ,     run_nnet ,      33  ,    13(*              |              ),21.09, 30.08, 33.81, 37.44, 46.46
   2 ,    run_abe_2 ,      44  ,    16( *             |              ),34.89, 39.32, 44.98, 51.67, 68.42
   2 ,    run_abe_4 ,      47  ,    16(-*             |              ),37.42, 40.61, 47.54, 55.92, 72.28
   3 ,    run_abe_8 ,      53  ,    19(-*             |              ),38.83, 49.80, 53.65, 61.22, 80.18
   3 ,    run_abe_1 ,      55  ,    12( *             |              ),42.65, 53.91, 55.41, 62.77, 70.58
   3 ,   run_abe_16 ,      61  ,    21( *             |              ),44.92, 52.67, 61.93, 68.52, 79.31
   4 ,    run_teak0 ,      68  ,    21(  *------------|              ),52.36, 59.93, 68.98, 77.20, 454.56
   4 ,    run_teak2 ,      68  ,    21(  *------------|              ),52.36, 59.93, 68.98, 77.20, 454.56
   4 , run_teak_4_5 ,      71  ,     9( -*------      |              ),52.36, 68.22, 71.25, 74.87, 266.02
   4 , run_teak_2_2 ,      74  ,    33( -*----------- |              ),50.47, 68.43, 74.34, 92.59, 398.90
   4 ,   run_teak_9 ,      74  ,    77(  *----------  |              ),56.62, 63.01, 74.87, 117.71, 360.70

Pred-25
rank ,         name ,    med   ,  iqr 
----------------------------------------------------
   1 , run_teak_4_5 ,      13  ,    14( --- * --      |              ), 3.45, 10.34, 13.79, 17.24, 24.14
   1 ,   run_teak_9 ,      13  ,    14(  -- * --      |              ), 6.90, 10.34, 13.79, 17.24, 24.14
   1 , run_teak_2_2 ,      13  ,    10( --- *  -      |              ), 3.45, 10.34, 13.79, 20.69, 24.14
   1 ,    run_teak0 ,      17  ,    14( ----  *---    |              ), 3.45, 13.79, 17.24, 20.69, 27.59
   1 ,    run_teak2 ,      17  ,    14( ----  *---    |              ), 3.45, 13.79, 17.24, 20.69, 27.59
   1 ,   run_abe_16 ,      24  ,    10(     --- * ----|              ),13.79, 20.69, 24.14, 27.59, 37.93
   1 ,    run_abe_8 ,      24  ,     4(       - *--   |              ),17.24, 20.69, 24.14, 24.14, 31.03
   1 ,    run_abe_2 ,      24  ,    10(       --*    -|              ),17.24, 24.14, 24.14, 34.48, 37.93
   1 ,    run_abe_4 ,      27  ,    14(       -   *-- |              ),17.24, 20.69, 27.59, 27.59, 34.48
   1 ,    run_abe_1 ,      27  ,    11(     ---   *-- |              ),13.79, 20.69, 27.59, 27.59, 34.48
   2 ,     run_nnet ,      48  ,    17(              -|-   * -----   ),34.48, 41.38, 48.28, 55.17, 65.52
   2 ,       run_lr ,      58  ,    14(               |  ---   *---  ),44.83, 51.72, 58.62, 62.07, 68.97
