Absolute Residual Error
rank ,         name ,    med   ,  iqr 
----------------------------------------------------
   1 ,    run_abe_4 ,      13  ,     8(*              |              ), 9.21, 11.60, 13.32, 18.93, 22.62
   1 ,    run_abe_2 ,      15  ,     5(*              |              ), 8.80, 11.55, 15.12, 16.80, 23.18
   1 ,    run_abe_8 ,      15  ,     7(*              |              ),11.03, 13.51, 15.85, 19.88, 24.19
   1 ,    run_abe_1 ,      16  ,    10(*              |              ), 9.50, 13.25, 16.50, 21.90, 27.70
   1 ,   run_abe_16 ,      19  ,    11(*              |              ), 8.90, 13.96, 19.89, 21.41, 23.85
   2 ,       run_lr ,      22  ,    11(*              |              ),10.02, 15.02, 22.25, 25.38, 32.74
   3 , run_teak_2_2 ,      23  ,    26(*--------------|------------- ),15.95, 19.39, 23.75, 33.15, 851.05
   3 ,   run_teak_9 ,      24  ,    29(*-------       |              ),12.25, 16.39, 24.16, 33.42, 257.86
   3 ,    run_teak0 ,      24  ,    20(*--------------|------------- ),15.00, 18.95, 24.25, 36.75, 851.05
   3 ,    run_teak2 ,      24  ,    20(*--------------|------------- ),15.00, 18.95, 24.25, 36.75, 851.05
   3 , run_teak_4_5 ,      24  ,    25(*--------------|------------  ),12.25, 18.95, 24.35, 38.20, 827.70
   3 ,     run_nnet ,      43  ,    39( *-            |              ),16.66, 29.09, 43.12, 62.82, 99.05

Magnitude Relative Error
rank ,         name ,    med   ,  iqr 
----------------------------------------------------
   1 ,    run_abe_4 ,      35  ,    18(*              |              ),27.57, 32.98, 35.57, 44.25, 60.92
   1 ,    run_abe_2 ,      39  ,    23(*              |              ),19.61, 27.88, 39.51, 49.83, 66.74
   1 ,    run_abe_8 ,      41  ,    16(*              |              ),30.98, 37.94, 41.19, 50.68, 59.39
   1 ,   run_abe_16 ,      43  ,    15(*              |              ),28.31, 37.09, 43.52, 49.03, 59.56
   2 ,    run_abe_1 ,      46  ,    32(*              |              ),29.57, 37.06, 46.52, 61.74, 71.32
   2 ,       run_lr ,      51  ,    28(*              |              ),31.46, 43.29, 51.68, 63.84, 100.29
   3 ,   run_teak_9 ,      60  ,    47(*------        |              ),31.07, 46.05, 60.62, 83.92, 572.86
   3 , run_teak_2_2 ,      64  ,    35(*--------------|--------      ),42.97, 55.15, 64.69, 83.92, 1889.73
   3 ,    run_teak0 ,      68  ,    39(*--------------|--------      ),40.63, 46.53, 68.56, 81.69, 1878.02
   3 ,    run_teak2 ,      68  ,    39(*--------------|--------      ),40.63, 46.53, 68.56, 81.69, 1878.02
   3 , run_teak_4_5 ,      69  ,    41(*--------------|--------      ),37.50, 46.53, 69.33, 85.52, 1889.73
   3 ,     run_nnet ,     102  ,   128( *-            |              ),46.14, 60.66, 102.30, 175.55, 278.02

Pred-25
rank ,         name ,    med   ,  iqr 
----------------------------------------------------
   1 , run_teak_2_2 ,       0  ,    20(*    ----      |              ), 0.00,  0.00,  0.00, 20.00, 33.33
   1 ,   run_teak_9 ,      10  ,    30(  *  ------    |              ), 0.00,  0.00, 10.00, 20.00, 40.00
   1 ,    run_teak0 ,      11  ,    22(   * ---       |              ), 0.00,  0.00, 11.11, 20.00, 30.00
   1 ,    run_teak2 ,      11  ,    22(   * ---       |              ), 0.00,  0.00, 11.11, 20.00, 30.00
   1 , run_teak_4_5 ,      11  ,    22(   * ------    |              ), 0.00,  0.00, 11.11, 20.00, 40.00
   1 ,   run_abe_16 ,      22  ,    29(----- *  ------|-             ), 0.00, 20.00, 22.22, 33.33, 60.00
   1 ,     run_nnet ,      22  ,    44(----- *      --|-------       ), 0.00, 20.00, 22.22, 44.44, 80.00
   1 ,    run_abe_8 ,      22  ,    19(---   * -      |              ), 0.00, 11.11, 22.22, 30.00, 33.33
   1 ,    run_abe_1 ,      22  ,    22(  --- *  --    |              ),10.00, 20.00, 22.22, 33.33, 40.00
   1 ,       run_lr ,      33  ,    10(   ----- * ----|              ),11.11, 30.00, 33.33, 40.00, 55.56
   1 ,    run_abe_4 ,      33  ,    20(   --    * --- |              ),11.11, 20.00, 33.33, 40.00, 50.00
   1 ,    run_abe_2 ,      33  ,    20(     -   * ----|              ),20.00, 22.22, 33.33, 40.00, 55.56
