Absolute Residual Error
rank ,         name ,    med   ,  iqr 
----------------------------------------------------
   1 ,    run_abe_4 ,    2487  ,  1455(-*             |              ),1657.00, 1925.00, 2487.00, 3277.00, 3617.00
   1 ,    run_abe_8 ,    2539  ,   348( *             |              ),1985.00, 2391.00, 2539.00, 2667.00, 3027.00
   1 ,     run_nnet ,    2580  ,  1600(-*-            |              ),1072.31, 1810.87, 2580.89, 3178.71, 4527.50
   1 ,   run_abe_16 ,    2604  ,   850( *             |              ),1960.00, 2243.00, 2604.00, 2792.00, 3507.00
   1 ,    run_abe_2 ,    2777  ,   807(-*             |              ),1312.00, 2359.00, 2777.00, 2959.00, 3549.00
   2 ,    run_abe_1 ,    3268  ,  1011(  *            |              ),2161.00, 2830.00, 3268.00, 3719.00, 4294.00
   3 ,    run_teak0 ,    3843  ,  1522( -*--          |              ),2562.50, 3149.50, 3843.00, 4576.50, 7510.00
   3 ,    run_teak2 ,    3843  ,  1522( -*--          |              ),2562.50, 3149.50, 3843.00, 4576.50, 7510.00
   3 ,   run_teak_9 ,    3948  ,  2645( -* -          |              ),2206.00, 3022.62, 3948.62, 5335.50, 7093.38
   3 , run_teak_2_2 ,    4041  ,  2686( -* ----       |              ),2291.00, 3278.28, 4041.00, 5297.22, 9957.00
   3 ,       run_lr ,    4177  ,  1414( - *           |              ),2702.55, 3604.23, 4177.20, 4504.05, 5243.41
   3 , run_teak_4_5 ,    4210  ,  2820(   *           |              ),2125.50, 2900.50, 4210.50, 4871.50, 6419.00

Magnitude Relative Error
rank ,         name ,    med   ,  iqr 
----------------------------------------------------
   1 ,     run_nnet ,      46  ,    11(*              |              ),37.67, 40.90, 46.44, 50.79, 58.94
   2 ,    run_abe_8 ,      47  ,    26(*              |              ),33.73, 39.70, 47.07, 60.85, 89.74
   2 ,    run_abe_4 ,      49  ,    19(*              |              ),32.16, 40.60, 49.85, 56.63, 79.43
   2 ,   run_abe_16 ,      52  ,    22(*              |              ),36.22, 46.15, 52.64, 63.06, 82.66
   2 ,    run_abe_1 ,      56  ,    25(*              |              ),39.62, 50.01, 56.52, 72.62, 95.71
   2 ,    run_abe_2 ,      56  ,    21(*              |              ),31.25, 48.13, 56.55, 65.80, 74.06
   3 ,   run_teak_9 ,      67  ,    29( *-            |              ),44.27, 59.83, 67.83, 80.87, 184.74
   3 , run_teak_2_2 ,      70  ,    30( *--           |              ),47.39, 62.74, 70.75, 85.68, 205.36
   3 ,       run_lr ,      73  ,    47( *             |              ),44.36, 55.62, 73.12, 102.18, 121.56
   3 , run_teak_4_5 ,      74  ,    33( *-            |              ),50.17, 60.34, 74.07, 84.27, 161.36
   3 ,    run_teak0 ,      75  ,    30(-*--           |              ),41.66, 66.02, 75.68, 87.09, 207.72
   3 ,    run_teak2 ,      75  ,    30(-*--           |              ),41.66, 66.02, 75.68, 87.09, 207.72

Pred-25
rank ,         name ,    med   ,  iqr 
----------------------------------------------------
   1 ,    run_abe_1 ,      15  ,    15(   -   *----   |              ), 7.69,  8.33, 15.38, 16.67, 25.00
   1 ,    run_teak0 ,      16  ,    18(---     *   ---|              ), 0.00,  7.69, 16.67, 25.00, 33.33
   1 ,    run_teak2 ,      16  ,    18(---     *   ---|              ), 0.00,  7.69, 16.67, 25.00, 33.33
   1 , run_teak_4_5 ,      16  ,    15(----    *  --- |              ), 0.00,  8.33, 16.67, 23.08, 30.77
   1 ,    run_abe_4 ,      16  ,    17(   -    *  ----|--            ), 7.69,  8.33, 16.67, 23.08, 38.46
   1 ,   run_teak_9 ,      16  ,     7(--------*  -   |              ), 0.00, 16.67, 16.67, 23.08, 25.00
   1 , run_teak_2_2 ,      16  ,    18(----    *  -   |              ), 0.00,  8.33, 16.67, 23.08, 25.00
   1 ,     run_nnet ,      23  ,    17(   -       *---|--            ), 7.69,  8.33, 23.08, 25.00, 38.46
   1 ,   run_abe_16 ,      25  ,    17(    ----    *  |------        ), 8.33, 16.67, 25.00, 33.33, 46.15
   1 ,    run_abe_8 ,      30  ,    22(   -----      *|----          ), 7.69, 16.67, 30.77, 33.33, 41.67
   1 ,    run_abe_2 ,      30  ,    17(   -----      *|----          ), 7.69, 16.67, 30.77, 33.33, 41.67
   1 ,       run_lr ,      41  ,    13(           ----|--  * ------  ),23.08, 38.46, 41.67, 46.15, 58.33
