Absolute Residual Error
rank ,         name ,    med   ,  iqr 
----------------------------------------------------
   1 ,    run_abe_2 ,     166  ,   114(*              |              ),77.00, 126.00, 166.00, 180.10, 284.80
   1 ,    run_abe_1 ,     169  ,    37(*              |              ),102.00, 157.00, 169.00, 192.00, 288.00
   1 ,    run_abe_4 ,     206  ,   100(*              |              ),76.80, 147.70, 206.00, 228.00, 338.00
   1 ,    run_abe_8 ,     214  ,    95(*              |              ),119.00, 163.00, 214.00, 254.00, 299.00
   1 ,    run_teak0 ,     232  ,   179(*              |              ),130.00, 157.80, 232.90, 305.00, 349.00
   1 ,    run_teak2 ,     232  ,   179(*              |              ),130.00, 157.80, 232.90, 305.00, 349.00
   1 ,   run_abe_16 ,     234  ,    39( *             |              ),157.00, 206.85, 234.00, 242.00, 259.20
   2 , run_teak_4_5 ,     247  ,   234( *             |              ),115.80, 174.00, 247.50, 342.00, 591.00
   2 , run_teak_2_2 ,     255  ,   161( *             |              ),105.60, 184.00, 255.95, 288.97, 497.72
   2 ,       run_lr ,     279  ,   179( *             |              ),127.17, 213.37, 279.17, 321.01, 417.04
   2 ,     run_nnet ,     322  ,    82(-*             |              ),226.53, 282.00, 322.42, 347.41, 396.37
   3 ,   run_teak_9 ,     358  ,  1362(-*-------------|------------  ),158.40, 275.00, 358.70, 552.67, 5894.60

Magnitude Relative Error
rank ,         name ,    med   ,  iqr 
----------------------------------------------------
   1 ,    run_abe_1 ,      56  ,    19(*              |              ),38.29, 46.67, 56.88, 65.00, 80.00
   1 ,       run_lr ,      68  ,    42(*              |              ),42.15, 59.88, 68.14, 99.13, 145.20
   1 ,    run_abe_2 ,      68  ,    16(*              |              ),43.33, 62.30, 68.20, 72.63, 83.54
   1 ,    run_abe_4 ,      74  ,    18(*              |              ),65.38, 70.00, 74.88, 80.24, 107.75
   1 ,    run_abe_8 ,      79  ,    26(*              |              ),70.29, 77.88, 79.82, 89.62, 155.00
   1 , run_teak_4_5 ,      86  ,    20(*-             |              ),67.49, 75.86, 86.22, 88.90, 571.05
   1 , run_teak_2_2 ,      87  ,    13(*              |              ),72.01, 80.88, 87.39, 92.68, 367.87
   1 ,    run_teak0 ,      88  ,    11(*              |              ),75.83, 85.51, 88.81, 95.00, 98.00
   1 ,    run_teak2 ,      88  ,    11(*              |              ),75.83, 85.51, 88.81, 95.00, 98.00
   2 ,   run_teak_9 ,      92  ,   674(* ------------ |              ),69.30, 85.09, 92.04, 530.23, 3126.35
   2 ,   run_abe_16 ,     100  ,    53(*              |              ),71.83, 77.51, 100.21, 110.73, 167.71
   2 ,     run_nnet ,     116  ,   121(*              |              ),74.13, 97.69, 116.64, 175.86, 295.66

Pred-25
rank ,         name ,    med   ,  iqr 
----------------------------------------------------
   1 ,    run_teak0 ,       5  ,     6(--* ---        |              ), 0.00,  5.26,  5.56, 11.11, 15.79
   1 ,    run_teak2 ,       5  ,     6(--* ---        |              ), 0.00,  5.26,  5.56, 11.11, 15.79
   1 ,   run_teak_9 ,       5  ,    10(  *            |              ), 0.00,  0.00,  5.56, 10.53, 11.11
   1 , run_teak_2_2 ,       5  ,    10(  * ---        |              ), 0.00,  0.00,  5.56, 10.53, 15.79
   1 ,    run_abe_8 ,      10  ,    11(    *  --      |              ), 5.26,  5.56, 10.53, 16.67, 21.05
   1 , run_teak_4_5 ,      10  ,    10(--  *          |              ), 0.00,  5.56, 10.53, 15.79, 16.67
   1 ,   run_abe_16 ,      15  ,    12(  --   *---    |              ), 5.26, 10.53, 15.79, 16.67, 26.32
   1 ,     run_nnet ,      15  ,    21(  --   * ----- |              ), 5.26, 10.53, 15.79, 22.22, 31.58
   1 ,    run_abe_4 ,      15  ,    11(  --   *---    |              ), 5.56, 10.53, 15.79, 16.67, 26.32
   1 ,    run_abe_2 ,      22  ,    15(  --     * ----|              ), 5.26, 11.11, 22.22, 26.32, 36.84
   1 ,    run_abe_1 ,      26  ,    10(    -----  *  -|-             ),11.11, 21.05, 26.32, 31.58, 38.89
   1 ,       run_lr ,      38  ,    14(         ------| *   -------  ),22.22, 36.84, 38.89, 47.37, 63.16
