Absolute Residual Error
rank ,         name ,    med   ,  iqr 
----------------------------------------------------
   1 ,     run_nnet ,     348  ,   125(*              |              ),214.98, 289.99, 348.37, 397.13, 506.86
   1 ,       run_lr ,     374  ,   109(*              |              ),314.01, 345.18, 374.73, 430.06, 471.65
   2 ,    run_abe_2 ,    1447  ,   243(*              |              ),1305.00, 1411.00, 1447.00, 1563.00, 1860.00
   2 ,    run_abe_4 ,    1521  ,   365( *             |              ),1315.00, 1413.00, 1521.00, 1756.00, 2001.00
   2 ,    run_abe_1 ,    1598  ,   326( *             |              ),1369.00, 1441.00, 1598.00, 1753.00, 2146.00
   3 ,    run_abe_8 ,    1689  ,   335(-*             |              ),1456.00, 1610.00, 1689.00, 1916.00, 2327.00
   4 ,   run_abe_16 ,    2003  ,   376( *             |              ),1699.00, 1859.00, 2003.00, 2172.00, 2589.00
   5 ,     run_teak ,    3951  ,  4007(  *------------|              ),2950.00, 3121.00, 3951.00, 4849.00, 20026.00

Magnitude Relative Error
rank ,         name ,    med   ,  iqr 
----------------------------------------------------
   1 ,     run_nnet ,       9  ,     6( *             |              ), 7.24,  8.43,  9.67, 12.74, 18.52
   1 ,       run_lr ,      17  ,    17(-*             |              ),-13.77, 11.67, 17.81, 25.74, 55.15
   2 ,    run_abe_4 ,      54  ,     6( *             |              ),48.77, 52.77, 54.60, 57.06, 60.35
   2 ,    run_abe_8 ,      56  ,     9( *             |              ),49.29, 52.59, 56.53, 58.94, 63.49
   3 ,   run_abe_16 ,      59  ,    11( *             |              ),53.63, 55.67, 59.45, 64.14, 68.42
   3 ,    run_abe_2 ,      63  ,    11( *             |              ),51.68, 59.93, 63.04, 66.99, 71.32
   4 ,    run_abe_1 ,      83  ,     9(  *            |              ),70.59, 77.46, 83.47, 85.85, 92.79
   5 ,     run_teak ,     171  ,   118(   *--------   |              ),81.47, 86.03, 171.79, 202.47, 934.15

Pred-25
rank ,         name ,    med   ,  iqr 
----------------------------------------------------
   1 ,     run_teak ,      11  ,     9(-  *           |              ), 3.00,  6.00, 11.00, 12.00, 16.00
   2 ,   run_abe_16 ,      26  ,     7(     --*-      |              ),17.00, 23.23, 26.00, 29.00, 31.00
   2 ,    run_abe_1 ,      26  ,     4(      -*       |              ),21.00, 24.24, 26.00, 28.00, 29.00
   2 ,    run_abe_8 ,      28  ,     5(      --*-     |              ),22.00, 27.00, 28.00, 31.00, 34.00
   2 ,    run_abe_2 ,      29  ,     8(        *--    |              ),24.24, 26.00, 29.00, 32.00, 37.00
   2 ,    run_abe_4 ,      31  ,     7(         *-    |              ),27.00, 28.00, 31.00, 34.00, 36.36
   3 ,       run_lr ,      77  ,    10(               |     - *-     ),69.70, 75.00, 77.00, 81.82, 84.85
   4 ,     run_nnet ,      94  ,     7(               |      ----- * ),74.75, 91.00, 94.95, 97.00, 99.00
