Absolute Residual Error
rank ,         name ,    med   ,  iqr 
----------------------------------------------------
   1 ,     run_nnet ,     869  ,   871(*              |              ),453.36, 732.03, 869.80, 1066.01, 2524.89
   1 ,    run_abe_2 ,    3621  ,  1517(-*-            |              ),1874.00, 2824.00, 3621.00, 4089.00, 6954.00
   1 ,    run_abe_1 ,    3822  ,  2264(-*-            |              ),2028.00, 2693.00, 3822.00, 4614.00, 6084.00
   1 ,     run_teak ,    3932  ,  3094(-*--           |              ),2153.00, 2741.00, 3932.00, 5711.00, 9371.00
   1 ,   run_abe_16 ,    4055  ,  1422( *--           |              ),2932.00, 3600.00, 4055.00, 4697.00, 8546.00
   1 ,    run_abe_8 ,    4270  ,  1878(  *-           |              ),2501.00, 3301.00, 4270.00, 4860.00, 8397.00
   1 ,    run_abe_4 ,    4335  ,  1867(  *            |              ),2378.00, 3956.00, 4335.00, 5207.00, 7553.00
   1 ,       run_lr ,    4667  ,  3921(  *-----       |              ),3326.60, 3855.98, 4667.43, 6302.08, 15691.80

Magnitude Relative Error
rank ,         name ,    med   ,  iqr 
----------------------------------------------------
   1 ,       run_lr ,       6  ,   119(  *            |              ),-179.34, -39.52,  6.05, 69.00, 230.73
   1 ,     run_nnet ,      24  ,    30(  *            |              ), 1.52, 21.38, 24.49, 42.34, 67.79
   2 ,    run_abe_2 ,      84  ,    91(  *            |              ),50.49, 65.10, 84.22, 150.21, 181.87
   2 ,    run_abe_8 ,      89  ,    59(  *            |              ),49.57, 68.19, 89.24, 109.80, 183.46
   2 ,   run_abe_16 ,      89  ,    47(  *            |              ),55.58, 71.59, 89.82, 109.42, 196.35
   2 ,    run_abe_4 ,      90  ,    60(  *            |              ),53.85, 64.13, 90.03, 114.30, 177.69
   3 ,    run_abe_1 ,     121  ,    93(  *            |              ),57.49, 104.76, 121.38, 172.32, 198.85
   4 ,     run_teak ,     267  ,  1067(  *  -----     |              ),67.95, 97.81, 267.54, 879.09, 2374.34

Pred-25
rank ,         name ,    med   ,  iqr 
----------------------------------------------------
   1 ,     run_teak ,       0  ,    12(*   --------   |              ), 0.00,  0.00,  0.00, 12.50, 37.50
   1 ,   run_abe_16 ,      12  ,    14(--- *  ----    |              ), 0.00, 11.11, 12.50, 22.22, 33.33
   1 ,    run_abe_8 ,      12  ,    11(--- *-------   |              ), 0.00, 11.11, 12.50, 12.50, 37.50
   1 ,    run_abe_4 ,      12  ,    13(----*   ---    |              ), 0.00, 12.50, 12.50, 25.00, 33.33
   1 ,    run_abe_1 ,      22  ,    14(----   *----   |              ), 0.00, 12.50, 22.22, 25.00, 37.50
   1 ,    run_abe_2 ,      22  ,    13(   -   *---    |              ),11.11, 12.50, 22.22, 25.00, 33.33
   1 ,       run_lr ,      50  ,    29(        ------ |*     ----    ),25.00, 44.44, 50.00, 66.67, 77.78
   1 ,     run_nnet ,      55  ,    25(        -------|  *   ----    ),25.00, 50.00, 55.56, 66.67, 77.78
