Absolute Residual Error
rank ,         name ,    med   ,  iqr 
----------------------------------------------------
   1 ,       run_lr ,     325  ,   236(*              |              ),223.58, 266.32, 325.76, 485.54, 750.48
   1 ,    run_abe_2 ,    1513  ,   810(*              |              ),883.00, 1173.00, 1513.00, 1895.00, 2260.00
   1 ,    run_abe_4 ,    1788  ,  1113(*              |              ),1096.00, 1455.00, 1788.00, 2314.00, 2902.00
   1 ,    run_abe_1 ,    1825  ,  1101(*              |              ),891.00, 1228.00, 1825.00, 2143.00, 2631.00
   1 ,    run_abe_8 ,    2078  ,  1221(*              |              ),1411.00, 1554.00, 2078.00, 2628.00, 3286.00
   1 ,   run_abe_16 ,    2093  ,  1191(*              |              ),1455.00, 1643.00, 2093.00, 2805.00, 3666.00
   2 ,     run_teak ,    2723  ,  2213(*              |              ),890.00, 1893.00, 2723.00, 3851.00, 5097.00
   3 ,     run_nnet ,    979664  ,  1047189(--------       | *     -----  ),6173.77, 483207.78, 979664.50, 1290821.42, 1563904.74

Magnitude Relative Error
rank ,         name ,    med   ,  iqr 
----------------------------------------------------
   1 ,       run_lr ,      18  ,    44(*              |              ),-6.56,  7.84, 18.76, 43.44, 85.63
   1 ,     run_nnet ,      62  ,   199( *             |              ),-100.32, -100.25, 62.48, 99.32, 99.78
   2 ,    run_abe_2 ,      69  ,    30(-*             |              ),44.27, 58.30, 69.46, 82.31, 119.06
   2 ,   run_abe_16 ,      77  ,    51( *             |              ),55.92, 65.73, 77.07, 104.95, 136.59
   2 ,    run_abe_4 ,      79  ,    24( *             |              ),53.88, 69.92, 79.70, 90.12, 112.31
   2 ,    run_abe_8 ,      84  ,    29( *             |              ),54.93, 70.88, 84.56, 89.09, 129.80
   3 ,    run_abe_1 ,     118  ,    64( *             |              ),68.99, 90.24, 118.60, 146.79, 176.61
   4 ,     run_teak ,     149  ,   408( *-------------|              ),62.95, 88.74, 149.90, 234.90, 2186.54

Pred-25
rank ,         name ,    med   ,  iqr 
----------------------------------------------------
   1 ,     run_teak ,       0  ,    14(*   ----       |              ), 0.00,  0.00,  0.00, 14.29, 28.57
   1 ,    run_abe_8 ,       0  ,    14(*   ---        |              ), 0.00,  0.00,  0.00, 14.29, 25.00
   1 ,   run_abe_16 ,      12  ,    25(---*----       |              ), 0.00, 12.50, 12.50, 14.29, 28.57
   1 ,     run_nnet ,      14  ,   100(    *          |              ), 0.00,  0.00, 14.29, 100.00, 100.00
   1 ,    run_abe_4 ,      14  ,    13(--- *  ----    |              ), 0.00, 12.50, 14.29, 25.00, 37.50
   1 ,    run_abe_1 ,      14  ,    14(    *---       |              ), 0.00,  0.00, 14.29, 14.29, 28.57
   1 ,    run_abe_2 ,      28  ,    28(   -    *  -   |              ),12.50, 14.29, 28.57, 37.50, 42.86
   2 ,       run_lr ,      75  ,    14(               | ---- *  ---- ),57.14, 71.43, 75.00, 85.71, 100.00
