395,567
374,813
3148,1636
190,470
11719,5024
1028,1023
7490,4729
237,695
2971,3149
1916,1570
1249,1256
16042,5492
8227,3223
7824,3480
3566,3258
7263,4374
212,443
1238,1037
687,632
2321,2799
1278,1438
7060,4728
440,428
1984,2059
1930,1624
729,1571
2446,2497
10200,3539
2999,1786
929,1209
5732,2940
4504,2631
817,1250
4150,1981
4164,2475
500,532
6138,2521
1121,2038
448,963
14520,6738
4158,2072
3800,2576
640,1580
1167,1256
2836,1782
54620,20384
1262,830
903,992
2540,3772
780,1971
3500,2099
5242,2919
2387,2832
950,550
3133,1512
1061,2177
4622,3579
1134,1424
3437,2763
15165,5215
5333,4327
3214,2170
352,1175
2941,1793
1035,1467
9094,5320
619,1256
498,1404
883,2047
1434,2160
3655,3193
246,588
1158,1725
8702,4600
570,462
1704,3001
2108,3339
1532,1796
526,1025
941,1564
1451,843
7575,15941
26,321
3322,2030
553,624
1741,3325
358,438
3762,2700
601,722
911,723
10222,5565
2112,2497
1017,896
2385,1815
2684,1945
1126,1409
700,1774
191,2181
1644,1932
3877,2348
1525,1407
3006,3503
300,486
676,721
183,337
668,709
705,941
32760,16137
1293,875
281,1570
2683,1942
1265,1903
2933,1790
1607,2627
176,642
784,948
2835,2513
540,1402
3612,1392
3431,2035
380,4011
3193,2607
3646,2240
5639,3823
720,1031
631,1934
2552,3830
2326,2079
5196,3424
28855,15383
25217,14211
736,1755
16921,12374
1788,3101
2109,2286
1661,1500
129,418
17607,7301
16788,6742
646,808
1007,2029
481,420
406,677
7505,3785
5053,1685
1171,1156
7762,3291
2002,2497
566,1146
2019,1976
252,825
742,812
25401,9152
943,977
8549,3520
1514,908
281,1471
4112,1646
665,975
2988,3037
1785,1067
3630,2289
2994,2497
239,2296
286,436
871,673
22920,7214
5432,3657
247,823
4723,3276
584,1021
2597,4260
893,1416
34085,10831
499,703
440,1495
13130,4744
683,828
1101,1716
338,2921
5400,3764
8470,3133
5532,3199
114,1186
408,1385
1211,1599
6068,3419
801,521
334,471
774,826
4800,3842
500,565
976,1350
3372,4937
973,657
2496,4037
2400,10931
486,556
564,1305
5533,5807
2532,1735
580,2914
3238,1528
2054,3039
220,856
1464,765
893,874
770,470
6821,4917
225,423
354,1464
2038,1352
1186,1426
1039,1324
1829,3606
2027,4007
410,873
2450,1984
252,409
8663,5299
2347,6091
349,879
6844,3877
2553,5020
5103,3083
2082,1799
803,914
1139,897
201,680
400,734
1786,1122
528,1694
2856,2675
2672,1371
2362,1540
605,1443
3191,1758
4086,3918
246,397
2515,5941
2333,1255
450,693
2974,3950
436,706
2185,1405
3503,4812
1200,2581
1817,1443
1333,1724
3711,3637
117,792
1243,1133
5841,2934
5597,3373
43303,17318
3532,2184
19699,8849
2566,1810
3995,6998
2435,1509
1073,4282
1210,3494
27000,15402
1584,3137
1853,2872
5800,3468
3434,3560
3585,5760
2395,1147
13528,7381
2600,1643
1076,3822
300,770
140,602
1049,1764
26408,13018
1634,1471
145,1195
2459,1094
16560,6321
1417,2988
1775,1799
305,508
1248,2036
7443,5176
2520,2101
249,811
387,967
1396,1671
7091,3865
296,3801
3348,4034
812,1505
8046,3067
8740,4604
1869,3257
976,969
80,512
6416,5677
4416,1831
2310,1092
8716,4046
10942,5896
136,415
417,645
569,1005
534,1172
5727,2426
16357,7894
686,1892
752,1836
21014,12042
778,1781
392,979
3189,2938
2551,1416
563,1337
4945,8211
1896,2629
2064,3212
1754,1540
3287,1832
3853,6525
2391,1287
3219,1754
1313,1868
2521,3541
2360,1395
1244,1408
4301,1686
1223,3621
3677,4046
211,2551
591,1126
1393,1137
140,1257
148,471
667,1794
311,499
1080,1469
503,985
399,496
3675,5639
1724,1618
997,2183
9720,7286
597,1549
49034,17419
14938,5056
198,537
3546,949
3201,2173
25482,13763
1238,1451
470,597
2306,1169
1823,1884
2299,3455
701,579
909,774
2604,2292
600,1893
3303,4454
1686,1272
4054,2031
562,581
477,533
937,1452
544,715
764,1257
5482,3152
601,540
3088,3380
1001,1031
170,1624
293,710
1694,1781
4019,6639
5864,3519
4695,2514
4947,5363
9409,5234
827,1834
560,583
2933,1825
1404,2475
454,925
763,1058
2890,2818
25054,10775
13919,6281
328,577
2244,1198
2791,3405
2430,2386
1694,1193
1668,1535
241,590
2445,3263
344,931
2565,1262
3748,2752
2184,1773
3368,1474
579,758
11388,4152
29399,13642
285,2927
4630,2635
391,850
494,473
12551,4678
2508,1298
4266,8916
6765,5482
1557,1363
4867,3373
7459,2963
4900,3960
11045,4132
13752,7587
776,796
3638,3511
1482,1859
1538,3116
1801,2629
1383,1519
2741,743
594,1558
2014,650
471,1617
1727,1191
1251,1661
341,911
6063,3214
3703,1623
5650,3436
1050,726
2952,2594
1939,2086
2040,1614
9296,2746
2640,1716
702,591
4551,2594
1358,3186
906,435
404,457
11490,5994
4955,2219
442,1270
1362,1345
992,2248
204,480
5757,2319
789,820
3344,3552
5876,2582
3981,1262
33028,13321
2533,1515
1586,503
5078,2102
691,1465
329,697
2194,2304
8706,4414
1440,1383
2078,3302
10080,4228
2088,2209
2639,1202
3132,5585
1708,1277
4815,1281
7816,4957
915,2336
762,3725
3234,1593
15039,4847
899,2485
8111,4954
667,1539
617,969
1213,1226
10398,3630
1817,3495
2542,1385
1512,1094
16179,5365
89,501
1579,1752
2738,4649
36046,11950
22500,6938
483,670
3986,2806
338,856
1246,2639
349,952
498,1930
212,481
129,447
2002,3047
2835,2518
2310,1265
1708,1364
2306,1063
3148,1199
80,478
691,1916
591,884
665,672
183,390
380,2910
601,766
3762,3840
499,606
1238,982
4112,1683
2941,1831
300,625
1080,1848
683,573
417,665
1200,2608
600,1807
2566,1883
1293,1081
2988,3679
646,715
778,1597
580,3055
883,2055
338,1128
2565,1867
6138,2377
540,1538
1211,2313
736,1352
2088,2730
25482,14153
4945,6293
2387,3089
5482,2763
503,1023
2738,4368
1243,1387
3532,2897
700,1878
2078,3209
701,717
5078,2875
442,1356
6063,3330
3006,2921
9094,2754
1512,908
1396,2302
190,598
2385,1868
2639,1445
1440,1621
387,1156
2321,3415
8702,6294
471,2030
2600,1874
2890,2741
1417,2185
1186,1271
617,950
1482,1813
281,1966
5597,3304
22500,6493
252,470
4815,1528
3238,2182
5639,3725
601,867
817,1232
2553,5104
1139,1068
1121,2015
400,688
702,593
211,2403
667,1479
2446,2630
4158,2851
4900,2914
1244,1175
89,593
893,1514
486,784
16179,6281
22920,7036
1028,919
584,1235
328,476
579,634
2326,2071
1869,2863
5841,4284
1210,2998
2400,13830
1249,1392
1724,1767
5400,5729
2445,1797
3748,2640
801,617
528,1374
3981,2020
903,1071
4504,3184
338,3545
241,557
500,544
21014,12320
6765,4802
3612,1315
560,781
1434,2063
311,429
5103,2964
2435,2296
11045,5452
1134,1438
329,637
16921,11173
2952,2642
2994,2258
562,570
399,488
1694,2134
296,3392
5727,2500
406,644
2856,2158
352,789
5196,3494
5732,3210
2532,2023
4054,2389
687,827
3201,2040
2064,2555
1073,3434
937,1826
5532,3145
2552,4382
2082,1691
570,450
34085,12917
4019,6530
2496,3654
4695,2478
2109,2540
1167,1305
569,1159
198,626
1464,807
1668,1486
7816,5830
5432,3874
1916,1670
117,995
667,1591
374,605
1050,1537
5242,3799
871,706
4723,3413
899,1999
1801,2299
2791,3052
10222,6060
7263,3707
1223,2600
43303,12743
2974,3189
1362,1270
1584,2725
3234,1672
454,724
28855,17773
1823,2126
2515,5623
1001,1269
742,956
2450,1987
148,540
534,1288
7443,5248
2194,2027
803,816
5650,3114
1853,3285
2672,1553
566,988
114,1303
500,510
3546,1552
27000,11472
2604,2100
3566,3071
1607,1885
812,1346
1984,1912
1007,1794
1930,1361
2933,1947
3646,2008
36046,13021
8470,3312
239,2253
676,777
1049,1903
404,574
1076,2210
201,528
13528,6966
140,1398
640,2509
3344,3589
5757,3338
3214,2149
553,519
15165,5308
789,831
4164,1896
1514,1023
136,361
997,1441
1313,1743
8227,3618
3995,4612
8716,5130
1333,1704
33028,13682
176,611
8740,4652
763,1053
3372,5010
597,1320
16357,6203
3191,1735
1126,1214
4955,2800
17607,6899
9409,5802
14520,6163
1451,968
3503,3758
2244,1145
2542,1635
440,517
564,1158
2999,2155
10200,3290
470,564
764,1155
976,1343
1213,1243
2038,1311
483,725
915,2293
1634,1509
10080,5444
976,1217
1251,1508
5053,1800
526,850
391,776
720,1035
7505,4254
54620,18306
246,660
13130,5522
249,571
780,2189
2391,1273
893,739
1404,2417
1896,2739
2362,1633
8549,4427
3585,5297
3431,2050
3437,2773
145,1398
140,435
4622,4011
1644,2542
1278,1708
2108,3528
594,1087
1393,1002
1786,827
1383,1415
8663,4185
25054,9634
729,1511
204,454
237,708
29399,15833
1661,1437
8706,5080
281,1215
8046,3473
1686,1474
1939,1850
11719,4620
247,740
2112,2644
752,1346
4947,4918
300,497
477,442
1061,2362
3703,1457
943,1050
5533,4334
2683,1720
1101,1749
1586,647
1246,2350
1265,1279
4800,3890
774,657
2836,2075
2551,2058
1788,3699
1775,1591
4867,3514
4630,2252
4150,1864
3348,3501
1158,1690
2640,1690
3088,2812
1017,1038
2014,750
1754,1083
408,674
3877,2002
285,3123
1829,2995
9720,6090
1785,809
2027,3035
3303,4150
2333,1462
3638,4115
354,1749
2185,1418
3193,2282
2360,1230
6416,4918
8111,5133
7762,3303
7575,7687
25217,17000
906,451
2040,1716
2184,1511
1171,682
448,767
3219,2020
440,2050
4301,1140
7824,3676
3287,1623
191,5094
2508,1174
3133,1377
544,545
1262,621
4266,6876
3434,3212
1358,3433
7459,3168
2597,5796
26,279
1238,3188
1704,3562
3322,1223
436,688
3986,5359
5333,4316
1525,1584
1035,1112
25401,8251
4551,2462
619,1227
973,1044
11490,5717
1741,3763
341,1089
2395,1398
2347,5835
494,542
941,1471
2520,2019
26408,13398
450,597
686,1501
2540,3820
3711,3410
32760,14485
286,481
13752,7073
631,1612
246,336
3675,5449
358,556
605,1521
3655,3179
392,918
5864,3531
9296,3762
4086,3156
992,1875
395,631
4416,1988
827,1436
1248,1923
668,988
6821,4016
2971,2686
563,1559
293,694
776,843
1538,2991
12551,4026
334,614
16560,3831
1039,1430
7091,3574
929,1176
7490,4191
5876,2930
2933,1835
950,681
410,863
3677,5082
3630,1298
481,475
220,793
19699,7030
3189,2637
16788,5804
1817,4095
3132,4080
344,931
13919,5466
770,547
909,825
2430,2206
911,912
7060,3883
10942,5564
252,792
1817,1579
2521,4538
10398,2531
1694,1198
170,1352
1579,1734
14938,5101
2684,2393
762,4223
1727,1382
2741,696
2299,3822
3368,1900
15039,4213
225,450
5800,3376
2533,1536
2019,1973
49034,15484
1532,3100
305,561
784,618
3853,5430
2459,839
11388,4489
6068,3817
2054,3118
16042,4425
705,808
6844,3668
1557,1380
3800,2543
3500,1902
3877,2750
2988,3102
380,3340
4551,3059
2002,2882
2604,2653
2533,1593
705,931
246,713
3566,3374
1896,2719
477,567
49034,17127
1383,1506
1121,2086
28855,19580
27000,13365
4416,1819
1538,2821
328,600
4955,2684
329,751
1801,2879
2741,1004
700,1786
1557,1346
311,459
3348,3908
1101,1627
3201,2378
454,844
7443,5120
170,1654
13919,6189
691,1563
1440,1530
2064,3233
1482,1846
2435,1722
148,485
5757,3231
503,1094
281,1637
7263,4193
1525,1588
442,1649
436,889
640,2672
5400,3949
1223,3119
619,1411
440,2016
780,2076
16560,5769
801,657
4723,3198
2553,5467
1158,1719
2835,2739
3748,3016
2078,3140
5482,2335
374,758
5597,3490
1775,1890
395,768
114,1704
1246,2994
300,616
16921,12345
601,889
5876,2976
2391,1104
4164,2097
12551,6327
1817,1866
701,582
145,1536
3322,2121
25401,8213
4086,3981
6416,5064
1661,1804
1634,1799
8702,4602
1293,1080
417,651
2542,1313
25054,10276
601,786
2532,1642
3986,3466
687,470
344,942
2014,553
140,1536
1984,1839
400,691
1238,843
1238,1438
5053,1470
220,913
15039,5199
1607,3086
2971,3090
2088,2183
2445,2673
3193,2594
3655,3231
5432,2509
17607,8513
249,870
883,2026
3677,4273
594,1558
3995,5662
1167,1330
239,3325
440,489
1333,2559
778,1808
4945,6032
2974,3442
1532,3574
943,613
21014,12983
605,1185
591,1239
937,1555
992,1909
212,565
7575,9906
247,713
1754,1485
1393,881
915,3642
198,845
10080,4557
2038,1509
1251,1738
3006,2929
528,1922
1171,940
448,911
1686,1482
5532,3281
929,1233
4019,6929
3189,3252
2508,1361
5196,4701
544,739
7091,4450
358,616
293,671
973,506
1579,1741
646,667
2360,1303
950,650
9720,6551
729,1600
789,759
597,1536
481,346
1512,1194
1049,1903
899,2178
1080,1831
3853,7365
8111,5003
201,710
774,824
752,1779
1916,2061
6765,4837
3500,2067
1139,955
2597,4127
2299,3824
8046,3413
2184,1600
2112,2383
7490,5019
3503,4263
5864,3570
580,2982
204,470
1396,2092
354,1599
7824,3720
43303,16191
500,483
3344,3461
736,990
2108,4038
976,1468
3088,2693
2362,1757
2321,2641
2551,1539
1050,1325
562,663
1213,915
25482,14387
2640,1492
483,1246
3234,1392
117,804
911,743
8716,4349
286,546
1035,1774
1829,2364
237,731
2600,1819
305,541
404,613
190,449
2565,1154
570,546
1451,936
10222,5178
5533,4305
4150,2168
2430,2200
392,1205
2890,2559
817,1413
5078,2284
3981,1982
387,1325
3630,1776
16042,4831
1741,3743
352,927
2019,1727
3703,1954
80,459
2400,11355
1788,3137
5333,3018
4301,1797
16788,6804
871,681
617,1195
2446,2662
3646,2304
14938,4961
1007,1961
4266,6980
720,1272
5727,2339
5650,3551
997,1824
16179,6338
13528,6885
1708,1417
676,659
296,3198
2738,3615
2520,1703
4158,2996
2994,2205
1243,1227
2082,1632
338,2775
1265,1756
33028,17408
3800,2796
893,1333
4815,1406
600,1668
391,909
2933,1695
2684,2146
1704,2980
2999,1617
4800,3907
285,2777
2385,1678
8740,4929
2040,1400
8470,3241
9296,3458
534,1615
4947,4658
3148,1218
281,1381
3219,1868
4504,3077
2109,2371
7505,3954
1823,2018
7060,3819
11045,4601
500,531
4630,2892
2941,2120
1073,2381
553,619
2310,1081
16357,7047
22500,4578
191,3219
36046,10833
300,608
5800,2500
2552,2982
26408,9726
8663,5311
2515,5551
252,785
584,1171
3132,6096
3434,3197
25217,14126
1434,1963
1817,3381
827,1457
2496,4391
1464,732
3638,4598
526,978
1028,1540
6063,3018
566,1058
1939,1614
5841,2379
1417,3181
6138,2122
241,663
3532,2126
667,1178
2326,2148
19699,7629
2856,2170
3133,1226
5103,2734
1017,858
1785,936
341,822
8549,4484
334,471
410,732
3287,1589
4112,1658
1694,1285
6844,3604
3612,1315
2683,1730
4867,3009
471,1742
211,2008
498,1674
499,739
1694,1477
2027,3357
2521,4361
909,778
136,378
2395,1230
246,365
8227,3649
686,1370
10398,3521
784,550
399,585
406,590
1786,1238
941,941
34085,10946
10942,5470
3368,2071
1076,3243
2387,3211
4695,2549
5242,2673
225,386
3238,1202
3431,2055
29399,12312
2836,1829
26,357
812,1545
486,707
4054,1806
1724,1497
976,1321
1869,2631
3303,4954
349,748
11490,4141
1404,1836
15165,3952
1244,1334
9409,3712
450,738
89,591
1061,2610
3546,1708
2540,3186
2952,3049
776,668
3437,2601
183,370
1249,1179
893,589
3372,5474
3214,2115
1001,672
540,1542
770,491
5732,2801
3191,1720
54620,21997
2933,1543
1586,731
762,3793
6068,4478
668,696
7762,3258
1134,1283
5639,4092
1248,2087
564,1082
1358,2921
631,1638
11388,4894
494,454
9094,6527
2791,2472
903,1268
2054,3283
13752,8147
14520,4652
470,446
140,385
3762,2639
1262,726
2639,1205
10200,3253
560,668
906,447
742,598
7816,7099
8706,4704
32760,16819
1039,1187
2333,1215
803,896
4622,3626
7459,3252
1644,2168
667,1552
6821,4601
1668,1802
563,1514
4900,5810
1126,1385
1362,1122
1186,1323
579,621
2347,5041
569,704
2459,1044
1930,1600
763,1042
2244,908
1584,2646
2672,1641
1727,1238
2450,1829
665,899
1278,1608
683,430
1200,4347
702,527
2185,1388
252,442
2566,1714
129,419
3675,4879
176,489
1853,2466
22920,8474
3711,3658
11719,5734
1210,4316
1313,1842
408,652
1514,862
1211,1631
13130,6949
3585,5388
2194,1700
2306,1140
338,827
764,920
10222,4886
584,1129
9296,2952
1930,1824
1396,1665
293,712
3238,1818
4164,2283
770,636
4112,1632
25482,14282
5400,4213
1817,1374
1134,1398
1788,3540
1243,1084
13130,3510
6068,2300
579,742
526,947
204,525
3675,5050
1200,2452
2054,3015
1482,1788
6138,2436
1869,2569
973,529
909,657
1211,2022
2683,1575
3585,5526
16179,4868
13528,5958
5650,3604
380,3026
4800,4212
3133,1346
500,554
3532,2527
49034,17341
400,614
3088,2748
1741,4150
1754,1196
950,527
1050,827
300,518
801,712
2088,2231
3981,2355
3303,4928
563,1331
5597,3188
667,1196
569,991
305,502
1017,881
3986,3319
296,3246
3655,3140
3191,1777
3711,3080
25401,8434
1532,4153
2306,1002
486,789
1126,1362
591,802
883,1701
14520,2762
3148,1131
2027,3837
893,664
2108,3990
170,1640
2542,1039
2600,1673
9094,3177
3219,1868
2604,2089
1333,1856
3189,2953
252,429
10080,4379
354,1657
4695,2446
5078,2262
16560,4707
4266,7858
2430,2387
1039,1445
201,542
1801,2803
404,560
481,372
7060,2199
10942,5924
2014,705
349,690
702,747
8227,4162
5757,2452
1278,1809
2400,7256
1694,1449
1362,1298
7091,2634
22920,8198
564,1441
3503,4193
1817,3625
16788,5961
1853,2626
560,738
28855,17564
34085,12605
2064,2519
2333,1749
6416,5475
334,541
7505,4164
5841,3549
776,848
22500,4699
736,1675
778,1533
33028,15568
1584,2926
1823,1892
190,452
9409,5340
3287,1977
742,940
5482,2552
7816,5503
1249,1301
1434,2310
871,607
1251,1550
7263,3821
148,556
1210,2965
220,884
1035,1790
812,1614
5732,2986
1223,3195
601,948
7824,3269
8740,4410
4945,5870
762,4141
3800,2761
597,1147
3214,1432
1440,1613
2185,1510
1001,1294
27000,13964
2112,2921
8549,2774
4551,3412
1661,1595
1586,804
311,404
498,1549
2994,2722
780,1851
5196,4553
374,687
2890,2150
2672,1882
2988,3044
7762,3156
686,1170
2532,1969
241,598
11719,5167
3638,4397
2038,1420
566,1056
3434,3344
5876,2698
1775,1585
2299,3312
129,507
80,485
7459,2889
16357,7485
4630,2634
329,685
1121,2077
1404,2300
26408,10893
2184,1582
246,545
3437,1974
285,2650
646,788
11388,4361
5800,3470
1607,2665
729,1691
3677,5213
1139,911
43303,16800
8470,3985
2385,1832
899,2257
1634,1307
1724,1667
3368,2037
4900,3863
2109,1939
976,1209
2553,4653
25054,9926
1451,903
534,1305
477,524
640,2920
701,645
1829,3431
1785,1180
281,1622
239,3080
1101,1732
399,586
2450,1596
976,1168
1896,2853
594,1531
784,703
2565,1900
8702,4862
117,830
4815,1780
752,1894
911,829
5333,3294
2446,2563
540,1354
553,726
7443,5362
1358,3256
252,724
4150,1848
2040,1623
338,3319
2933,1917
3877,3073
358,562
36046,14598
300,680
1238,1110
3703,1713
1171,931
191,4574
774,853
2999,2096
2836,2052
929,1303
2362,1622
1262,687
5053,1416
8663,4433
15039,6086
600,1832
1644,2156
1313,1717
1704,3371
617,1102
19699,7222
352,1059
2835,2416
454,888
436,698
3344,3456
32760,14609
2521,4576
2395,1220
544,576
2552,3861
943,522
763,1294
2078,3209
2435,1614
176,636
4867,4016
2194,2305
1708,1419
212,506
29399,16390
2347,4830
1512,1243
3853,6751
2551,1278
3748,2608
1538,3320
2597,3824
9720,5121
2741,1337
471,1844
13919,5567
140,475
915,3094
1694,2135
1238,971
4622,3580
16921,14431
1073,3067
17607,8217
1916,1453
803,744
1248,1954
16042,4775
4086,3616
2738,3526
1007,2281
3234,1538
225,434
1080,1731
2952,3264
1417,2099
494,449
3193,4539
391,747
395,648
2533,1742
5532,3634
211,2244
2019,1863
903,1107
2459,1189
3132,4602
392,893
54620,19265
328,820
2496,4484
665,759
14938,5926
448,810
2971,2443
1213,1132
1158,1942
89,430
941,1845
4301,2243
827,1464
2974,3399
764,1220
1244,1115
2387,2659
5727,2670
1786,1030
705,733
3322,1731
1393,783
145,1441
3566,3282
817,1350
2326,2299
3612,1163
2791,2959
4504,2515
6063,3018
11490,6390
4054,2323
2684,2290
140,1441
470,605
683,625
789,729
406,654
440,1737
3646,2555
4723,3847
1265,1687
4955,2756
1246,2416
528,1732
2566,1751
3201,2175
1061,2322
13752,7022
687,630
417,516
249,629
26,330
1076,3265
2445,2744
344,888
4158,2259
4947,4602
442,1543
992,2077
676,831
2391,1417
114,1115
1984,2064
3372,5304
893,1542
286,384
720,1031
3500,2190
7490,4074
605,1461
499,698
2508,1304
2856,2294
483,836
3006,3493
6765,4530
3546,1327
1167,1353
1727,1242
1939,2075
906,516
1514,978
3762,3506
8046,4371
562,536
21014,13740
281,1381
500,558
136,333
1186,1634
937,1746
691,1757
10398,3717
6844,3511
4416,1725
440,417
570,517
3431,2085
3348,3000
15165,4851
450,631
408,665
1579,1976
237,622
387,826
668,810
5103,3096
1293,924
7575,8963
1049,1837
2941,1711
10200,2804
8111,4953
2002,2529
2520,2953
580,2417
1686,1411
2310,887
6821,4539
410,631
3995,5675
1525,1695
1383,1830
5533,5757
503,736
25217,15246
5639,3485
2244,1241
631,1600
1028,1397
2933,1674
2540,4185
5864,2384
5242,3313
2640,1726
601,667
2321,2907
5432,3633
183,366
2360,1460
1557,828
619,1220
2082,1793
11045,3999
4019,6708
1464,692
246,364
198,648
247,752
341,852
1668,1303
700,1637
8716,4454
667,1712
2515,5273
8706,3935
12551,5713
338,872
3630,1954
2639,1197
997,1611
1482,1527
7575,13218
477,372
4695,2810
136,335
4622,3849
2064,2442
2552,4122
285,2428
5732,2852
471,1880
2002,2556
1073,3380
1126,1170
2040,1783
241,508
4723,3560
1238,1499
2521,3879
1817,1475
1464,585
8716,5038
470,566
170,1641
1001,748
4416,3459
329,773
943,568
25401,8618
198,553
54620,19007
498,1716
1211,1946
22500,12022
2496,4515
417,509
903,1111
3877,2231
2244,830
486,714
3566,3138
3431,2210
4086,3899
2540,4727
1265,1500
16179,7359
503,845
803,835
2639,1275
220,626
2553,3890
7762,3158
5597,3903
5533,4929
117,698
640,1998
5333,5023
374,756
387,1074
3503,4366
3132,5441
190,507
1393,1004
1049,1767
776,767
1823,1699
4164,2443
2310,1161
191,3494
770,416
601,811
2508,1274
3219,1853
9094,5832
338,1042
354,1732
5482,2844
1584,2658
5532,3681
140,459
406,576
1061,2081
4955,2920
201,519
526,940
667,1808
2738,3641
1007,2250
239,2210
729,1693
442,1323
1186,1286
1139,1075
3148,1681
7490,5109
992,1943
12551,5594
49034,18212
973,479
1512,1141
448,980
436,828
1171,904
3748,2829
762,3405
281,1701
1134,956
3500,1797
3703,1917
5103,3606
534,1237
1984,2240
1293,1015
36046,14493
1916,1754
1158,1818
237,828
3434,3764
3762,4128
8111,5230
13130,4811
2019,1894
691,1468
19699,8154
247,851
6765,3916
2604,2560
2445,2934
1050,814
812,1804
1694,1115
4551,3045
338,3714
281,1942
344,867
1668,1889
4947,5448
2994,1941
13919,6005
1249,1322
5757,2571
1694,1693
22920,6676
296,3533
358,598
2640,1882
148,502
686,1831
11719,4194
5727,2301
2683,1991
915,2595
204,500
553,454
1939,2010
2395,1278
27000,13742
440,1883
736,1054
1727,1077
1579,2091
2551,1147
2082,1738
483,827
2532,1939
3677,3875
5053,1298
997,2015
2027,3770
176,548
2109,1608
499,678
1538,2967
1251,1789
10942,6127
2450,2040
3303,4312
1785,1223
43303,15776
1039,1419
1661,1682
211,2694
1607,2917
395,851
2112,2849
883,1890
1396,2222
11045,4813
1080,1835
4150,2025
563,1435
7816,5351
7443,5172
246,725
569,1162
1440,1322
3546,1010
617,1254
2321,3230
1853,3126
778,1463
4019,5698
5650,3721
1896,2432
3437,2617
1586,639
391,832
2185,1435
17607,7500
2856,2939
11388,4125
2974,3141
4266,9516
454,873
619,1132
3193,2609
2672,1595
481,408
2014,653
2459,1022
665,698
7263,3508
5639,3837
774,716
668,763
252,890
1246,2422
145,1178
8702,5121
11490,5017
4301,1793
5876,3344
705,1167
10398,2605
3368,1576
1200,2289
929,1324
10222,4248
789,728
7091,3661
1514,888
3585,4844
3675,4731
2890,2433
909,763
2108,2884
1278,1517
494,475
1775,1785
25054,8163
1213,1609
1223,3384
13752,7899
2054,3596
3189,3118
1434,1870
3006,2545
1708,1044
293,661
2430,2136
16560,4729
3214,1497
817,1360
560,704
3234,1723
7060,2977
2326,2789
7459,3101
500,432
2988,3088
683,664
2038,1473
3800,2423
252,437
1313,1789
8227,3743
544,468
6416,5026
2565,1324
1869,2861
16042,5026
8549,2981
1244,1177
700,1629
2333,1419
1358,3234
3133,1405
827,1604
5196,4590
352,1088
14520,4198
1028,1433
5432,2846
15039,5320
976,1226
1076,2579
34085,14218
566,1133
4630,2291
1417,2164
4867,3947
600,1875
763,1057
10080,4967
3986,4952
2533,1584
2741,791
2306,1352
580,2981
1525,1653
702,581
328,579
400,637
26,495
2184,1425
5800,2499
311,490
1829,2993
3532,1803
1262,737
183,534
1017,1018
4945,6194
899,2092
2542,1267
4504,2032
7505,2358
286,496
1557,1250
676,854
3711,3828
8470,3093
5864,2395
1724,1463
5400,2684
404,517
3322,1684
941,1262
1167,1303
305,513
1404,2246
1333,2136
3655,1839
129,527
1210,3222
591,989
1121,2161
4800,3906
300,554
2684,2294
893,707
450,759
2194,2154
2435,1693
1644,1967
2446,2251
8706,4127
3348,2781
950,714
1817,3907
410,719
21014,12146
911,890
2971,2903
3981,3667
2597,3375
2078,2251
6068,3902
246,424
8046,4541
9720,6133
1248,2033
28855,16815
2360,1324
9409,4749
3344,4143
3238,1219
1532,3036
25217,16045
976,1260
341,978
631,1519
3630,1506
300,531
114,1012
2566,1890
225,485
80,514
2362,1565
2941,1657
1704,3158
720,1164
26408,11995
15165,5464
564,1379
29399,15132
2347,4852
1383,1770
2387,3033
3287,1714
871,698
801,591
500,555
937,1728
3201,2311
906,395
1801,2311
2835,2485
6138,2390
1741,3387
2088,2287
2391,1224
1035,1749
2400,11738
2600,1813
646,713
764,1126
597,1164
1686,1523
893,1559
2933,1300
784,785
6844,3403
380,2049
13528,7337
33028,15909
440,521
667,1560
1788,2837
3612,1063
1362,1073
16357,7022
6063,2983
1451,960
780,2358
392,846
3995,4983
14938,4770
579,710
4158,2988
2791,2919
570,514
140,1313
752,2134
2933,1840
2836,1860
2385,1777
32760,15373
3853,5996
8740,4412
5078,2200
5841,4403
3646,2397
701,581
3638,4377
1101,1505
9296,4023
349,695
2952,2520
540,1437
8663,5343
2299,3450
5242,3525
594,1105
1786,1353
605,1917
25482,13939
4054,2922
399,552
408,1354
528,1902
7824,3148
584,1010
249,716
1634,1736
687,808
6821,5208
1238,946
212,568
3191,2200
3372,5728
562,473
1930,1649
4112,1792
2999,1338
1243,1294
89,432
1754,1332
16788,8203
601,844
3088,3073
16921,11207
742,1054
4900,3282
4815,1577
10200,2882
334,563
2520,1990
2515,5529
