130.3,136.025
1107.31,199.475
287,199.475
82.5,93.3
69.9,164.775
336.3,442.2525
23.2,92.2
116,203.05
246.9,176.65
86.9,198.0
230.7,121.1
157,121.1
72,80.725
84,98.25
258.7,207.375
230.7,121.1
86.9,198.0
157,121.1
82.5,147.05
72,139.975
23.2,114.55
130.3,133.4
69.9,150.2
287,155.425
84,77.0
1107.31,253.075
116,243.05
246.9,140.975
336.3,410.1525
258.7,155.05
1107.31,217.4
69.9,129.1
258.7,207.375
116,242.225
246.9,215.825
130.3,178.775
230.7,154.55
86.9,198.0
72,80.0
84,78.1
82.5,78.1
287,167.375
23.2,92.2
157,172.975
336.3,442.2525
336.3,410.1525
246.9,140.975
258.7,155.05
23.2,92.2
230.7,155.275
287,167.375
86.9,153.95
72,123.675
84,98.25
69.9,150.2
130.3,187.15
1107.31,249.5
116,203.05
157,117.05
82.5,93.3
287,210.325
86.9,166.275
84,77.0
336.3,442.2525
23.2,92.2
230.7,155.275
69.9,164.775
72,95.925
157,172.975
1107.31,206.55
130.3,143.1
258.7,246.55
246.9,176.65
82.5,93.3
116,203.05
