13635,1874.25
3319,1874.25
1631,1874.25
1143,1874.25
4115,1874.25
380,1874.25
593,1874.25
1173,1874.25
718,1874.25
2223,1874.25
2634,1874.25
6607,1874.25
324,1874.25
2265,1874.25
1428,1874.25
5816,1874.25
669,1874.25
580,1874.25
1252,1874.25
2570,1874.25
1557,1874.25
2895,1874.25
988,1874.25
676,1874.25
1113,1874.25
583,1874.25
2860,1874.25
2591,1874.25
1079,1874.25
3189,2833.75
5249,2833.75
652,2833.75
5359,2833.75
8600,2833.75
570,2833.75
887,2833.75
2356,2833.75
12646,2833.75
3555,2833.75
4494,2833.75
3483,2833.75
955,2833.75
1304,2833.75
718,2833.75
1532,2833.75
2393,2833.75
1722,2833.75
1388,2833.75
1832,2833.75
1328,2833.75
990,2833.75
3088,2833.75
989,2833.75
5927,2833.75
219,2833.75
630,2833.75
4414,2833.75
1413,2833.75
502,447.0
5456,447.0
15673,447.0
1432,447.0
3050,447.0
1003,447.0
1742,447.0
995,447.0
2972,447.0
286,447.0
2172,447.0
2037,447.0
220,447.0
322,447.0
928,447.0
113930,447.0
896,447.0
3966,447.0
7649,447.0
3504,447.0
1877,447.0
2170,447.0
763,447.0
1737,447.0
321,447.0
750,447.0
1455,447.0
339,447.0
1884,447.0
557,7902.5
892,7902.5
1318,7902.5
4009,7902.5
6307,7902.5
485,7902.5
1066,7902.5
585,7902.5
2029,7902.5
5094,7902.5
1280,7902.5
4068,7902.5
726,7902.5
1940,7902.5
1650,7902.5
570,7902.5
313,7902.5
1016,7902.5
5927,7902.5
1584,7902.5
693,7902.5
1698,7902.5
1431,7902.5
3826,7902.5
2964,7902.5
2203,7902.5
8509,7902.5
4824,7902.5
1122,7902.5
1860,7902.5
2408,7902.5
254,7902.5
1693,7902.5
1425,7902.5
2663,7902.5
980,7902.5
1401,7902.5
437,7902.5
1868,7902.5
654,7902.5
1660,7902.5
1040,7902.5
464,7902.5
2224,7902.5
1832,7902.5
5646,7902.5
5192,7902.5
1939,7902.5
2480,7902.5
302,7902.5
655,7902.5
8656,7902.5
698,7902.5
1159,7902.5
1024,7902.5
1576,7902.5
874,7902.5
322,7902.5
570,14159.5
990,14159.5
1940,14159.5
6307,14159.5
3966,14159.5
980,14159.5
219,14159.5
1557,14159.5
989,14159.5
2356,14159.5
339,14159.5
1328,14159.5
380,14159.5
2964,14159.5
2408,14159.5
5646,14159.5
1693,14159.5
1455,14159.5
13635,14159.5
464,14159.5
113930,14159.5
1832,14159.5
286,14159.5
1122,14159.5
1388,14159.5
693,14159.5
2172,14159.5
2170,14159.5
1877,14159.5
15673,1732.5
887,1732.5
302,1732.5
1939,1732.5
1304,1732.5
718,1732.5
3826,1732.5
557,1732.5
2037,1732.5
1024,1732.5
324,1732.5
8656,1732.5
1860,1732.5
1318,1732.5
1576,1732.5
896,1732.5
2570,1732.5
995,1732.5
583,1732.5
322,1732.5
502,1732.5
1650,1732.5
437,1732.5
254,1732.5
1252,1732.5
928,1732.5
7649,1732.5
2029,1732.5
718,1732.5
2972,2750.125
1428,2750.125
988,2750.125
669,2750.125
2591,2750.125
750,2750.125
5094,2750.125
1280,2750.125
2860,2750.125
3050,2750.125
698,2750.125
2223,2750.125
874,2750.125
3088,2750.125
1425,2750.125
322,2750.125
1016,2750.125
1584,2750.125
1742,2750.125
1413,2750.125
726,2750.125
1868,2750.125
585,2750.125
1040,2750.125
4115,2750.125
321,2750.125
4068,2750.125
12646,2750.125
5927,2750.125
6607,303.5
3504,303.5
892,303.5
2663,303.5
4414,303.5
2895,303.5
630,303.5
4009,303.5
570,303.5
763,303.5
2203,303.5
1003,303.5
1401,303.5
2224,303.5
955,303.5
655,303.5
1431,303.5
313,303.5
1066,303.5
220,303.5
1432,303.5
4824,303.5
580,303.5
1832,303.5
3319,303.5
2265,303.5
1143,303.5
652,303.5
5927,303.5
1631,1557.75
1722,1557.75
3555,1557.75
593,1557.75
1737,1557.75
1884,1557.75
1698,1557.75
2634,1557.75
654,1557.75
1159,1557.75
2393,1557.75
1079,1557.75
8600,1557.75
1113,1557.75
3189,1557.75
485,1557.75
5816,1557.75
1173,1557.75
676,1557.75
2480,1557.75
4494,1557.75
5192,1557.75
1660,1557.75
1532,1557.75
5249,1557.75
8509,1557.75
5359,1557.75
5456,1557.75
3483,1557.75
324,1501.5625
1113,1501.5625
1428,1501.5625
2029,1501.5625
5094,1501.5625
887,1501.5625
2634,1501.5625
655,1501.5625
1318,1501.5625
5192,1501.5625
1832,1501.5625
1884,1501.5625
1173,1501.5625
693,1501.5625
2480,1501.5625
1877,1501.5625
1868,1501.5625
12646,1501.5625
2172,1501.5625
2393,1501.5625
2203,1501.5625
1631,1501.5625
1939,1501.5625
570,1501.5625
7649,1501.5625
980,1501.5625
988,1501.5625
1431,1501.5625
15673,1501.5625
557,998.0
6307,998.0
4068,998.0
580,998.0
1079,998.0
339,998.0
1122,998.0
3189,998.0
726,998.0
302,998.0
321,998.0
322,998.0
2356,998.0
718,998.0
2860,998.0
4494,998.0
2170,998.0
1860,998.0
8656,998.0
874,998.0
5927,998.0
2224,998.0
1066,998.0
5359,998.0
5646,998.0
1693,998.0
3555,998.0
8600,998.0
3826,998.0
928,500.0
955,500.0
990,500.0
3966,500.0
4115,500.0
669,500.0
1425,500.0
502,500.0
1650,500.0
1737,500.0
113930,500.0
3504,500.0
485,500.0
1940,500.0
5927,500.0
1280,500.0
1584,500.0
892,500.0
1832,500.0
750,500.0
1304,500.0
4824,500.0
3483,500.0
1159,500.0
630,500.0
1401,500.0
2037,500.0
2265,500.0
3319,500.0
3088,1528.75
1698,1528.75
896,1528.75
6607,1528.75
585,1528.75
2964,1528.75
2663,1528.75
593,1528.75
989,1528.75
1016,1528.75
437,1528.75
1742,1528.75
1413,1528.75
286,1528.75
570,1528.75
2570,1528.75
4009,1528.75
2895,1528.75
2223,1528.75
1388,1528.75
322,1528.75
583,1528.75
5249,1528.75
464,1528.75
1722,1528.75
1328,1528.75
2972,1528.75
1143,1528.75
1455,1528.75
1003,3144.6875
676,3144.6875
5816,3144.6875
1576,3144.6875
8509,3144.6875
1532,3144.6875
1432,3144.6875
13635,3144.6875
652,3144.6875
2591,3144.6875
995,3144.6875
219,3144.6875
4414,3144.6875
1040,3144.6875
1024,3144.6875
1660,3144.6875
313,3144.6875
1557,3144.6875
763,3144.6875
254,3144.6875
5456,3144.6875
718,3144.6875
220,3144.6875
2408,3144.6875
1252,3144.6875
698,3144.6875
654,3144.6875
3050,3144.6875
380,3144.6875
1737,2549.375
1401,2549.375
2029,2549.375
1159,2549.375
676,2549.375
1024,2549.375
652,2549.375
1173,2549.375
887,2549.375
1698,2549.375
380,2549.375
1388,2549.375
989,2549.375
2895,2549.375
892,2549.375
5456,2549.375
1650,2549.375
3966,2549.375
219,2549.375
750,2549.375
302,2549.375
5249,2549.375
2170,2549.375
5192,2549.375
1016,2549.375
1455,2549.375
2265,2549.375
5816,2549.375
1742,2549.375
2408,1362.5
990,1362.5
313,1362.5
1660,1362.5
2037,1362.5
3319,1362.5
1252,1362.5
485,1362.5
2203,1362.5
4494,1362.5
1428,1362.5
718,1362.5
2634,1362.5
2223,1362.5
322,1362.5
1432,1362.5
896,1362.5
2663,1362.5
254,1362.5
1940,1362.5
2393,1362.5
8656,1362.5
5359,1362.5
13635,1362.5
874,1362.5
8600,1362.5
1868,1362.5
5927,1362.5
3826,1362.5
654,1383.125
1631,1383.125
1413,1383.125
5646,1383.125
1860,1383.125
2591,1383.125
3088,1383.125
4414,1383.125
15673,1383.125
669,1383.125
693,1383.125
1431,1383.125
1584,1383.125
4068,1383.125
4824,1383.125
580,1383.125
1576,1383.125
3504,1383.125
585,1383.125
1939,1383.125
570,1383.125
113930,1383.125
2224,1383.125
286,1383.125
955,1383.125
5094,1383.125
220,1383.125
6307,1383.125
1693,1383.125
1066,1838.5
630,1838.5
557,1838.5
718,1838.5
1532,1838.5
2964,1838.5
1143,1838.5
980,1838.5
1832,1838.5
928,1838.5
1280,1838.5
1722,1838.5
339,1838.5
2480,1838.5
1122,1838.5
726,1838.5
583,1838.5
3050,1838.5
4009,1838.5
655,1838.5
2860,1838.5
464,1838.5
8509,1838.5
2356,1838.5
12646,1838.5
1328,1838.5
763,1838.5
1557,1838.5
6607,1838.5
437,1837.0625
324,1837.0625
1003,1837.0625
3555,1837.0625
7649,1837.0625
698,1837.0625
1425,1837.0625
3189,1837.0625
3483,1837.0625
2972,1837.0625
593,1837.0625
1304,1837.0625
1318,1837.0625
570,1837.0625
1113,1837.0625
988,1837.0625
1832,1837.0625
1884,1837.0625
5927,1837.0625
322,1837.0625
4115,1837.0625
2172,1837.0625
1079,1837.0625
502,1837.0625
995,1837.0625
1877,1837.0625
2570,1837.0625
321,1837.0625
1040,1837.0625
1431,3048.3046875
1113,3048.3046875
1455,3048.3046875
322,3048.3046875
580,3048.3046875
2037,3048.3046875
5456,3048.3046875
5816,3048.3046875
652,3048.3046875
2223,3048.3046875
654,3048.3046875
995,3048.3046875
698,3048.3046875
113930,3048.3046875
3189,3048.3046875
669,3048.3046875
2408,3048.3046875
6307,3048.3046875
3555,3048.3046875
2570,3048.3046875
485,3048.3046875
1940,3048.3046875
12646,3048.3046875
1698,3048.3046875
1040,3048.3046875
5094,3048.3046875
655,3048.3046875
585,3048.3046875
1860,3048.3046875
593,1912.0
5249,1912.0
2972,1912.0
502,1912.0
1832,1912.0
693,1912.0
1425,1912.0
7649,1912.0
1159,1912.0
2895,1912.0
1304,1912.0
220,1912.0
313,1912.0
1432,1912.0
8509,1912.0
321,1912.0
1650,1912.0
4494,1912.0
8656,1912.0
570,1912.0
630,1912.0
3826,1912.0
1328,1912.0
4824,1912.0
4115,1912.0
887,1912.0
2591,1912.0
15673,1912.0
3483,1912.0
2224,7128.0
5927,7128.0
989,7128.0
5646,7128.0
1868,7128.0
324,7128.0
4068,7128.0
8600,7128.0
2172,7128.0
1066,7128.0
1693,7128.0
1428,7128.0
1939,7128.0
3050,7128.0
464,7128.0
5359,7128.0
1143,7128.0
1003,7128.0
1122,7128.0
1318,7128.0
896,7128.0
2203,7128.0
1388,7128.0
1024,7128.0
302,7128.0
1832,7128.0
928,7128.0
3319,7128.0
13635,7128.0
557,2124.625
1173,2124.625
437,2124.625
286,2124.625
1576,2124.625
955,2124.625
2964,2124.625
4009,2124.625
1532,2124.625
583,2124.625
4414,2124.625
1079,2124.625
6607,2124.625
1877,2124.625
1016,2124.625
219,2124.625
2265,2124.625
380,2124.625
1722,2124.625
990,2124.625
763,2124.625
2170,2124.625
750,2124.625
322,2124.625
1584,2124.625
1631,2124.625
339,2124.625
718,2124.625
1660,2124.625
2480,1298.609375
1884,1298.609375
570,1298.609375
5192,1298.609375
980,1298.609375
2029,1298.609375
2356,1298.609375
5927,1298.609375
676,1298.609375
1742,1298.609375
2860,1298.609375
726,1298.609375
1413,1298.609375
874,1298.609375
3504,1298.609375
892,1298.609375
1737,1298.609375
2393,1298.609375
3088,1298.609375
1252,1298.609375
988,1298.609375
2663,1298.609375
254,1298.609375
2634,1298.609375
3966,1298.609375
1557,1298.609375
1401,1298.609375
718,1298.609375
1280,1298.609375
