1518,2884.7
1261,2884.7
614,2884.7
1021,2884.7
5170,2884.7
10083,2884.7
3272,2884.7
1772,2622.13690476
3376,2622.13690476
12149,2622.13690476
921,2622.13690476
1087,2622.13690476
1807,2622.13690476
3268,2622.13690476
5208,6489.04166667
1273,6489.04166667
3280,6489.04166667
98,6489.04166667
87,6489.04166667
2274,6489.04166667
1856,6489.04166667
112,6489.04166667
672,961.125
2134,961.125
1530,961.125
14453,961.125
257,961.125
452,961.125
784,961.125
1464,2820.31034483
7037,2820.31034483
800,2820.31034483
7327,2820.31034483
1806,2820.31034483
326,2820.31034483
441,2820.31034483
8490,2820.31034483
1856,3095.46666667
257,3095.46666667
112,3095.46666667
3272,3095.46666667
1518,3095.46666667
7327,3095.46666667
2274,3095.46666667
3268,2392.4
14453,2392.4
98,2392.4
5170,2392.4
1021,2392.4
5208,2392.4
8490,2392.4
12149,2804.6547619
3280,2804.6547619
452,2804.6547619
326,2804.6547619
1273,2804.6547619
7037,2804.6547619
1772,2804.6547619
1261,2804.6547619
1530,4700.9375
614,4700.9375
3376,4700.9375
87,4700.9375
921,4700.9375
784,4700.9375
1464,4700.9375
1806,2615.25694444
672,2615.25694444
1087,2615.25694444
800,2615.25694444
2134,2615.25694444
10083,2615.25694444
441,2615.25694444
1807,2615.25694444
3376,2527.66666667
3280,2527.66666667
1273,2527.66666667
14453,2527.66666667
1807,2527.66666667
7327,2527.66666667
2134,2527.66666667
1856,3077.63333333
784,3077.63333333
921,3077.63333333
614,3077.63333333
1087,3077.63333333
1806,3077.63333333
10083,3077.63333333
672,3224.875
7037,3224.875
2274,3224.875
326,3224.875
1518,3224.875
5170,3224.875
8490,3224.875
98,3224.875
12149,3032.83333333
87,3032.83333333
1021,3032.83333333
1261,3032.83333333
3268,3032.83333333
452,3032.83333333
257,3032.83333333
1530,3271.75862069
441,3271.75862069
1772,3271.75862069
3272,3271.75862069
5208,3271.75862069
1464,3271.75862069
112,3271.75862069
800,3271.75862069
7037,2375.91666667
8490,2375.91666667
12149,2375.91666667
1807,2375.91666667
2134,2375.91666667
1261,2375.91666667
10083,2375.91666667
800,1169.1875
441,1169.1875
14453,1169.1875
452,1169.1875
87,1169.1875
1518,1169.1875
2274,1169.1875
5208,3318.10344828
784,3318.10344828
257,3318.10344828
98,3318.10344828
326,3318.10344828
3280,3318.10344828
1772,3318.10344828
1530,3318.10344828
3268,2967.75
1856,2967.75
7327,2967.75
1021,2967.75
3272,2967.75
672,2967.75
5170,2967.75
1806,5618.33333333
921,5618.33333333
1464,5618.33333333
112,5618.33333333
1087,5618.33333333
1273,5618.33333333
614,5618.33333333
3376,5618.33333333
441,3089.96666667
1273,3089.96666667
1087,3089.96666667
3280,3089.96666667
1807,3089.96666667
1856,3089.96666667
7037,3089.96666667
614,1341.9375
7327,1341.9375
3376,1341.9375
112,1341.9375
452,1341.9375
1021,1341.9375
5208,1341.9375
672,3155.24137931
1806,3155.24137931
98,3155.24137931
1464,3155.24137931
921,3155.24137931
800,3155.24137931
2134,3155.24137931
10083,3155.24137931
3272,721.5
8490,721.5
326,721.5
2274,721.5
1518,721.5
14453,721.5
12149,721.5
1261,1102.25
784,1102.25
257,1102.25
1772,1102.25
87,1102.25
5170,1102.25
3268,1102.25
1530,1102.25
