61.2,11.0
3.6,11.0
28.8,11.0
10.8,11.0
8,2.7
11.1,2.7
12.9,2.7
7.5,2.7
15.8,2.7
102.4,49.65
2.9,49.65
12,49.65
11.8,49.65
0.5,49.65
4.9,18.15
38.1,18.15
19,18.15
8.9,18.15
6.1,18.15
18.3,9.85
4.1,9.85
10,9.85
21.1,9.85
105.2,9.85
11.8,20.05
102.4,20.05
8,20.05
4.9,20.05
8.9,71.65
12.9,71.65
11.1,71.65
28.8,71.65
21.1,71.65
10,18.15
3.6,18.15
19,18.15
105.2,18.15
15.8,18.15
12,9.7
10.8,9.7
38.1,9.7
2.9,9.7
4.1,9.7
18.3,20.05
0.5,20.05
6.1,20.05
61.2,20.05
7.5,20.05
4.1,4.85
11.1,4.85
61.2,4.85
8.9,4.85
2.9,49.65
4.9,49.65
21.1,49.65
0.5,49.65
8,49.65
15.8,11.85
6.1,11.85
19,11.85
11.8,11.85
105.2,11.85
7.5,5.1
28.8,5.1
10.8,5.1
10,5.1
12,5.1
3.6,5.1
102.4,5.1
18.3,5.1
12.9,5.1
38.1,5.1
15.8,12.35
19,12.35
6.1,12.35
12,12.35
2.9,20.3
12.9,20.3
8,20.3
18.3,20.3
10,20.3
4.9,9.65
61.2,9.65
8.9,9.65
21.1,9.65
28.8,9.65
11.1,12.35
7.5,12.35
105.2,12.35
10.8,12.35
11.8,12.35
4.1,13.3
3.6,13.3
38.1,13.3
0.5,13.3
102.4,13.3
28.8,58.6
21.1,58.6
8,58.6
38.1,58.6
102.4,2.7
10.8,2.7
15.8,2.7
10,2.7
61.2,2.7
0.5,9.7
7.5,9.7
18.3,9.7
105.2,9.7
4.9,9.7
3.6,10.35
2.9,10.35
12,10.35
6.1,10.35
19,10.35
11.8,5.45
4.1,5.45
12.9,5.45
11.1,5.45
8.9,5.45
