130.3,194.542289025
1107.31,448.314869724
287,252.61035735
82.5,140.137917703
69.9,295.349257548
336.3,468.701488424
23.2,33.3859580342
116,484.215814636
246.9,405.398647007
86.9,262.602767864
230.7,211.904670933
157,212.946675118
72,75.9821131128
84,122.890918661
258.7,483.912526596
230.7,177.761018717
86.9,214.584572613
157,176.059051159
82.5,124.549463453
72,70.4728296221
23.2,36.7719819442
130.3,305.515067358
69.9,318.956073928
287,333.784544524
84,60.253587382
1107.31,323.883582525
116,223.059112085
246.9,405.98026398
336.3,461.605752779
258.7,499.988422577
1107.31,306.819990075
69.9,139.445919824
258.7,220.334219899
116,521.736960132
246.9,435.907882896
130.3,332.101333474
230.7,214.762205718
86.9,242.528938804
72,67.230450611
84,108.654698024
82.5,119.091810069
287,335.508160011
23.2,37.8007083236
157,192.06999681
336.3,552.599573759
336.3,472.676785416
246.9,414.725408346
258.7,492.340909947
23.2,27.8701370575
230.7,222.865269631
287,335.711798469
86.9,170.864355567
72,53.9886234054
84,92.0828706696
69.9,208.123643874
130.3,225.012708041
1107.31,511.701442399
116,471.942725051
157,222.404029938
82.5,130.39780765
287,341.106122557
86.9,239.640411166
84,109.135394417
336.3,453.294530276
23.2,32.8271080057
230.7,225.21669258
69.9,298.385058371
72,73.7448351758
157,216.886084006
1107.31,434.340255625
130.3,190.1004489
258.7,299.964586448
246.9,431.556994014
82.5,156.918822763
116,529.00412817
