2410,459.0
3167,459.0
15233,459.0
3401,459.0
600,459.0
145,459.0
1184,459.0
11165,459.0
252,1342.5
9234,1342.5
1613,1342.5
4224,1342.5
4847,1342.5
12556,1342.5
3306,1342.5
2459,1342.5
784,25646.96875
1188,25646.96875
536,25646.96875
3193,25646.96875
3922,25646.96875
3069,25646.96875
19306,25646.96875
6590,25646.96875
840,25646.96875
148,5578.86111111
134,5578.86111111
3563,5578.86111111
947,5578.86111111
3558,5578.86111111
724,5578.86111111
451,5578.86111111
47493,5578.86111111
245,1279.0
3238,1279.0
2950,1279.0
669,1279.0
1488,1279.0
22444,1279.0
1597,1279.0
40,1279.0
3638,1279.0
9234,726.5
1188,726.5
4847,726.5
3167,726.5
4224,726.5
252,726.5
3558,726.5
1613,726.5
947,3565.14705882
148,3565.14705882
12556,3565.14705882
47493,3565.14705882
40,3565.14705882
22444,3565.14705882
3563,3565.14705882
145,3565.14705882
2459,634.5
134,634.5
784,634.5
15233,634.5
451,634.5
245,634.5
3401,634.5
1488,634.5
3238,634.5
2410,1044.0
669,1044.0
3193,1044.0
2950,1044.0
724,1044.0
6590,1044.0
3638,1044.0
3922,1044.0
3306,34968.5
1597,34968.5
600,34968.5
1184,34968.5
19306,34968.5
536,34968.5
840,34968.5
11165,34968.5
3069,34968.5
840,29329.0
2459,29329.0
1184,29329.0
3922,29329.0
148,29329.0
22444,29329.0
6590,29329.0
2950,29329.0
3306,3280.375
1597,3280.375
134,3280.375
9234,3280.375
3167,3280.375
1488,3280.375
3069,3280.375
536,3280.375
1613,2704.0
947,2704.0
40,2704.0
669,2704.0
47493,2704.0
245,2704.0
11165,2704.0
724,2704.0
252,2704.0
600,3741.74404762
19306,3741.74404762
4224,3741.74404762
4847,3741.74404762
3401,3741.74404762
3563,3741.74404762
451,3741.74404762
784,3741.74404762
3638,20678.8387097
1188,20678.8387097
2410,20678.8387097
3558,20678.8387097
12556,20678.8387097
145,20678.8387097
15233,20678.8387097
3193,20678.8387097
3238,20678.8387097
3238,29329.0
40,29329.0
1613,29329.0
3069,29329.0
22444,29329.0
669,29329.0
6590,29329.0
252,29329.0
3558,1106.0
2459,1106.0
47493,1106.0
11165,1106.0
840,1106.0
1597,1106.0
3563,1106.0
2950,1106.0
600,13199.0
145,13199.0
1188,13199.0
784,13199.0
3638,13199.0
19306,13199.0
536,13199.0
3167,13199.0
4224,13199.0
4847,2899.875
3193,2899.875
245,2899.875
3401,2899.875
3306,2899.875
1184,2899.875
9234,2899.875
451,2899.875
12556,726.5
134,726.5
2410,726.5
947,726.5
724,726.5
148,726.5
1488,726.5
15233,726.5
3922,726.5
947,25956.0625
536,25956.0625
1488,25956.0625
3069,25956.0625
2459,25956.0625
784,25956.0625
724,25956.0625
600,25956.0625
1597,1712.5
3306,1712.5
15233,1712.5
4847,1712.5
451,1712.5
40,1712.5
669,1712.5
1613,1712.5
1188,1999.125
11165,1999.125
6590,1999.125
12556,1999.125
22444,1999.125
47493,1999.125
245,1999.125
145,1999.125
3638,1999.125
2410,1136.0
4224,1136.0
3922,1136.0
3238,1136.0
134,1136.0
19306,1136.0
3558,1136.0
148,1136.0
840,25993.5666667
252,25993.5666667
9234,25993.5666667
3167,25993.5666667
3563,25993.5666667
3401,25993.5666667
2950,25993.5666667
1184,25993.5666667
3193,25993.5666667
