12,50
702,243
423,79
130,176
106,126
1063,9
387,79
605,9
6400,98
82,958
539,724
40,9
7.3,5.9
126,106
70,50
9,40
230,539
6,12
38,958
47,8
523,2455
55,1272
14,156
83,87
11400,1600
45,106
958,423
43,122
6600,2455
240,122
2040,1600
98,57
176,88
36,8
1075,423
61,423
18,8
1600,2040
57,98
73,98
218,9
8,12
122,106
321,9
237,958
156,453
87,83
88,176
41,47
8,45
15,176
453,156
79,423
20,70
8,70
5.9,7.3
724,539
201,539
1272,55
33,87
2455,523
243,55
50,70
201,539
79,423
130,605
87,106
8,20
38,14
83,45
1063,605
88,176
1600,11400
70,50
702,243
6600,2455
9,40
724,201
156,453
176,88
1272,702
7.3,5.9
122,87
539,201
218,321
387,79
126,106
20,70
230,539
8,12
523,176
36,8
106,126
605,9
2455,6600
243,702
240,43
958,176
55,1272
57,41
15,176
41,47
45,106
6400,11400
33,87
43,240
1075,1063
5.9,7.3
2040,1600
40,9
98,57
423,79
73,57
237,958
47,20
453,156
8,126
18,8
321,218
11400,1600
82,958
61,423
50,70
12,8
14,38
6,8
122,87
83,87
724,539
8,70
40,9
453,156
88,176
61,423
82,958
2455,523
7.3,5.9
1063,605
156,453
1272,55
18,8
6400,98
130,605
240,43
57,41
321,218
230,539
702,55
243,55
9,40
11400,1600
47,8
539,724
14,38
958,176
218,321
20,8
36,8
605,9
70,50
126,106
201,79
523,2455
8,47
8,126
106,126
15,176
6600,2455
387,79
45,126
50,70
12,70
87,83
33,126
2040,1600
6,47
55,1272
38,14
73,57
41,47
43,240
98,57
176,88
5.9,7.3
1600,2040
423,201
237,958
79,201
1075,1063
958,176
130,605
122,106
87,106
57,41
453,156
201,79
230,539
702,243
8,70
43,240
11400,1600
605,9
70,50
321,9
106,126
218,9
8,47
12,50
38,14
1600,11400
523,2455
176,88
41,57
539,724
240,43
73,57
2455,523
243,702
47,18
6600,1600
8,12
40,9
15,176
98,57
55,453
50,70
33,87
2040,1600
423,79
20,70
9,40
88,176
45,106
14,38
5.9,453
1272,55
1063,605
83,87
7.3,453
18,8
82,958
6,12
156,453
6400,98
237,958
126,106
1075,423
61,423
724,539
36,8
79,423
387,201
9,40
387,79
20,70
106,126
83,87
98,57
321,218
6600,2455
88,176
14,38
122,87
130,605
1063,9
18,47
61,423
702,243
958,176
7.3,5.9
73,98
605,9
55,1272
40,9
724,539
36,70
8,70
8,47
45,106
1075,423
6,50
8,12
240,122
218,321
33,87
70,50
237,958
156,453
43,122
230,724
1600,2455
453,156
11400,2455
539,724
126,106
6400,98
2040,387
41,57
523,2455
1272,55
87,83
82,958
79,387
243,55
50,70
57,41
2455,523
176,88
15,88
47,8
5.9,7.3
201,539
12,6
423,88
38,14
