444,51.0
18,51.0
8211,51.0
352.8,51.0
38,51.0
636,51.0
973,51.0
120,51.0
215,51.0
60,51.0
10.8,51.0
756,51.0
370,51.0
12,51.0
444,51.0
170,51.0
1772.5,51.0
90,51.0
8.4,216.0
599,216.0
278,216.0
882,216.0
1200,216.0
72,216.0
480,216.0
36,216.0
8.4,216.0
252,216.0
600,216.0
300,216.0
117.6,216.0
150,216.0
2400,216.0
703,216.0
300,216.0
1645.9,216.0
107,216.0
31.2,186.0
430,186.0
72,186.0
48,186.0
70,186.0
750,186.0
1248,186.0
432,186.0
648,186.0
42,186.0
82,186.0
114,186.0
48,186.0
2120,186.0
155,186.0
576,186.0
1368,186.0
24,186.0
48,55.0
1924.5,55.0
60,55.0
192,55.0
324,55.0
4178.2,55.0
4560,55.0
62,55.0
420,55.0
210,55.0
97,55.0
300,55.0
458,55.0
409,55.0
117.6,55.0
162,55.0
2400,55.0
2460,55.0
239,55.0
72,8.4
360,8.4
60,8.4
42,8.4
240,8.4
720,8.4
25.2,8.4
36,8.4
50,8.4
1181,8.4
60,8.4
480,8.4
1350,8.4
400,8.4
571.4,8.4
98.8,8.4
360,8.4
192,8.4
60,8.4
324,186.0
210,186.0
480,186.0
4178.2,186.0
42,186.0
12,186.0
150,186.0
70,186.0
60,186.0
36,186.0
300,186.0
48,186.0
370,186.0
8.4,186.0
444,186.0
400,186.0
62,186.0
31.2,186.0
82,9.6
98.8,9.6
8.4,9.6
72,9.6
120,9.6
72,9.6
192,9.6
2400,9.6
215,9.6
117.6,9.6
48,9.6
60,9.6
352.8,9.6
599,9.6
480,9.6
1248,9.6
432,9.6
458,9.6
360,9.6
8211,60.0
38,60.0
170,60.0
600,60.0
90,60.0
24,60.0
2400,60.0
703,60.0
162,60.0
1645.9,60.0
756,60.0
60,60.0
60,60.0
1772.5,60.0
2120,60.0
192,60.0
1200,60.0
117.6,60.0
155,9.6
239,9.6
252,9.6
1368,9.6
973,9.6
72,9.6
420,9.6
1924.5,9.6
648,9.6
42,9.6
300,9.6
2460,9.6
882,9.6
444,9.6
25.2,9.6
278,9.6
576,9.6
18,9.6
97,9.6
720,16.8
48,16.8
50,16.8
750,16.8
409,16.8
571.4,16.8
114,16.8
10.8,16.8
430,16.8
60,16.8
300,16.8
1350,16.8
36,16.8
4560,16.8
360,16.8
1181,16.8
107,16.8
240,16.8
636,16.8
4560,48.0
82,48.0
2400,48.0
300,48.0
720,48.0
420,48.0
1181,48.0
98.8,48.0
458,48.0
300,48.0
444,48.0
36,48.0
117.6,48.0
1200,48.0
155,48.0
370,48.0
60,48.0
192,48.0
48,55.0
1368,55.0
1350,55.0
25.2,55.0
8211,55.0
430,55.0
107,55.0
170,55.0
162,55.0
2120,55.0
239,55.0
62,55.0
8.4,55.0
36,55.0
480,55.0
360,55.0
1924.5,55.0
360,55.0
432,55.0
38,66.0
97,66.0
70,66.0
703,66.0
324,66.0
18,66.0
882,66.0
48,66.0
600,66.0
636,66.0
114,66.0
756,66.0
192,66.0
1248,66.0
60,66.0
571.4,66.0
444,66.0
409,66.0
72,186.0
120,186.0
60,186.0
278,186.0
42,186.0
2400,186.0
599,186.0
72,186.0
1772.5,186.0
60,186.0
750,186.0
210,186.0
42,186.0
576,186.0
4178.2,186.0
8.4,186.0
12,186.0
480,186.0
50,186.0
117.6,192.0
648,192.0
72,192.0
240,192.0
31.2,192.0
300,192.0
24,192.0
352.8,192.0
252,192.0
1645.9,192.0
400,192.0
90,192.0
215,192.0
2460,192.0
10.8,192.0
150,192.0
973,192.0
60,192.0
48,192.0
210,74.4
117.6,74.4
192,74.4
60,74.4
720,74.4
90,74.4
1368,74.4
2460,74.4
576,74.4
1200,74.4
4560,74.4
107,74.4
10.8,74.4
62,74.4
60,74.4
48,74.4
25.2,74.4
38,74.4
2400,55.0
1645.9,55.0
8211,55.0
8.4,55.0
360,55.0
12,55.0
170,55.0
72,55.0
42,55.0
82,55.0
36,55.0
97,55.0
300,55.0
98.8,55.0
571.4,55.0
48,55.0
1181,55.0
70,55.0
430,55.0
636,55.0
192,55.0
458,55.0
155,55.0
1924.5,55.0
150,55.0
60,55.0
370,55.0
444,55.0
2400,55.0
60,55.0
400,55.0
1772.5,55.0
120,55.0
162,55.0
300,55.0
480,55.0
750,55.0
72,666.0
31.2,666.0
60,666.0
114,666.0
300,666.0
2120,666.0
324,666.0
239,666.0
240,666.0
409,666.0
432,666.0
648,666.0
215,666.0
18,666.0
117.6,666.0
72,666.0
278,666.0
42,666.0
444,666.0
420,9.6
50,9.6
252,9.6
1350,9.6
973,9.6
1248,9.6
8.4,9.6
599,9.6
703,9.6
480,9.6
36,9.6
48,9.6
600,9.6
360,9.6
882,9.6
24,9.6
756,9.6
4178.2,9.6
352.8,9.6
120,19.8
1368,19.8
210,19.8
750,19.8
72,19.8
1181,19.8
62,19.8
150,19.8
599,19.8
60,19.8
162,19.8
70,19.8
239,19.8
400,19.8
170,19.8
600,19.8
82,19.8
48,19.8
430,180.0
117.6,180.0
50,180.0
90,180.0
2460,180.0
480,180.0
97,180.0
60,180.0
60,180.0
117.6,180.0
25.2,180.0
31.2,180.0
12,180.0
114,180.0
8.4,180.0
60,180.0
420,180.0
636,180.0
240,180.0
155,154.5
324,154.5
4178.2,154.5
278,154.5
42,154.5
409,154.5
360,154.5
432,154.5
42,154.5
703,154.5
300,154.5
720,154.5
8.4,154.5
300,154.5
2120,154.5
2400,154.5
215,154.5
192,154.5
1645.9,21.0
1350,21.0
72,21.0
352.8,21.0
370,21.0
444,21.0
4560,21.0
360,21.0
107,21.0
38,21.0
18,21.0
300,21.0
1200,21.0
1772.5,21.0
192,21.0
882,21.0
36,21.0
756,21.0
648,21.0
48,117.6
480,117.6
444,117.6
1924.5,117.6
571.4,117.6
48,117.6
24,117.6
973,117.6
36,117.6
10.8,117.6
2400,117.6
252,117.6
60,117.6
98.8,117.6
8211,117.6
576,117.6
1248,117.6
72,117.6
458,117.6
