1518,1581.29019169
1261,1142.73108293
614,578.980653484
1021,1138.99227079
5170,5719.24392287
10083,10858.610667
3272,4008.34217224
1772,-263.008997478
3376,2911.19185457
12149,12035.6178614
921,1254.10641916
1087,946.225406486
1807,1691.0724698
3268,3346.14214542
5208,6973.13783862
1273,-1031.04805136
3280,6179.85990702
98,89.6616059905
87,245.332973337
2274,2387.16130981
1856,1672.15219944
112,-12825.0527588
672,671.701954173
2134,2092.82989497
1530,1564.2592651
14453,13245.4935801
257,247.389491678
452,482.840283645
784,568.80509255
1464,1457.97333979
7037,8533.1700054
800,652.987729592
7327,5923.79598436
1806,2104.76793964
326,350.638334606
441,158.396575045
8490,9137.25562141
1856,1752.76898771
257,187.694987142
112,873.545348428
3272,4072.28808281
1518,1349.85865562
7327,7356.51201721
2274,2247.35300934
3268,3272.10101265
14453,13282.1093099
98,82.8138862425
5170,5260.86616813
1021,1161.79904094
5208,8739.52404206
8490,8418.82166653
12149,12183.9087712
3280,1813.36987428
452,313.575564049
326,296.128193599
1273,899.65388253
7037,7237.85291094
1772,1071.4435049
1261,1193.07869815
1530,1713.80036416
614,705.456249894
3376,2840.09830442
87,155.631836668
921,-9.35014464743
784,-666.956672542
1464,1680.70708628
1806,2118.67928902
672,592.990954517
1087,1038.75125477
800,625.51537038
2134,2111.68097079
10083,10840.3875243
441,356.659726527
1807,1721.61630459
3376,3388.16891709
3280,2723.77873914
1273,1082.55804992
14453,13245.6930118
1807,1823.33482429
7327,7201.7327431
2134,2035.85647297
1856,1677.31550772
784,249.978856603
921,494.47562003
614,556.667229132
1087,1045.54103215
1806,2133.56208077
10083,10886.0924904
672,666.941714421
7037,7141.2724486
2274,2328.99786814
326,319.114556236
1518,1447.50447552
5170,5385.27255434
8490,8460.1815157
98,80.0465143732
12149,11820.9795067
87,-38.3483110059
1021,965.496740825
1261,1137.1558175
3268,3364.48505232
452,327.210208442
257,116.605944
1530,1627.66011581
441,220.830009304
1772,2890.22891073
3272,4713.88795715
5208,3834.65560398
1464,1586.64634454
112,-2487.65549805
800,670.046756484
7037,2546.71458546
8490,4566.71381612
12149,10925.9571384
1807,1776.54111356
2134,-238.23666701
1261,1198.96014334
10083,10847.0353852
800,803.663062378
441,481.209597343
14453,13209.9236711
452,510.86908928
87,64.7050563552
1518,1590.15039869
2274,2253.43406567
5208,-100904.082213
784,42163.4686219
257,100.097627374
98,-9.09342340277
326,285.139962978
3280,-165183.692307
1772,-41626.3887129
1530,1693.48298371
3268,3398.69126508
1856,1811.70561671
7327,7463.4800479
1021,1006.74580805
3272,4548.26203315
672,667.251285773
5170,5343.75243221
1806,1956.02201995
921,-47.2234472094
1464,1910.00310443
112,6628.20028444
1087,1390.26491824
1273,851.287072079
614,702.490499016
3376,2929.07031638
441,187.901612035
1273,1016.18811821
1087,857.452462272
3280,2514.60608383
1807,1762.7255718
1856,1676.70068869
7037,7209.08349963
614,663.261500312
7327,6915.8120542
3376,3208.78438947
112,2203.21264388
452,330.688347724
1021,1247.67874761
5208,6588.49071793
672,622.559920888
1806,2147.93371524
98,28.5288826202
1464,923.73997437
921,-103.398760774
800,648.072159141
2134,2115.55398318
10083,10860.1567345
3272,3580.79288072
8490,8459.41536036
326,329.263286995
2274,2222.5611674
1518,1533.62031371
14453,13274.738589
12149,12045.8637205
1261,1163.34652002
784,1438.52187816
257,144.541902711
1772,382.852753892
87,14.3693392125
5170,5365.56003401
3268,3360.6148428
1530,1642.58192138
