444,64
18,117
8211,2057.15
352.8,46.8
38,588
636,398
973,515
120,117
215,129
60,120
10.8,25.2
756,312
370,1359
12,739
444,398
170,143
1772.5,2057.15
90,103
8.4,46.2
599,1609.3
278,761.7
882,358
1200,465
72,123
480,4021.55
36,46.2
8.4,46.2
252,287.55
600,375
300,459
117.6,46.2
150,347
2400,392
703,1019
300,459
1645.9,4021.55
107,1352
31.2,74.1
430,1609.55
72,195
48,195
70,165
750,985
1248,219
432,303
648,3658.525
42,90
82,165
114,90
48,195
2120,521
155,248.55
576,363
1368,459
24,195
48,58
1924.5,3027.35
60,45
192,517
324,132
4178.2,3027.35
4560,456
62,128
420,240
210,58
97,708
300,72
458,549
409,956
117.6,52.5
162,407
2400,40.5
2460,549
239,128
72,408
360,123
60,197.7
42,103
240,408
720,696
25.2,21.6
36,48
50,197.7
1181,535
60,197.7
480,294
1350,294
400,285
571.4,251
98.8,251
360,54
192,138
60,103
324,135
210,73
480,629
4178.2,3388.475
42,162
12,629
150,847
70,170
60,162
36,126
300,72
48,51
370,903
8.4,47.4
444,468
400,262
62,170
31.2,74.1
82,135
98.8,319.6
8.4,20.1
72,360
120,107
72,189
192,398
2400,372
215,123
117.6,52.5
48,117
60,123
352.8,20.1
599,1609.3
480,3989.9
1248,219
432,360
458,1080
360,126
8211,1708.675
38,471
170,113
600,261
90,103
24,57
2400,13.2
703,1019
162,355
1645.9,1756.675
756,312
60,122
60,122
1772.5,1708.675
2120,465
192,113
1200,351
117.6,52.5
155,260.55
239,96
252,257.55
1368,85
973,825.35
72,123
420,201
1924.5,3951.9
648,2721.475
42,106
300,351
2460,580
882,348
444,106
25.2,21.6
278,406.8
576,582
18,132
97,672
720,739
48,100
50,109
750,912
409,968
571.4,201.45
114,88
10.8,45.6
430,1476.3
60,120
300,387
1350,252
36,45.6
4560,882
360,123
1181,540
107,1352
240,351
636,469
4560,300
82,135
2400,126.0
300,62
720,229
420,240
1181,489
98.8,298.85
458,1080
300,387
444,106
36,18.9
117.6,45.6
1200,465
155,298.85
370,903
60,62
192,398
48,100
1368,459
1350,294
25.2,48.9
8211,2019.15
430,727
107,1009
170,398
162,355
2120,682
239,398
62,398
8.4,48.9
36,48
480,294
360,54
1924.5,2019.15
360,123
432,303
38,471
97,594
70,138
703,980
324,126
18,72
882,226
48,51
600,261
636,193
114,48
756,312
192,138
1248,187
60,42
571.4,144.45
444,226
409,980
72,408
120,109
60,45
278,761.7
42,174
2400,336
599,2617
72,195
1772.5,3245.35
60,174
750,900
210,174
42,174
576,363
4178.2,3245.35
8.4,20.1
12,629
480,3257.35
50,109
117.6,46.8
648,3354.55
72,123
240,351
31.2,46.8
300,345
24,135
352.8,46.8
252,287.55
1645.9,4021.55
400,358
90,103
215,207
2460,580
10.8,46.8
150,358
973,935
60,132
48,135
210,48
117.6,48.3
192,140
60,122
720,748
90,66
1368,459
2460,580
576,363
1200,471
4560,882
107,924
10.8,48.3
62,140
60,122
48,51
25.2,48.3
38,471
2400,330
1645.9,2088.8
8211,2088.8
8.4,46.2
360,111
12,587
170,435
72,111
42,106
82,435
36,46.2
97,708
300,387
98.8,194
571.4,194
48,100
1181,540
70,435
430,1476.3
636,388
192,1305.35
458,919
155,248.55
1924.5,3571.775
150,1003
60,61
370,1415
444,844
2400,13.2
60,45
400,897.6
1772.5,3808.775
120,107
162,1078
300,345
480,3820.775
750,1423
72,444
31.2,46.8
60,45
114,90
300,72
2120,465
324,132
239,96
240,444
409,1092
432,444
648,2721.475
215,129
18,72
117.6,46.8
72,45
278,761.1
42,90
444,90
420,258
50,109
252,221.3
1350,294
973,505
1248,219
8.4,20.1
599,684
703,1019
480,294
36,135
48,135
600,261
360,132
882,348
24,135
756,312
4178.2,3388.475
352.8,20.1
120,107
1368,459
210,60
750,900
72,123
1181,540
62,453
150,918
599,1434.05
60,107
162,918
70,453
239,453
400,333
170,453
600,261
82,453
48,51
430,1651.55
117.6,102.0
50,109
90,85
2460,580
480,3989.9
97,708
60,111
60,48
117.6,102.0
25.2,102.0
31.2,102.0
12,629
114,85
8.4,102.0
60,85
420,240
636,469
240,351
155,248.55
324,57
4178.2,3388.475
278,761.7
42,108
409,980
360,48
432,303
42,108
703,980
300,72
720,186
8.4,20.1
300,387
2120,465
2400,20.1
215,129
192,398
1645.9,3698.425
1350,1287.55
72,120
352.8,140.1
370,1491
444,106
4560,882
360,126
107,1447
38,253
18,72
300,387
1200,426
1772.5,3698.425
192,138
882,348
36,18.9
756,261
648,3354.55
48,135
480,470
444,457
1924.5,2019.15
571.4,226
48,100
24,135
973,505
36,210
10.8,25.2
2400,336
252,500
60,107
98.8,248
8211,2019.15
576,363
1248,219
72,408
458,1080
