13635,2500
3319,2716
1631,1904
1143,2512
4115,2320
380,1116
593,2856
1173,2714
718,1829
2223,3512
2634,2791
6607,3476
324,1587
2265,1768
1428,1484
5816,1119
669,1484
580,2543
1252,1566
2570,2476
1557,1378
2895,1725
988,1450
676,1751
1113,2403
583,903
2860,3371
2591,3031
1079,2394
3189,2015
5249,3644
652,752
5359,1454
8600,2006
570,1480
887,1390
2356,2347
12646,3852
3555,1937
4494,2223
3483,1413
955,1448
1304,2634
718,1249
1532,2223
2393,1617
1722,2081
1388,2393
1832,1250
1328,1756
990,1974
3088,2237
989,1628
5927,3318
219,1249
630,1491
4414,3649
1413,1663
502,738
5456,4130
15673,6634
1432,2651
3050,1499
1003,1017
1742,1694
995,1410
2972,2120
286,2475
2172,1460
2037,1429
220,789
322,1739
928,1490
113930,7339
896,2281
3966,2683
7649,3212
3504,2111
1877,1823
2170,1602
763,1478
1737,1395
321,1806
750,947
1455,2116
339,1259
1884,1126
557,1055
892,971
1318,1439
4009,3579
6307,4217
485,1620
1066,1021
585,3180
2029,1870
5094,2700
1280,2392
4068,1274
726,1984
1940,1598
1650,1499
570,2881
313,1503
1016,1698
5927,2788
1584,3627
693,1478
1698,2660
1431,1648
3826,2482
2964,1729
2203,1713
8509,1173
4824,1307
1122,1173
1860,1278
2408,1749
254,2701
1693,1678
1425,1184
2663,1921
980,1442
1401,2683
437,1678
1868,1449
654,1855
1660,2112
1040,2132
464,1387
2224,1532
1832,2575
5646,2835
5192,2367
1939,1255
2480,1848
302,2183
655,1544
8656,1624
698,1315
1159,1678
1024,1262
1576,1432
874,2918
322,2606
570,1400
990,2778
1940,1327
6307,2104
3966,3064
980,1327
219,724
1557,1567
989,1327
2356,2743
339,1371
1328,1630
380,751
2964,2038
2408,1402
5646,2893
1693,1407
1455,2075
13635,4892
464,821
113930,7410
1832,1818
286,2196
1122,1630
1388,2743
693,883
2172,1460
2170,1630
1877,1747
15673,3651
887,2444
302,2444
1939,1466
1304,1197
718,1310
3826,2548
557,1547
2037,1576
1024,1150
324,1601
8656,1621
1860,1197
1318,2895
1576,1586
896,2349
2570,1762
995,1978
583,1438
322,1908
502,2238
1650,1590
437,1576
254,2747
1252,1474
928,1718
7649,3246
2029,2288
718,1594
2972,1518
1428,1196
988,1717
669,1318
2591,3143
750,1676
5094,3143
1280,1882
2860,2447
3050,1492
698,1107
2223,3015
874,4068
3088,2498
1425,1031
322,2575
1016,1733
1584,3747
1742,1831
1413,1526
726,2621
1868,1555
585,2930
1040,2070
4115,2519
321,1178
4068,1280
12646,4186
5927,2156
6607,2231
3504,2133
892,1049
2663,2075
4414,4801
2895,1897
630,1782
4009,2530
570,1597
763,1632
2203,2631
1003,2051
1401,3632
2224,1447
955,1374
655,1758
1431,1516
313,1853
1066,1482
220,1482
1432,2404
4824,2236
580,2205
1832,2520
3319,2961
2265,1542
1143,2173
652,1647
5927,2231
1631,3086
1722,1877
3555,2772
593,2529
1737,1603
1884,1754
1698,2119
2634,2463
654,1855
1159,1561
2393,1650
1079,1879
8600,1823
1113,1785
3189,3382
485,1308
5816,956
1173,4193
676,1183
2480,1444
4494,2103
5192,2443
1660,1718
1532,1882
5249,2443
8509,1795
5359,1386
5456,1872
3483,1374
324,1584
1113,2615
1428,1038
2029,1662
5094,2858
887,2304
2634,2479
655,1360
1318,2064
5192,3028
1832,2666
1884,2489
1173,3691
693,1573
2480,1656
1877,1376
1868,1488
12646,2506
2172,2175
2393,1376
2203,2310
1631,1904
1939,1159
570,1572
7649,2987
980,1534
988,1751
1431,1603
15673,2286
557,1226
6307,2143
4068,1298
580,2662
1079,1671
339,1417
1122,2662
3189,3198
726,2323
302,2761
321,1178
322,2652
2356,2270
718,1176
2860,2913
4494,2688
2170,4160
1860,1153
8656,1153
874,3059
5927,2270
2224,2006
1066,1108
5359,1485
5646,2765
1693,1615
3555,1783
8600,1405
3826,1227
928,1199
955,1768
990,2874
3966,2807
4115,3278
669,1118
1425,1128
502,894
1650,1462
1737,1227
113930,8511
3504,2235
485,1376
1940,1311
5927,3659
1280,1012
1584,2703
892,989
1832,1558
750,824
1304,1184
4824,2446
3483,1580
1159,1549
630,784
1401,927
2037,1354
2265,1268
3319,2958
3088,2432
1698,2841
896,2692
6607,2888
585,2914
2964,1737
2663,2098
593,3105
989,1737
1016,1638
437,1861
1742,1747
1413,1515
286,3408
570,2575
2570,3050
4009,2889
2895,3202
2223,3015
1388,2768
322,1890
583,1453
5249,3592
464,2350
1722,1877
1328,1737
2972,1461
1143,2098
1455,3510
1003,1613
676,1510
5816,1153
1576,1717
8509,1791
1532,2404
1432,2263
13635,1863
652,1331
2591,3415
995,2151
219,1505
4414,4955
1040,2079
1024,1066
1660,2299
313,1095
1557,1600
763,1757
254,2456
5456,2429
718,1379
220,1331
2408,1928
1252,1404
698,1510
654,3954
3050,1576
380,1814
1737,1633
1401,2251
2029,1213
1159,1770
676,1764
1024,1167
652,866
1173,4155
887,2331
1698,2119
380,1174
1388,2963
989,1652
2895,1691
892,995
5456,2262
1650,1432
3966,1945
219,1600
750,1335
302,2384
5249,2248
2170,3873
5192,2248
1016,1452
1455,3877
2265,1663
5816,1359
1742,1662
2408,964
990,1564
313,1582
1660,2180
2037,1103
3319,4692
1252,1103
485,1705
2203,2695
4494,2256
1428,1103
718,1123
2634,2046
2223,3292
322,1782
1432,1612
896,1610
2663,2007
254,2228
1940,1939
2393,1379
8656,1085
5359,1154
13635,2532
874,3059
8600,3576
1868,1437
5927,3227
3826,1597
654,1447
1631,2214
1413,670
5646,3354
1860,1899
2591,2168
3088,1834
4414,1995
15673,6129
669,1064
693,731
1431,1755
1584,2793
4068,3644
4824,2739
580,1366
1576,1265
3504,1819
585,1082
1939,1433
570,978
113930,6770
2224,1582
286,1944
955,2173
5094,2536
220,706
6307,1922
1693,1494
1066,1082
630,1669
557,1694
718,1493
1532,2938
2964,1637
1143,2553
980,1534
1832,2341
928,1725
1280,2248
1722,2170
339,1660
2480,1840
1122,1695
726,3597
583,2064
3050,1657
4009,3132
655,1669
2860,3174
464,2382
8509,1736
2356,2842
12646,4250
1328,1637
763,1564
1557,1474
6607,3131
437,1710
324,1206
1003,2509
3555,1937
7649,3073
698,1206
1425,1184
3189,3198
3483,2013
2972,1664
593,3023
1304,2400
1318,2455
570,1526
1113,2665
988,1717
1832,2231
1884,1929
5927,2299
322,2815
4115,2630
2172,1346
1079,2062
502,1980
995,1957
1877,1716
2570,2962
321,1178
1040,2087
1431,1743
1113,2665
1455,1717
322,1782
580,1844
2037,1444
5456,3898
5816,2722
652,669
2223,1919
654,1493
995,1398
698,500
113930,7534
3189,2361
669,1051
2408,1184
6307,2648
3555,2443
2570,1859
485,1106
1940,1396
12646,5496
1698,1794
1040,1320
5094,2345
655,726
585,1027
1860,1435
593,2262
5249,2620
2972,1331
502,2047
1832,2547
693,1176
1425,1218
7649,3102
1159,1770
2895,1897
1304,1549
220,1203
313,1585
1432,2417
8509,1273
321,1230
1650,1343
4494,2363
8656,1736
570,1538
630,1647
3826,2431
1328,1699
4824,1376
4115,2322
887,2264
2591,3152
15673,3495
3483,1354
2224,1326
5927,2699
989,1910
5646,2792
1868,2324
324,1163
4068,1327
8600,1895
2172,2341
1066,1108
1693,1317
1428,1061
1939,1159
3050,1535
464,2369
5359,1386
1143,2094
1003,2544
1122,2633
1318,2288
896,1740
2203,2532
1388,2699
1024,1099
302,2761
1832,2237
928,1635
3319,2961
13635,2585
557,1708
1173,4193
437,1710
286,1799
1576,1710
955,1296
2964,1816
4009,3165
1532,3004
583,1598
4414,5050
1079,2394
6607,3076
1877,1868
1016,1525
219,1615
2265,1930
380,1182
1722,2207
990,2778
763,1551
2170,4008
750,1879
322,2510
1584,3105
1631,3070
339,1660
718,1653
1660,2207
2480,1802
1884,2486
570,1585
5192,3176
980,1678
2029,1567
2356,2724
5927,3227
676,1556
1742,1856
2860,2447
726,3435
1413,1366
874,3505
3504,1759
892,833
1737,1678
2393,1639
3088,1825
1252,1440
988,1657
2663,2151
254,2743
2634,2041
3966,1945
1557,1590
1401,2440
718,1231
1280,1898
