4047,4509
1060,1868
25910,25643
4620,7863
845,2290
1520,2416
963,3140
5931,6263
1651,4778
796,5675
11039,11186
7105,7947
3600,1241
10000,5020
7871,5366
583,4398
7451,8631
5787,2238
4557,3198
1755,1011
63694,13045
13700,6487
1233,4818
1745,1812
11900,6637
5578,3188
1100,1520
7184,4225
37286,15594
14000,15594
5100,5636
8117,2416
18500,20730
3440,6488
3850,11412
2957,7456
9369,3306
6816,6275
1981,5993
4224,2560
4150,9542
39479,41097
3240,8400
9700,5193
5279,5515
2565,5166
2826,3388
1798,8621
1450,3053
21272,7749
2330,3319
8752,3645
9125,8775
4456,7400
15052,37366
4300,1241
900,1899
8710,8237
7320,7239
11023,1889
6800,6620
10447,15265
796,5675
845,1943
11039,11186
1745,1520
2957,7456
13700,6487
2565,5166
5279,5958
10000,5020
8752,5380
8117,2416
9700,5193
8710,8237
900,1899
63694,13045
6800,6620
4557,3645
21272,5461
1651,3080
7320,9895
11900,5667
39479,10240
4224,1750
5931,17805
4150,6827
6816,5189
3850,11226
7184,8100
4456,7400
1520,2281
5578,6708
2330,2901
18500,20730
9125,8650
3240,8400
7105,4885
4620,7863
3600,2872
963,2910
5100,5636
10447,15265
4047,3319
583,4398
1100,1520
15052,16155
2826,3388
37286,15594
14000,15594
7871,5366
25910,9965
4300,1241
3440,6399
9369,4071
5787,2238
11023,9895
1450,4233
7451,8631
1233,4818
1798,8621
1060,2446
1755,1646
1981,2593
2957,7456
8117,2728
1755,1146
4456,7400
11900,6637
13700,6487
4047,3319
7184,5627
3600,1241
4620,7863
2565,5166
900,3510
6800,6620
1233,5858
583,1812
1745,1812
6816,6275
5578,3188
5279,5515
1520,2281
3440,6399
9369,3306
1981,3011
11023,5275
796,5675
3240,8400
11039,11186
2826,6373
14000,31598
5787,2238
10447,15265
2330,4812
845,1407
8752,5380
1100,1520
7451,16363
4557,3198
18500,20730
7105,4122
10000,5020
15052,37366
4150,9542
1651,3364
8710,5675
25910,21608
5100,5636
9125,7749
21272,7749
3850,11226
37286,19955
4224,2790
63694,13045
9700,3641
4300,2042
1798,5049
1450,4233
963,2560
39479,10240
7871,5366
5931,14368
1060,2446
7320,9895
10000,5020
8752,5380
845,1943
1100,1520
1745,2273
7105,4885
11900,5667
5578,3188
39479,10240
9700,5193
963,2910
13700,6487
4224,2790
63694,13045
1520,2281
2565,5166
4300,2281
3440,6399
1450,4233
2330,3319
4150,9542
3850,11412
25910,9965
1755,1011
21272,5461
37286,15594
7184,8025
6816,6365
15052,37366
4557,3198
14000,15594
3240,8400
9369,4071
5100,5605
5787,2238
4456,6263
11023,1889
18500,20730
3600,2872
7871,5366
2826,3388
11039,9638
6800,6620
4047,3319
4620,15594
8710,8237
7320,6096
1651,3080
10447,16363
5279,5958
8117,3912
2957,4818
583,4690
9125,8775
7451,8631
900,4176
1060,2446
1798,16147
1233,2560
1981,2593
796,6796
5931,15505
1520,2281
7451,8631
3240,8400
9700,3641
15052,16155
4300,1764
9125,8775
18500,20730
7871,5366
796,5675
1450,4233
5931,14368
6800,5975
7105,4885
4224,2560
10000,5975
1745,1812
11023,5583
8117,2416
8752,5380
3850,6362
1981,1380
2330,3319
13700,6362
3600,1241
7184,8100
6816,6365
4150,9502
39479,10240
2565,1241
9369,6847
10447,15265
7320,9895
5787,2238
5100,5193
4047,3319
4557,3198
25910,21608
21272,12088
8710,8237
2826,5193
1798,5553
845,2553
2957,7456
963,2910
1755,1695
11900,5667
4620,7863
11039,5772
900,4176
63694,13045
1060,2446
1233,5858
583,4398
3440,6399
5578,3188
4456,7400
14000,15920
1100,5675
37286,18178
1651,3275
5279,5958
