130.3,83.25
1107.31,83.25
287,83.25
82.5,611.655
69.9,611.655
336.3,611.655
23.2,184.75
116,184.75
246.9,184.75
86.9,123.15
230.7,123.15
157,123.15
72,108.6
84,108.6
258.7,108.6
230.7,77.25
86.9,77.25
157,77.25
82.5,193.85
72,193.85
23.2,193.85
130.3,193.85
69.9,193.85
287,193.85
84,193.85
1107.31,193.85
116,193.85
246.9,193.85
336.3,193.85
258.7,193.85
1107.31,186.95
69.9,186.95
258.7,186.95
116,185.5
246.9,185.5
130.3,185.5
230.7,100.1
86.9,100.1
72,100.1
84,187.35
82.5,187.35
287,187.35
23.2,611.655
157,611.655
336.3,611.655
336.3,193.85
246.9,193.85
258.7,193.85
23.2,108.6
230.7,108.6
287,108.6
86.9,252.8
72,252.8
84,252.8
69.9,252.8
130.3,252.8
1107.31,252.8
116,721.805
157,721.805
82.5,721.805
287,226.15
86.9,226.15
84,226.15
336.3,186.95
23.2,186.95
230.7,186.95
69.9,226.15
72,226.15
157,226.15
1107.31,226.15
130.3,226.15
258.7,226.15
246.9,186.95
82.5,186.95
116,186.95
