2410,1409.51874597
3167,23.5464697295
15233,38272.6251073
3401,3355.62257596
600,1195.32969447
145,484.461457013
1184,541.11095511
11165,8249.38512219
252,3561.82803016
9234,7377.11831737
1613,2276.53903789
4224,9932.11675922
4847,7466.45092984
12556,10284.9780401
3306,7024.66930703
2459,4865.81154844
784,1375.70697226
1188,-1201.86178328
536,-1675.56329357
3193,3457.53887812
3922,4261.83117233
3069,3776.87240457
19306,18770.9990219
6590,4477.63731128
840,183.000845405
148,462.455853353
134,3357.64831531
3563,3180.44473898
947,194.193978859
3558,3837.7227728
724,965.852180174
451,-52175.2224882
47493,-2109.81032915
245,4402.03700967
3238,3198.72310897
2950,6469.0634942
669,1534.590784
1488,-2032.76690534
22444,23525.8933009
1597,5849.99421009
40,-2314.67283163
3638,-739.209459575
9234,14748.3755885
1188,-99.5243532314
4847,5553.98450045
3167,341.558738938
4224,5905.56453933
252,3219.71217657
3558,11651.5017343
1613,2200.96866087
947,1092.34266246
148,424.287116023
12556,8510.74695403
47493,-715.776284212
40,3363.70500151
22444,14305.7331591
3563,2896.9627154
145,-2472.96184963
2459,3666.89642552
134,-16364.5103365
784,345.903975621
15233,37887.5034677
451,-49104.0042528
245,-5136.88673468
3401,4013.68879916
1488,2050.5283699
3238,3382.95618409
2410,4214.12319236
669,18.5405536535
3193,4192.1798434
2950,1572.74504641
724,10329.0306496
6590,11083.1767496
3638,-20645.3408674
3922,10705.9854018
3306,2423.97894412
1597,4116.73608007
600,1084.5434766
1184,2271.8942714
19306,31360.5613754
536,-3216.16183098
840,-4625.64617329
11165,19538.4926925
3069,2386.39068587
840,-767.810499813
2459,3179.3611786
1184,2418.03904542
3922,2016.2198756
148,2813.81695322
22444,75110.6433984
6590,1296.20944796
2950,1739.79304966
3306,1912.56030534
1597,4517.84977487
134,-14294.6848148
9234,10266.4349997
3167,1064.31553791
1488,-186.104056696
3069,3735.5423082
536,-3573.18811256
1613,1880.28818259
947,2584.69664812
40,3653.83471301
669,634.025856353
47493,20480.8653343
245,7097.33051535
11165,10390.4655723
724,2223.71904732
252,1874.68612836
600,276.921882534
19306,19808.7071849
4224,8709.71833071
4847,1950.8018947
3401,1342.70654337
3563,1377.52645845
451,-3621.59520365
784,249.30142907
3638,2659.7191351
1188,765.10166595
2410,1589.69503676
3558,4628.39961452
12556,14409.2987605
145,2467.42160861
15233,38094.7408065
3193,3614.93696944
3238,3555.401199
3238,1082.40551878
40,-2860.21215163
1613,262.228476078
3069,3452.38593134
22444,31444.0317544
669,163.181827397
6590,4682.76334996
252,3499.88204532
3558,3587.53268756
2459,2257.91806387
47493,2091.19871677
11165,12944.8146637
840,779.021123205
1597,2106.71508783
3563,3312.6757993
2950,4466.90749439
600,-275.279909492
145,752.580926345
1188,-2295.12066705
784,1598.17462663
3638,5594.24645314
19306,16462.6900496
536,-3110.65728732
3167,-2199.78864435
4224,3981.37876511
4847,5596.78168983
3193,3356.61119886
245,-1606.41705691
3401,3736.95428396
3306,5925.20254435
1184,1252.66524263
9234,12037.0552083
451,-79907.4978159
12556,14047.1019738
134,-8197.30381848
2410,1948.22026458
947,-4383.91804842
724,-670.166487211
148,-887.442726743
1488,2360.25138527
15233,39180.1560005
3922,2683.78452811
947,9486.66595651
536,-4125.20970029
1488,-1378.31081787
3069,3303.14183578
2459,403.743077206
784,-516.491852747
724,2291.63813233
600,-4.41771480464
1597,2768.36412224
3306,2600.76793574
15233,34801.3355153
4847,4163.56569656
451,9548.67666379
40,1688.41294347
669,582.886089279
1613,1626.64353717
1188,1273.57393905
11165,12385.2136195
6590,8998.11781947
12556,17012.3079496
22444,6299.31520295
47493,-34239.8133892
245,5990.07248403
145,-13604.5069724
3638,16939.319505
2410,3695.66646946
4224,10693.8007398
3922,4897.20964931
3238,2258.85240909
134,3457.36410816
19306,19803.9868144
3558,5934.98062699
148,-1101.86641402
840,960.725996656
252,3941.47988255
9234,8359.48056846
3167,126.648315236
3563,3140.64922738
3401,1532.72989138
2950,1317.6011671
1184,295.328083852
3193,2822.2182764
