61.2,15.05
3.6,15.05
28.8,15.05
10.8,15.05
8,20.05
11.1,20.05
12.9,20.05
7.5,20.05
15.8,20.05
102.4,18.15
2.9,18.15
12,18.15
11.8,18.15
0.5,18.15
4.9,12.35
38.1,12.35
19,12.35
8.9,12.35
6.1,12.35
18.3,7.3375
4.1,7.3375
10,7.3375
21.1,7.3375
105.2,7.3375
11.8,4.85
102.4,4.85
8,4.85
4.9,4.85
8.9,13.5125
12.9,13.5125
11.1,13.5125
28.8,13.5125
21.1,13.5125
10,12.35
3.6,12.35
19,12.35
105.2,12.35
15.8,12.35
12,8.45
10.8,8.45
38.1,8.45
2.9,8.45
4.1,8.45
18.3,13.125
0.5,13.125
6.1,13.125
61.2,13.125
7.5,13.125
4.1,11.0
11.1,11.0
61.2,11.0
8.9,11.0
2.9,5.1
4.9,5.1
21.1,5.1
0.5,5.1
8,5.1
15.8,9.55
6.1,9.55
19,9.55
11.8,9.55
105.2,9.55
7.5,20.05
28.8,20.05
10.8,20.05
10,20.05
12,20.05
3.6,5.1
102.4,5.1
18.3,5.1
12.9,5.1
38.1,5.1
15.8,2.7
19,2.7
6.1,2.7
12,2.7
2.9,10.3375
12.9,10.3375
8,10.3375
18.3,10.3375
10,10.3375
4.9,12.45
61.2,12.45
8.9,12.45
21.1,12.45
28.8,12.45
11.1,5.1
7.5,5.1
105.2,5.1
10.8,5.1
11.8,5.1
4.1,13.3
3.6,13.3
38.1,13.3
0.5,13.3
102.4,13.3
28.8,17.05
21.1,17.05
8,17.05
38.1,17.05
102.4,9.3
10.8,9.3
15.8,9.3
10,9.3
61.2,9.3
0.5,25.518452381
7.5,25.518452381
18.3,25.518452381
105.2,25.518452381
4.9,25.518452381
3.6,9.55
2.9,9.55
12,9.55
6.1,9.55
19,9.55
11.8,7.8
4.1,7.8
12.9,7.8
11.1,7.8
8.9,7.8
