3647,2548
546,1358
2275,2336
7252,4471
2331,3477
4494,10407
3472,2075
1435,3265
4067,6261
2422,3466
9100,10155
1575,2453
2282,3759
710,1748
2174,2913
3136,4226
2989,3451
2821,3473
19894,10325
13860,8965
847,1379
14973,5239
9135,2950
2583,2724
1603,4340
6405,6303
595,2436
1617,3858
4004,4003
3948,6879
3542,4530
2800,9052
2548,2800
4620,3791
6699,5236
5152,4312
5775,4935
1400,8939
2429,1793
3829,4252
5880,12323
14434,4280
9520,11786
8050,12692
3164,5832
2926,3031
1267,2800
1155,2929
2569,3115
2723,2259
5817,6952
4277,4338
14987,9247
651,1355
8232,9982
3927,4051
3983,7941
3626,3969
3437,7470
9051,6217
2149,3641
5180,8153
12824,4389
4172,4611
2520,2519
6783,4739
3913,5722
3276,2674
23940,11863
10577,5465
2352,7568
3192,4263
5635,3801
805,3034
3941,4670
4977,4854
1876,2119
7854,5113
840,4263
5922,7348
11361,6742
7854,3060
1400,7192
3276,2674
2352,8939
6783,5295
1155,2854
1876,2467
9051,5580
3913,4065
4977,4039
3948,6879
5180,7460
5922,6800
595,2348
10577,3657
9135,2950
2275,2516
4004,4105
3829,3414
2174,3587
14434,5171
805,3041
4172,4795
1575,2684
2723,2684
3136,3393
3164,5832
14987,5162
2429,2884
5635,3729
4067,7283
3192,4399
11361,9600
3472,1832
3927,4721
5152,4312
1435,1159
12824,5045
3626,3969
2149,3641
13860,8589
5880,6713
9100,7061
8232,10426
3437,7470
3647,2625
5775,6942
2569,3115
23940,10050
8050,7287
6405,5514
2548,2122
4494,8477
847,1379
2520,2755
1617,4117
2422,3020
840,2765
9520,11786
14973,6961
6699,7243
2331,3897
2821,3473
4277,5869
7252,4060
3983,5628
710,3496
1603,2637
3542,5136
2989,5605
1267,2618
19894,12115
2926,2756
2800,8167
3941,4670
546,1953
4620,5720
2282,3759
2583,2993
651,1814
5817,6417
4977,5801
2331,3298
3136,7087
2989,6338
3647,2625
5152,4760
9051,5838
1435,1159
5880,8930
6783,5295
2352,10592
3829,4117
2821,4117
10577,5411
2569,3115
3983,7948
3626,3969
2520,2794
14434,5171
5635,3801
3437,5785
1400,5276
2282,3759
14973,6193
4620,5720
2174,2677
3941,4081
19894,9556
3948,6879
13860,8965
2723,2259
710,1464
7252,4471
6699,7549
2149,3641
3192,4053
847,1379
546,2378
3276,2961
2800,9052
1267,2955
4494,10407
2583,2906
7854,5113
840,3010
4277,5869
3913,5722
1575,2961
2429,3125
12824,7199
805,2595
14987,7476
1603,4326
5775,7136
4004,4019
23940,10960
5817,4326
1155,2929
4172,4987
2926,3274
595,2436
9135,4872
651,1385
6405,6303
3927,4721
2422,3466
2275,2779
3164,5832
4067,7283
5180,7910
11361,8351
3542,6308
1876,2233
1617,3858
9520,10979
9100,9028
3472,2275
2548,2122
5922,6800
8232,9472
8050,10459
10577,3853
3913,4733
14973,4982
2723,2259
5152,6044
3276,2674
3164,4886
7854,4532
6405,4222
9100,10155
3983,8631
1876,1636
5922,7094
2275,2707
3192,3479
3472,2231
14434,4660
5635,4149
3647,2462
12824,5045
5180,6359
2282,3969
3437,7470
2926,2679
8232,11453
840,3944
4172,4987
1435,3265
710,3300
4277,4338
2149,3807
6783,5295
1603,4996
651,3427
847,1353
1155,2929
4977,5801
19894,12115
1617,3685
5880,8930
3626,4012
3136,4226
2548,2122
2331,3743
3941,4081
9520,11786
2569,4995
4004,4019
7252,4373
9135,2950
14987,6968
11361,5236
8050,7353
3829,4252
3542,5425
546,1953
2422,3466
13860,7031
4494,7729
9051,5838
3927,3281
5817,6182
6699,7150
5775,4621
2429,1793
2989,3389
595,2348
2583,2770
23940,10960
1400,5575
3948,6879
4067,6830
2174,3188
2520,2770
2352,10050
2821,4504
805,2840
4620,5720
1267,2868
2800,9052
1575,3048
3472,2350
3829,4252
3626,2548
2548,2122
9135,4018
23940,11863
11361,8111
5880,8102
3983,5628
4977,5801
12824,5045
2331,3615
6783,2240
1603,3508
14434,6025
2174,2670
3913,5722
7252,4471
5635,3834
3647,2385
2800,9052
2926,2679
7854,4532
2149,3834
805,3102
710,4382
1435,6637
651,4434
4494,10407
847,2322
1575,2453
3542,5136
9100,10155
8050,9835
2989,3451
4620,4307
14987,5162
595,2348
3276,2674
840,3024
6405,4746
1617,4786
2569,4995
1876,2119
4067,5811
8232,8566
5922,7343
4004,3494
4277,7061
2583,2993
3941,2703
3948,7148
4172,5108
10577,5092
546,1953
9520,11786
19894,12115
3164,7999
14973,6193
3437,6238
3192,4201
5775,7187
2352,8939
3927,4721
2723,2761
2520,2794
3136,6380
13860,8965
6699,6741
1400,6944
5152,4460
1155,2642
2275,2931
2282,3759
2429,2938
9051,5559
2422,3286
2821,4504
5817,7150
5180,7460
1267,2668
