13635,9471.44366342
3319,3638.56569314
1631,1882.32205765
1143,958.859419996
4115,3989.58958524
380,-8.40267476432
593,-540.282317821
1173,883.3614473
718,240.299126816
2223,2045.24548488
2634,3139.16133582
6607,5026.9047061
324,211.08967356
2265,1718.54690844
1428,2286.06428563
5816,6222.92659024
669,196.523789963
580,1220.91532188
1252,2031.3548151
2570,2364.30095649
1557,1465.92072268
2895,3637.65208923
988,690.518118242
676,210.190413479
1113,555.010589991
583,325.278073396
2860,2379.26863256
2591,828.082752807
1079,633.495249582
3189,3648.33407123
5249,4990.18411917
652,389.033314103
5359,4398.74316205
8600,9570.69061463
570,153.091205805
887,1175.89216119
2356,3224.93013673
12646,15569.3017151
3555,4567.18949024
4494,9096.35645397
3483,3261.16077552
955,2455.11843053
1304,764.52999493
718,-327.005560574
1532,1228.2196494
2393,4095.6419154
1722,2589.32730474
1388,1849.3603798
1832,2026.61580754
1328,813.305340404
990,1321.35182057
3088,2889.39423505
989,-85.524334587
5927,7968.23103123
219,-487.555556539
630,124.453394847
4414,4298.20194119
1413,1094.18564702
502,478.569934519
5456,4356.03427192
15673,14808.2248209
1432,2018.90371448
3050,2538.33925734
1003,1017.35997135
1742,1436.43039368
995,899.762260422
2972,5864.05909027
286,1317.23253566
2172,2023.56446274
2037,2410.13767033
220,-68.0878339198
322,-144.41460986
928,703.911737452
113930,86756.8120279
896,435.497677954
3966,3714.11296167
7649,4586.51715891
3504,3480.89585433
1877,2472.3799961
2170,2308.29994306
763,690.465264595
1737,2186.58378484
321,-321.13276785
750,873.855130613
1455,2204.14439752
339,128.178899663
1884,1836.89019711
557,61.8959743891
892,1103.9520138
1318,1510.86295681
4009,3388.43279908
6307,7881.05418877
485,564.135642398
1066,1687.01782018
585,-24.2027794469
2029,2229.43009566
5094,5107.78414338
1280,1345.97697256
4068,4290.10926927
726,449.732507271
1940,1324.22787149
1650,2409.0510915
570,-663.564124884
313,-40.8380464749
1016,1551.3801341
5927,5144.27726665
1584,1448.84849818
693,-1.68438446555
1698,2094.80104881
1431,2312.83157522
3826,5719.51712604
2964,3671.48319872
2203,1909.31144382
8509,7335.64654583
4824,6200.45294747
1122,1972.15079241
1860,2063.66668207
2408,1972.98096214
254,-502.35072185
1693,596.922104524
1425,2056.51903663
2663,2298.72959744
980,137.591612727
1401,817.68633852
437,-351.44276526
1868,2229.05619501
654,321.512255949
1660,1585.35720601
1040,930.668391185
464,-222.976253491
2224,2978.58501016
1832,3132.78449823
5646,5512.62381576
5192,5948.90734237
1939,1636.05439996
2480,1788.52093366
302,-1096.70325043
655,235.926055997
8656,10029.9944188
698,-97.1986914241
1159,957.221489046
1024,840.937636063
1576,1530.02186853
874,3052.48084036
322,541.601809571
570,492.322904092
990,1399.55488061
1940,1464.3572347
6307,6917.26117103
3966,3633.1959224
980,481.715252426
219,-9.29308524227
1557,1526.40619027
989,368.124999817
2356,3214.76251441
339,252.1928302
1328,982.874830445
380,265.273027693
2964,3294.25469549
2408,2117.39226125
5646,5388.00745153
1693,725.96606937
1455,2150.40339293
13635,9356.5772367
464,159.162563657
113930,89194.4402701
1832,2111.25497671
286,1452.9786501
1122,1744.97618402
1388,2050.28682495
693,239.849059995
2172,2070.32787368
2170,2227.6036311
1877,2506.32065906
15673,15974.3850748
887,1135.83525873
302,-1157.83496825
1939,1661.03105208
1304,635.183540589
718,-400.049990851
3826,5622.70457862
557,11.0910975452
2037,2551.31063065
1024,914.040656346
324,105.365232444
8656,10103.8020013
1860,2012.55878777
1318,1435.75176868
1576,1571.86832644
896,86.9947000231
2570,2256.09601551
995,632.938063507
583,252.08753137
322,-621.755234086
502,240.02221258
1650,2347.66515004
437,-345.326837757
254,-547.814053258
1252,2047.45674838
928,385.767409139
7649,5927.35222981
2029,2109.8669059
718,267.346402144
2972,5891.40427402
1428,2355.33657801
988,575.445026602
669,195.605740372
2591,1178.76394189
750,717.911874845
5094,4933.06560745
1280,1311.24820007
2860,2512.61197633
3050,2450.6658953
698,-44.805655869
2223,2265.64325446
874,2229.3950978
3088,2736.76799034
1425,2203.96219584
322,520.465825492
1016,1432.3032393
1584,1423.30245751
1742,1052.06500602
1413,1117.97578131
726,293.199427442
1868,2391.91485119
585,64.4930142128
1040,1041.49704358
4115,4145.09918494
321,114.138749212
4068,4418.09344395
12646,15701.2454681
5927,4944.28294496
6607,5599.41340159
3504,3879.81729385
892,1073.53975823
2663,2380.92250968
4414,4208.0020183
2895,3522.78463548
630,129.817111549
4009,3399.45345768
570,-637.988641054
763,436.796057733
2203,1916.9265669
1003,895.02533511
1401,788.929093798
2224,3013.21347671
955,2482.52268826
655,353.418647158
1431,2254.26999373
313,-94.0991718393
1066,1622.66550902
220,-230.002623522
1432,2354.39517581
4824,6193.36158518
580,1224.28619334
1832,3051.04067227
3319,3705.3338358
2265,1941.3748714
1143,1046.21983449
652,380.039358465
5927,7836.99462515
1631,2085.60383468
1722,2871.94221937
3555,4668.93050388
593,-607.141138597
1737,1808.44024476
1884,1563.55746746
1698,2067.00276538
2634,3064.52628618
654,345.664885414
1159,1042.2659882
2393,3814.32993548
1079,1026.12564167
8600,9306.92444409
1113,457.158113423
3189,3527.20923812
485,553.851403139
5816,6187.35359479
1173,1717.19664105
676,214.834162546
2480,1782.11173285
4494,9348.87631702
5192,5839.09586415
1660,1612.85909729
1532,1125.30510297
5249,4983.79618974
8509,7276.85793064
5359,4382.49658635
5456,4708.23454622
3483,3168.85554619
324,181.370884009
1113,533.523988374
1428,2338.22563621
2029,2049.73493847
5094,5056.87876214
887,1195.02875914
2634,3154.64254761
655,390.756967662
1318,1491.4395021
5192,6052.37507797
1832,3106.00712596
1884,1695.08309851
1173,1442.36671781
693,3.1786127999
2480,1921.62640294
1877,2700.55345901
1868,2361.30306108
12646,15861.8592809
2172,2078.68377392
2393,4409.17226013
2203,1967.15531381
1631,2218.9228623
1939,1697.52527886
570,175.109812418
7649,5759.30137931
980,241.246850716
988,533.878697386
1431,2249.04506136
15673,16679.7414016
557,125.564676459
6307,8124.41888788
4068,4252.71173195
580,1724.87471306
1079,1332.70977471
339,306.198485017
1122,2335.7480623
3189,3540.25870846
726,768.900399647
302,-1361.15666677
321,87.2258652736
322,939.643868096
2356,3128.47725817
718,-126.138640194
2860,2861.67043477
4494,9763.13085026
2170,2332.42353104
1860,2085.51533659
8656,9837.71986026
874,3889.23418719
5927,5456.80192226
2224,3111.71451464
1066,1616.23532267
5359,4454.045777
5646,5253.41801103
1693,834.137151375
3555,4832.38431272
8600,9333.98739717
3826,6237.69914378
928,566.628148515
955,2528.74300905
990,1515.82210701
3966,3684.83608993
4115,3919.38458332
669,472.056329406
1425,2367.30509314
502,454.632050698
1650,2342.75061054
1737,2087.11032377
113930,90471.2625262
3504,3653.76753105
485,600.194337325
1940,1457.22099488
5927,7658.82236775
1280,1504.22280137
1584,2070.50887359
892,1367.31902597
1832,2281.99012369
750,939.625230349
1304,1012.06999193
4824,5714.17923863
3483,3182.55398351
1159,1066.46744664
630,316.252516965
1401,1077.67458851
2037,2474.35564792
2265,2300.73446148
3319,2999.247991
3088,2742.62488036
1698,2004.40228179
896,45.6841911895
6607,5523.48879192
585,-78.642184645
2964,3616.18593929
2663,2344.1983079
593,-469.961838159
989,-208.691701639
1016,1453.65506748
437,-341.99100914
1742,880.646791891
1413,1060.23363327
286,1195.56016706
570,-732.704670346
2570,2263.81028345
4009,3310.74064208
2895,3420.92993246
2223,2227.83456677
1388,1626.8323574
322,-650.444380381
583,276.875948862
5249,4725.3922623
464,-344.834546239
1722,2447.02183473
1328,689.410901824
2972,5576.25227451
1143,1022.53310809
1455,1976.24862712
1003,709.151115049
676,125.12888268
5816,6148.90936525
1576,1226.83475015
8509,7106.81610436
1532,963.167970581
1432,2356.25404658
13635,9541.88359683
652,345.324876792
2591,887.675278507
995,610.358507442
219,-562.016109699
4414,3822.87188373
1040,1541.37242548
1024,715.663822994
1660,1441.69834167
313,-129.681844011
1557,1389.26239984
763,399.253322923
254,-488.900318817
5456,4468.12873104
718,191.981608493
220,-261.268795859
2408,1946.62317682
1252,1980.45426227
698,-125.502660263
654,40.7867168579
3050,2250.97053182
380,-58.237308219
1737,1872.14171509
1401,856.049698671
2029,2207.51663362
1159,994.063097021
676,164.669988709
1024,927.96887122
652,363.871786969
1173,1529.95037957
887,1238.35764624
1698,2040.45649097
380,0.0919624264876
1388,1617.92857647
989,-110.57916966
2895,3541.33413487
892,1027.17037924
5456,4643.17317664
1650,2373.5892119
3966,3885.29933778
219,-513.086888933
750,707.036654443
302,-1162.57257219
5249,4827.22913313
2170,2176.69386194
5192,5780.06643819
1016,1509.90569479
1455,2051.38988639
2265,1866.54737215
5816,6167.49570214
1742,950.884069245
2408,1911.2553326
990,1288.64657064
313,38.614010157
1660,1634.61036911
2037,2562.23714293
3319,4237.1876857
1252,2086.2860943
485,584.530546208
2203,1942.71704393
4494,9598.59183133
1428,2145.41788903
718,-164.804945861
2634,3510.2383486
2223,2345.20114557
322,-522.399535133
1432,2497.40274652
896,232.00299721
2663,2520.08144433
254,-423.126206362
1940,1322.75239007
2393,3682.86833015
8656,9837.79964579
5359,4417.75904264
13635,10124.3434429
874,3424.59966781
8600,9258.9789722
1868,2412.04619874
5927,7542.66070797
3826,5906.91782687
654,834.671473791
1631,2470.2916504
1413,1066.60362518
5646,5466.99817041
1860,2083.91022536
2591,2074.76381501
3088,2889.80940329
4414,4392.51609117
15673,14455.0510757
669,438.42027675
693,195.880590304
1431,2120.28675793
1584,1998.23718996
4068,3916.71442029
4824,5572.14607019
580,1022.8294453
1576,1799.22873866
3504,3567.31293331
585,621.031601012
1939,1686.63952765
570,-216.934207968
113930,90161.7400925
2224,3053.40601788
286,1536.37972052
955,2530.4229653
5094,4917.43711928
220,-31.1211848221
6307,7066.0306534
1693,718.933140087
1066,1505.83365647
630,63.5714445545
557,29.2588208321
718,261.252682773
1532,1085.48570458
2964,3724.28733056
1143,931.120060086
980,160.487062649
1832,3084.83935914
928,457.932579457
1280,1229.6405068
1722,2569.5050678
339,69.9604287906
2480,1799.19448289
1122,1797.53495788
726,388.969997849
583,232.770645937
3050,2370.65899035
4009,3319.75864347
655,294.298976331
2860,2524.49321742
464,-235.721102191
8509,7185.84074569
2356,2980.58867977
12646,15471.6877136
1328,792.373977913
763,410.197923565
1557,1410.63942108
6607,5479.99863856
437,-310.222128031
324,150.015385198
1003,753.936831606
3555,4510.56859683
7649,5779.35549804
698,-85.5780026331
1425,2137.38064371
3189,3665.16943423
3483,3261.54112244
2972,5811.21951537
593,-698.121471713
1304,716.034437024
1318,1443.80624764
570,125.655236256
1113,485.885630763
988,523.867523473
1832,1942.02999826
1884,1612.12331224
5927,4962.75362501
322,505.835008842
4115,4099.98088515
2172,2021.40005859
1079,867.009772359
502,286.708558444
995,642.290016854
1877,2655.03114771
2570,2312.18555862
321,-163.357001946
1040,717.932826956
1431,2111.49879001
1113,669.831813361
1455,2200.90493396
322,-252.491246399
580,928.086496828
2037,2416.6153781
5456,4447.32406871
5816,5274.77226772
652,471.346864067
2223,2541.35633563
654,764.190977755
995,863.538156525
698,260.746788772
113930,92248.6177795
3189,3670.12495578
669,392.615615881
2408,2156.65408264
6307,7162.66545103
3555,3949.65170893
2570,2348.39569948
485,550.608010279
1940,1459.46096377
12646,13609.3341553
1698,2032.72367504
1040,665.228663729
5094,4905.2771849
655,510.913588434
585,591.874832616
1860,2116.53510457
593,-691.218336565
5249,4916.38710765
2972,5601.29309958
502,360.474352258
1832,3145.19571431
693,94.6177632625
1425,2183.76217064
7649,6044.78158317
1159,1057.02183435
2895,3625.51130239
1304,741.554450011
220,-213.290435243
313,-59.0448731716
1432,2169.99607209
8509,7294.22189472
321,52.9381050631
1650,2439.39200606
4494,9082.45207837
8656,10188.1274428
570,-545.661162193
630,184.515514292
3826,5710.77767357
1328,795.368062012
4824,6177.02412845
4115,4172.72327563
887,1337.02522942
2591,1312.19325041
15673,15854.3207759
3483,3271.55329859
2224,2947.23052446
5927,4765.35645061
989,-180.142954488
5646,5589.43698139
1868,2416.02997202
324,133.40836519
4068,4271.14330994
8600,9115.7382051
2172,2077.64297553
1066,1647.10857903
1693,588.493352015
1428,2299.35331525
1939,1721.33985964
3050,2295.34527247
464,-261.326725858
5359,4333.73064972
1143,1042.4757308
1003,837.333668601
1122,1882.82953946
1318,1471.12457189
896,148.808423706
2203,1896.07577047
1388,1368.99331968
1024,938.707859482
302,-1274.94931382
1832,1815.30250125
928,490.984385299
3319,3560.8804461
13635,9788.16530706
557,54.2180652695
1173,1453.9248979
437,-299.049029912
286,1513.76966866
1576,1400.27744383
955,2470.29852121
2964,3815.42939454
4009,3334.8779262
1532,1089.29919434
583,267.744430137
4414,4147.32734034
1079,812.484453861
6607,5422.79162579
1877,2693.87098058
1016,1366.20151705
219,-480.677311394
2265,1859.65707868
380,-57.9941181419
1722,2695.14623128
990,1136.51560221
763,445.656559146
2170,2020.11417614
750,676.176253685
322,487.487629236
1584,1388.87582632
1631,2232.56838416
339,130.913035693
718,296.357978008
1660,1569.25440407
2480,1742.10050658
1884,1555.11531288
570,71.7644597181
5192,5949.39936344
980,53.7591881158
2029,2115.26477736
2356,3206.22216583
5927,7928.62759999
676,121.923665558
1742,945.164344259
2860,2684.8790103
726,658.195785506
1413,979.591009957
874,2897.36257824
3504,3856.55287339
892,996.416126475
1737,1793.6394828
2393,3974.5562728
3088,2849.27198187
1252,2040.54249796
988,421.103802048
2663,2345.52695781
254,-575.064679879
2634,3267.0070424
3966,3884.28982451
1557,1372.85433867
1401,773.199675318
718,-411.236767605
1280,1264.66786789
