61.2,28.55
3.6,10.95
28.8,10.2
10.8,12.35
8,6.45
11.1,6.45
12.9,20.3
7.5,15.85
15.8,9.85
102.4,83.2
2.9,9.55
12,10.2
11.8,15.6
0.5,4.5
4.9,5.65
38.1,41.15
19,19.7
8.9,13.3
6.1,2.3
18.3,14.9
4.1,3.3
10,4.5
21.1,14.9
105.2,81.8
11.8,15.6
102.4,83.2
8,7.0
4.9,4.7
8.9,7.85
12.9,9.65
11.1,5.45
28.8,9.65
21.1,18.65
10,4.5
3.6,7.5
19,19.7
105.2,81.8
15.8,9.85
12,10.2
10.8,12.35
38.1,40.1
2.9,9.55
4.1,3.3
18.3,18.45
0.5,4.5
6.1,3.85
61.2,28.55
7.5,19.95
4.1,3.3
11.1,5.45
61.2,28.55
8.9,7.85
2.9,9.3
4.9,9.85
21.1,18.65
0.5,5.1
8,10.55
15.8,9.85
6.1,2.3
19,19.7
11.8,15.6
105.2,81.8
7.5,7.0
28.8,12.35
10.8,12.35
10,5.45
12,12.0
3.6,10.95
102.4,83.2
18.3,18.45
12.9,20.3
38.1,40.1
15.8,9.85
19,19.7
6.1,2.3
12,10.2
2.9,9.3
12.9,20.3
8,9.3
18.3,18.45
10,9.3
4.9,5.65
61.2,28.55
8.9,13.3
21.1,18.65
28.8,10.2
11.1,10.45
7.5,5.45
105.2,81.8
10.8,12.35
11.8,15.6
4.1,5.5
3.6,10.95
38.1,40.1
0.5,6.9
102.4,83.2
28.8,10.2
21.1,18.65
8,7.0
38.1,40.1
102.4,71.65
10.8,6.9
15.8,13.6
10,5.45
61.2,28.55
0.5,5.1
7.5,5.45
18.3,20.05
105.2,81.8
4.9,12.35
3.6,10.35
2.9,9.55
12,10.2
6.1,2.3
19,19.7
11.8,23.55
4.1,3.3
12.9,18.15
11.1,5.45
8.9,7.85
