395,418.781164072
374,316.669450509
3148,3680.96034005
190,158.182933491
11719,10443.9932023
1028,1068.16497332
7490,7287.00301631
237,186.692515978
2971,3137.01468906
1916,2052.88290797
1249,1230.07914697
16042,15969.2317056
8227,7482.03725453
7824,7634.92882211
3566,3223.53247219
7263,6978.22897257
212,162.596682007
1238,1209.85913432
687,715.013618949
2321,2395.66815288
1278,1229.11857465
7060,7059.36641926
440,433.268728204
1984,2121.70782708
1930,2074.74109168
729,685.488840999
2446,2222.86230853
10200,8860.0141767
2999,3192.22711164
929,1008.9061088
5732,5265.30417456
4504,4195.5731079
817,881.58817853
4150,3695.22174451
4164,4030.3110227
500,418.462922085
6138,5692.92286922
1121,1194.83053259
448,461.827452808
14520,16208.7074304
4158,3895.1820887
3800,3501.06211784
640,563.128208046
1167,1119.47941221
2836,3108.70108249
54620,53755.3464248
1262,1508.6431204
903,879.868647728
2540,2770.56662363
780,760.249463583
3500,3455.59168701
5242,5641.36931364
2387,2574.01456709
950,989.26057646
3133,3060.92402711
1061,1153.23793033
4622,4142.0184534
1134,1060.2755753
3437,3733.76928093
15165,14168.6647836
5333,5593.44523495
3214,2974.79166949
352,281.221590009
2941,2836.36906533
1035,944.8838986
9094,9144.02487515
619,514.542096786
498,363.167017923
883,815.945282786
1434,1295.92805679
3655,3883.81414613
246,272.586970132
1158,1125.26515704
8702,8997.9595822
570,652.333394356
1704,1757.18234409
2108,2219.86790439
1532,1399.87211519
526,525.870872255
941,775.796996433
1451,1662.40293619
7575,7554.51511739
26,8.84716221749
3322,3793.76535099
553,453.675268436
1741,1815.96942771
358,393.002480518
3762,3543.16186115
601,629.643329708
911,878.317517736
10222,9760.86485957
2112,2180.92124976
1017,904.612664814
2385,2243.57587474
2684,2911.79860812
1126,1232.88696581
700,682.26107226
191,212.65868372
1644,1732.34111773
3877,3561.80062305
1525,1695.96854954
3006,3493.57595515
300,224.573497005
676,752.236070443
183,228.07374387
668,658.034719979
705,782.855859357
32760,31821.2028599
1293,1376.41671764
281,258.313857238
2683,2477.76978041
1265,1190.24953046
2933,2773.99766675
1607,1723.06488648
176,168.881158552
784,708.567473112
2835,2595.62092714
540,570.681104926
3612,4262.23870386
3431,3739.5064033
380,282.926641091
3193,3159.25496908
3646,3978.47846969
5639,6214.20859878
720,626.839509357
631,588.761840425
2552,2474.55270773
2326,2501.17098265
5196,4619.65585699
28855,45521.0647839
25217,24603.8131342
736,682.948409191
16921,16724.9146608
1788,1670.55637214
2109,1978.55313868
1661,1600.96845529
129,150.929767951
17607,16599.6153278
16788,14960.4629898
646,694.769041423
1007,976.993766327
481,551.555366299
406,385.979181454
7505,7442.21801627
5053,4976.12037284
1171,1136.45463074
7762,7279.06259294
2002,2080.75218476
566,567.138449677
2019,2194.95975918
252,221.315318749
742,808.002652109
25401,22307.7656884
943,1010.72607983
8549,8584.35047337
1514,1747.07780756
281,250.099197852
4112,3978.0115328
665,634.228585563
2988,3238.72641473
1785,2082.48915063
3630,3464.77925607
2994,3296.63311369
239,153.993629892
286,325.975846506
871,886.976407112
22920,23881.2086274
5432,5037.36778417
247,169.80324595
4723,5109.99309516
584,593.847129773
2597,2524.94972128
893,864.587634633
34085,39812.2247495
499,655.34209631
440,323.590501329
13130,12915.2592454
683,659.863408827
1101,1142.46434777
338,414.504242965
5400,5307.71543795
8470,9196.0381195
5532,6008.2717219
114,74.6127135683
408,380.975827832
1211,1303.12321988
6068,6089.61954553
801,696.616791791
334,366.733294283
774,678.981308908
4800,5083.49573683
500,437.072558587
976,1000.29314091
3372,3491.41596739
973,1085.30281028
2496,2169.42485729
2400,2367.52124985
486,438.413892969
564,579.265613441
5533,5669.09211207
2532,2844.80625986
580,480.599026726
3238,3383.82753428
2054,2220.12841711
220,187.697374684
1464,1454.10259176
893,874.675495843
770,733.168756014
6821,5974.13557117
225,235.336644233
354,266.357110159
2038,2404.78114346
1186,1317.55680842
1039,1134.9810556
1829,1564.78021382
2027,2152.49509497
410,429.730525596
2450,2640.26367325
252,238.605972912
8663,8912.44483157
2347,2497.09927566
349,321.046052768
6844,6113.59694391
2553,2332.77456426
5103,4561.22927943
2082,2070.97869942
803,846.999417271
1139,1227.60689074
201,145.082388671
400,1284.52082557
1786,2038.31086373
528,548.107548859
2856,2926.00655465
2672,2631.08240489
2362,2336.50202688
605,435.319692099
3191,3730.43778438
4086,3953.8235901
246,268.220306222
2515,2681.73602105
2333,2634.0084036
450,347.935196775
2974,3148.41725131
436,460.96194289
2185,1983.1829954
3503,3567.6765842
1200,1284.04272277
1817,1768.90874994
1333,1376.16412041
3711,3814.45052759
117,76.5064382468
1243,1364.61745643
5841,5347.90344379
5597,5581.48690679
43303,44815.1920866
3532,3069.30816936
19699,17309.0366786
2566,2495.19059576
3995,3538.37625959
2435,2802.96964645
1073,1001.11308158
1210,1289.52968713
27000,25113.2518746
1584,1670.19427687
1853,1744.85555787
5800,5708.97287033
3434,3738.98529427
3585,3865.23015367
2395,2361.93511634
13528,11365.797798
2600,2475.67939434
1076,1081.10420747
300,299.240881666
140,103.254201356
1049,956.070212986
26408,25907.3553754
1634,1651.50562444
145,105.475502128
2459,2689.56348104
16560,17052.8220577
1417,1358.77850827
1775,1700.41286804
305,338.660378643
1248,1312.32478283
7443,8024.4522356
2520,2737.34045939
249,258.779831981
387,424.519266018
1396,1300.47686722
7091,7636.67685919
296,286.245169784
3348,2999.42150542
812,847.254294159
8046,8692.66638427
8740,7695.45068128
1869,1721.39133226
976,916.250349875
80,38.8345890331
6416,5615.28025035
4416,5401.24189091
2310,2196.03347585
8716,8724.8147932
10942,11810.0697485
136,163.032142501
417,478.921131906
569,615.290394376
534,578.570923928
5727,5413.02725239
16357,15515.9948351
686,753.586702064
752,757.179022072
21014,21176.4571163
778,871.533553606
392,406.524892609
3189,3821.25485957
2551,2542.30921536
563,560.929793653
4945,5267.6811751
1896,1984.16088221
2064,2174.80802112
1754,1675.64778797
3287,3786.64233701
3853,4111.40640866
2391,2335.43120692
3219,2979.70210263
1313,1440.4094713
2521,2714.90217437
2360,2293.24562862
1244,1386.67534539
4301,4205.80700171
1223,3866.32932275
3677,3848.46812789
211,207.025955415
591,642.729982156
1393,1531.27581257
140,110.746596901
148,169.33264035
667,588.887568337
311,370.00778538
1080,1193.64483235
503,593.720896706
399,319.192554595
3675,3924.01750097
1724,1763.33931522
997,1099.47746988
9720,9421.26806052
597,559.832610129
49034,43595.6588358
14938,13793.6425776
198,159.348435663
3546,4016.62787776
3201,3527.01485034
25482,27939.1137733
1238,1108.84316099
470,878.936580948
2306,2689.6881398
1823,1981.84704499
2299,2464.43716921
701,642.152339807
909,1046.10621085
2604,2823.12528391
600,572.334989761
3303,6052.29150288
1686,1831.49771438
4054,4609.96214103
562,686.268532742
477,567.557795067
937,972.491693724
544,532.358680967
764,840.019432733
5482,6236.41175192
601,605.899275905
3088,2787.68110625
1001,1123.18687719
170,90.8856225931
293,229.063302366
1694,2040.18532088
4019,4286.60592926
5864,5356.58512514
4695,5112.01956452
4947,5265.91080235
9409,10163.8461291
827,907.776074087
560,496.220107943
2933,2791.18172198
1404,1309.35168965
454,470.217629799
763,740.420323773
2890,3073.88914025
25054,22993.9749423
13919,13930.8589126
328,401.721441439
2244,2114.33665443
2791,2566.79942341
2430,2290.68345939
1694,1567.83663085
1668,1822.57890259
241,169.744216503
2445,2635.52707467
344,334.704016236
2565,2470.7891065
3748,3676.9498729
2184,2014.66219143
3368,3725.87403586
579,671.160406484
11388,12271.2610384
29399,25789.7977601
285,262.383682825
4630,4548.33868834
391,416.068078744
494,549.306969898
12551,11060.7923391
2508,2323.71263403
4266,4021.38409325
6765,6770.26692573
1557,1399.60302553
4867,5687.53627049
7459,7845.78720973
4900,4853.8001996
11045,9834.00002181
13752,12739.2888671
776,891.436729719
3638,3646.01856258
1482,1625.09490459
1538,1479.26686995
1801,1856.07143846
1383,1469.71244749
2741,2582.86734378
594,598.741821475
2014,2401.59846535
471,455.660756035
1727,1654.76609334
1251,1271.09301457
341,362.69770807
6063,5684.34981146
3703,3469.48989141
5650,4960.99586527
1050,980.478683151
2952,3043.2513135
1939,1770.19690803
2040,2236.14976969
9296,8205.32598358
2640,2771.8749849
702,646.69030944
4551,3974.89384865
1358,1440.66706707
906,1081.13233173
404,445.609918856
11490,12827.59834
4955,4694.06158421
442,422.86879375
1362,1254.55248426
992,947.510671815
204,271.867696877
5757,6349.01501369
789,890.538541082
3344,3506.29666511
5876,6335.12031648
3981,3952.76285832
33028,30609.6637273
2533,2441.23633925
1586,1854.64263967
5078,4657.77811796
691,721.688841862
329,421.001173039
2194,2350.84098405
8706,7653.90732994
1440,1345.15036256
2078,2086.56893585
10080,10039.0309226
2088,2230.82481305
2639,2939.04070131
3132,2756.97927409
1708,1986.02470548
4815,5726.15826019
7816,7742.32536063
915,863.002937033
762,708.212522053
3234,2992.46554376
15039,14749.8912268
899,912.265985145
8111,6779.84792211
667,739.872839883
617,658.840462954
1213,1319.88932377
10398,10156.5536517
1817,1928.4373775
2542,2490.49385003
1512,1689.28708183
16179,14032.8007641
89,64.4937445633
1579,1671.21728343
2738,2882.85333274
36046,30374.6372963
22500,20910.5119077
483,539.702717055
3986,3961.46105439
338,266.976791604
1246,1287.17107979
349,331.405136328
498,395.039480869
212,191.31818317
129,140.151629876
2002,2112.61064806
2835,2590.23952054
2310,2190.9252664
1708,1993.17630615
2306,2645.53134527
3148,3714.20402954
80,39.1709002286
691,719.692393736
591,608.127658632
665,633.958109208
183,226.032427214
380,294.008523968
601,596.71318782
3762,3516.8489145
499,677.757361451
1238,1190.80654056
4112,3965.66958233
2941,2828.07987692
300,220.335110356
1080,1181.78821132
683,672.0048165
417,459.192214426
1200,1202.23324643
600,582.279542598
2566,2438.5442071
1293,1408.49979088
2988,3238.55170305
646,716.080937043
778,850.909769077
580,476.867910335
883,821.545494367
338,244.702072299
2565,2515.21568971
6138,5664.75861858
540,581.809187814
1211,1297.20409266
736,686.105206543
2088,2248.33423946
25482,28142.9595651
4945,5166.02204887
2387,2579.57132093
5482,6284.27330034
503,576.448238689
2738,2918.47985034
1243,1407.93954037
3532,3128.00767489
700,684.510858621
2078,2063.83858252
701,646.080083708
5078,4716.24597341
442,407.583948829
6063,5812.62818147
3006,3555.18741697
9094,9693.63850008
1512,1696.2547747
1396,1292.61303683
190,157.194642423
2385,2180.60116029
2639,2943.74172054
1440,1343.99672587
387,419.955511832
2321,2432.81080465
8702,9013.3768026
471,441.097401328
2600,2443.59857417
2890,3063.02859098
1417,1349.3222161
1186,1286.60489943
617,654.191146904
1482,1636.40850843
281,267.320248042
5597,5580.31297635
22500,21140.9058235
252,237.797438221
4815,5732.53783306
3238,3425.31459424
5639,6046.51277618
601,649.789062646
817,865.011804015
2553,2296.733751
1139,1258.29489699
1121,1174.23646832
400,1283.70999926
702,672.673977669
211,163.368001918
667,572.067926035
2446,2172.33913637
4158,3943.19071987
4900,4874.58186637
1244,1375.13757893
89,46.5240545195
893,868.163533273
486,448.037210825
16179,14373.275602
22920,22689.3977177
1028,1055.21483975
584,602.755376413
328,375.103756242
579,665.457321212
2326,2480.57855921
1869,1669.39412567
5841,5415.21486445
1210,1333.26256365
2400,2461.04302776
1249,1225.58925916
1724,1729.40515015
5400,5252.01314591
2445,2636.22077302
3748,3637.09025209
801,720.139977047
528,533.993992861
3981,3776.73382143
903,885.225754215
4504,4183.18645875
338,420.979743205
241,163.690538613
500,482.321236347
21014,20865.9596256
6765,7451.49924317
3612,4215.00107601
560,484.659083042
1434,1271.50702218
311,348.556874118
5103,4680.73836894
2435,2735.12730268
11045,10389.0292871
1134,1092.94126352
329,390.422696915
16921,16546.8131195
2952,3025.46998597
2994,3281.31534523
562,647.615656683
399,332.140528729
1694,1995.02119776
296,279.3372987
5727,5547.99835743
406,378.814200581
2856,3011.9858514
352,283.862491719
5196,4608.82532175
5732,5443.21091076
2532,2860.09992746
4054,4642.12488699
687,731.291837215
3201,3491.26655891
2064,2115.51203304
1073,970.071539576
937,914.42018398
5532,6151.89114138
2552,2469.67436109
2082,2097.60671104
570,633.715017343
34085,40792.5192953
4019,4149.16466933
2496,2185.21172295
4695,5221.87877603
2109,2005.4758414
1167,1135.8203179
569,601.220534381
198,163.794172559
1464,1467.998475
1668,1764.71426117
7816,7688.99920577
5432,5041.02401761
1916,2011.20713863
117,86.7356865652
667,708.151255986
374,319.391749078
1050,996.3465293
5242,5845.33609638
871,914.239902239
4723,5155.60432152
899,857.836026659
1801,1821.82165012
2791,2541.62041188
10222,9755.40936133
7263,6950.55695378
1223,4168.59022135
43303,48891.4092406
2974,3294.52484446
1362,1239.50046412
1584,1628.43532006
3234,2955.76649446
454,461.842925993
28855,47411.3027054
1823,1945.65869132
2515,2575.52405683
1001,1073.89383551
742,809.254503069
2450,2597.72552192
148,147.56447708
534,558.291959564
7443,8344.49784047
2194,2331.31192921
803,820.584394022
5650,4979.42511693
1853,1706.15699489
2672,2616.20453987
566,608.254028142
114,75.0303825041
500,447.006086956
3546,3945.40086453
27000,24368.1244197
2604,2760.68466614
3566,3177.59148533
1607,1653.90399508
812,894.794585977
1984,2139.6327762
1007,1067.73237051
1930,2117.19635953
2933,2767.1339557
3646,3906.20113064
36046,30724.6734379
8470,8551.01881455
239,256.619490066
676,799.336780869
1049,963.690380629
404,469.311027067
1076,1082.4363707
201,169.174882515
13528,11031.4895271
140,110.222051958
640,563.975057786
3344,3588.69001315
5757,6258.83305076
3214,3093.59438461
553,480.101703598
15165,13889.3582078
789,904.447060888
4164,4085.66732031
1514,1739.46073069
136,165.091116693
997,1101.36085068
1313,1441.09517181
8227,7354.55070909
3995,3429.57951665
8716,8613.86428001
1333,1383.91296752
33028,30685.9780244
176,165.533285132
8740,7541.21255942
763,748.53265819
3372,3401.39172307
597,544.817105518
16357,15376.3475731
3191,3717.94059996
1126,1279.8900943
4955,4703.39839061
17607,15837.1755203
9409,10014.8307932
14520,15916.9452667
1451,1683.6800804
3503,3511.37987428
2244,2111.59504187
2542,2524.51310098
440,441.993064333
564,619.693374132
2999,3130.9422973
10200,8804.23337855
470,864.31375806
764,847.393535429
976,941.452932023
1213,1359.95842175
2038,2357.35858206
483,541.781802173
915,898.312361785
1634,1580.33078014
10080,10070.0860235
976,1025.93136128
1251,1264.09054232
5053,4989.96042499
526,545.537513928
391,421.423249107
720,678.934488143
7505,7289.96889257
54620,54426.9536786
246,286.506306176
13130,12566.3723676
249,259.229780623
780,826.467506005
2391,2334.84851086
893,917.105217548
1404,1295.50555157
1896,1995.34988606
2362,2347.56337278
8549,8565.38152566
3585,3720.47012007
3431,3764.85944356
3437,3624.299704
145,118.108119503
140,114.397414564
4622,4054.41037965
1644,1750.68029189
1278,1260.24928612
2108,2217.3724224
594,590.313470493
1393,1523.9385219
1786,1957.25300962
1383,1466.32924145
8663,8783.96293363
25054,22885.9826028
729,680.834437986
204,258.987142212
237,207.744184344
29399,25977.693593
1661,1618.59830396
8706,7732.71246801
281,261.95601418
8046,8662.58140957
1686,1816.57971894
1939,1768.23867237
11719,10381.3315466
247,176.070896737
2112,2165.6844522
752,724.61139776
4947,5163.28832675
300,320.218099468
477,541.348038133
1061,1147.92180183
3703,3477.37037872
943,1032.67667926
5533,5588.90540875
2683,2496.92177842
1101,1173.4606056
1586,1854.16198192
1246,1294.98416332
1265,1193.91519707
4800,4946.18125918
774,690.085044958
2836,3089.42424956
2551,2524.76287233
1788,1676.16648305
1775,1722.57676609
4867,5691.18336134
4630,4555.31921466
4150,3646.43065229
3348,2970.46847968
1158,1120.01343315
2640,2782.16529146
3088,2776.4668449
1017,950.409278166
2014,2403.53219225
1754,1667.81434323
408,409.477355447
3877,3509.18783541
285,253.49744726
1829,1658.41134757
9720,9324.5174811
1785,2063.88868426
2027,2144.47588681
3303,5975.24635363
2333,2598.95622163
3638,3676.61419297
354,279.489378657
2185,1957.30822783
3193,3129.68179642
2360,2282.76175783
6416,5536.96433968
8111,6852.1596198
7762,6995.11666038
7575,7443.95105799
25217,24313.2985633
906,1068.86593072
2040,2251.11376609
2184,2020.80035407
1171,1144.91765952
448,480.435013003
3219,3001.19500014
440,334.874297483
4301,4178.3700476
7824,7657.67782032
3287,3788.22170572
191,192.786467551
2508,2305.55347579
3133,3073.79579177
544,517.511340399
1262,1503.17549273
4266,4029.38824934
3434,3700.87435954
1358,1431.71590413
7459,7919.22184461
2597,2533.31766832
26,30.5939114892
1238,1138.02351531
1704,1764.58494104
3322,3753.83609375
436,475.248885385
3986,3869.34170404
5333,5345.30258568
1525,1667.08923023
1035,948.093484836
25401,20627.464754
4551,4011.17277243
619,554.172881457
973,1091.56833184
11490,12775.858121
1741,1817.61611365
341,342.79200481
2395,2300.44385444
2347,2456.71522626
494,537.239305873
941,836.120944544
2520,2726.48319236
26408,25779.403365
450,356.491330992
686,719.538789292
2540,2587.21576603
3711,3792.91472316
32760,30282.5435381
286,332.122977572
13752,13017.3994682
631,610.112841848
246,272.583482724
3675,3802.38126797
358,390.642202068
605,517.798575455
3655,3875.32979517
392,399.18121851
5864,5237.83305897
9296,8300.95834887
4086,3961.13157716
992,946.722153935
395,423.492570801
4416,5374.57375895
827,891.429754301
1248,1297.28589116
668,674.01253925
6821,5947.76513608
2971,3113.64761211
563,554.407505589
293,227.753609015
776,886.433314531
1538,1540.20683579
12551,11044.1888267
334,385.476492353
16560,16791.7831256
1039,1118.60740272
7091,7571.04907825
929,1007.49273752
7490,7351.91992711
5876,6312.29042769
2933,2707.33776074
950,954.107848437
410,439.017957229
3677,3720.95483852
3630,3346.12014517
481,578.871744108
220,189.380186844
19699,17430.1048325
3189,3815.49811332
16788,14095.0309393
1817,1938.67999113
3132,2778.78766397
344,329.503546754
13919,13884.8035743
770,700.124184839
909,938.982827992
2430,2267.50546089
911,890.730708212
7060,7060.65692961
10942,11599.7773449
252,241.287285038
1817,1715.80389533
2521,2616.77503339
10398,10077.1602981
1694,1571.88234352
170,86.7240218319
1579,1658.26684209
14938,13573.7461668
2684,2875.67216624
762,666.582745763
1727,1628.82953982
2741,2541.25146971
2299,2422.06238344
3368,3719.55436143
15039,14893.7653293
225,225.72428285
5800,5667.74944246
2533,2423.69990566
2019,2213.58246257
49034,42944.0394717
1532,1399.509963
305,340.649492105
784,695.601026381
3853,4012.7466149
2459,2662.92166352
11388,12278.3457471
6068,6179.02068205
2054,2181.87975117
16042,15864.0715885
705,785.525275987
6844,5961.83587831
1557,1384.60534095
3800,3493.93990053
3500,3418.47777891
3877,3583.12832559
2988,3252.57423737
380,306.057483747
4551,4109.88135244
2002,2128.27517783
2604,2827.47046687
2533,2444.35467557
705,789.899568827
246,276.814615559
3566,3268.52327471
1896,1975.16199795
477,557.888187163
49034,44682.9878738
1383,1506.84136246
1121,1211.69482039
28855,44831.8951643
27000,25190.6953391
4416,5403.71303262
1538,1448.34294679
328,391.986992612
4955,4774.57286272
329,380.075185462
1801,1877.28111053
2741,2590.18150302
700,700.418536023
1557,1408.30414662
311,356.809035153
3348,3081.44643712
1101,1191.21730956
3201,3538.6522329
454,475.135765936
7443,8311.27190646
170,122.135562689
13919,14655.1355886
691,722.09835652
1440,1346.18450804
2064,2163.41250659
1482,1636.2613297
2435,2835.0373718
148,157.599181263
5757,6412.48271843
503,571.138802592
281,245.241672745
7263,7015.77718541
1525,1692.88608741
442,403.250507481
436,484.330809485
640,576.1800243
5400,5283.87825677
1223,3980.12514007
619,549.343628458
440,348.650580943
780,701.334596368
16560,17363.4789841
801,723.148460673
4723,5101.86931384
2553,2328.68269244
1158,1111.0772512
2835,2625.77341265
3748,3715.23930941
2078,2069.54521043
5482,6246.2261368
374,362.088200673
5597,5558.45168092
1775,1713.31855115
395,427.675349477
114,81.9042095492
1246,1299.30313051
300,230.408864539
16921,17045.1949839
601,581.266916079
5876,6486.62447756
2391,2318.37715474
4164,4116.96516627
12551,11447.8112276
1817,1752.55426872
701,626.417819555
145,114.330840491
3322,3795.19982712
25401,21995.8392853
4086,4005.16285461
6416,5723.8441757
1661,1607.82288897
1634,1661.41158666
8702,9266.8791558
1293,1406.38022419
417,464.736289849
2542,2551.06923211
25054,24069.0955307
601,638.971622534
2532,2826.45521499
3986,3949.7728961
687,739.747799032
344,338.177183062
2014,2432.61984468
140,111.986630504
1984,2145.85957695
400,1239.53921144
1238,1213.16837137
1238,1187.61015951
5053,5006.69118416
220,187.053016605
15039,15237.2668309
1607,1709.16039674
2971,3212.06016009
2088,2247.00603898
2445,2640.93315665
3193,3124.42864585
3655,3829.95694397
5432,5018.20946915
17607,16194.1133507
249,272.118241238
883,808.834048758
3677,3840.40753224
594,567.95072064
3995,3537.76033555
1167,1118.18163884
239,184.967108332
440,425.177410027
1333,1425.11836522
778,845.858226473
4945,5178.92088152
2974,3144.41626115
1532,1386.51564433
943,1046.71192187
21014,21147.7573484
605,544.544144879
591,620.840991366
937,930.364447464
992,932.744316512
212,190.587508911
7575,7493.69400757
247,157.493138112
1754,1662.19126545
1393,1511.90174399
915,864.549191685
198,156.817501387
10080,10398.9955508
2038,2334.16392866
1251,1290.4583512
3006,3582.0850572
528,524.413507207
1171,1126.97795909
448,467.731867672
1686,1804.16969934
5532,5812.64732554
929,1018.91519896
4019,4250.33713352
3189,3846.17047885
2508,2321.06742206
5196,4668.65149909
544,510.190580485
7091,7698.57244349
358,399.663946756
293,221.402332838
973,1099.82075334
1579,1647.52494137
646,715.229641157
2360,2245.31604311
950,952.83418039
9720,9600.37731724
729,665.105021894
789,860.326635532
597,521.36708416
481,580.433848023
1512,1675.38005544
1049,923.829335133
899,883.868220913
1080,1172.60850727
3853,4068.68160215
8111,7026.58768389
201,162.729984328
774,661.65687639
752,740.380458022
1916,2025.75915356
6765,7056.37952681
3500,3396.25840708
1139,1255.77322044
2597,2481.86909367
2299,2444.49033046
8046,8839.36483146
2184,1979.91475163
2112,2157.99062154
7490,7433.80939507
3503,3633.02326686
5864,5351.24354141
580,458.148824644
204,275.535028244
1396,1284.5791121
354,262.500160441
7824,7493.06268055
43303,44953.9643825
500,440.258000695
3344,3361.50244387
736,704.2501009
2108,2221.61285397
976,1000.1628021
3088,2760.57801199
2362,2292.53446527
2321,2437.19681333
2551,2636.39749622
1050,971.234703408
562,652.057307133
1213,1295.83317291
25482,27862.2765841
2640,2801.17985568
483,509.705289848
3234,2974.81697361
117,43.5746667297
911,899.476147385
8716,8698.71119521
286,336.373994052
1035,929.282276757
1829,1648.66569723
237,182.84148657
2600,2388.07209929
305,326.800641348
404,429.525316766
190,129.909210956
2565,2540.79979839
570,641.500519503
1451,1669.71750201
10222,9715.67941372
5533,5685.57472552
4150,3630.20599058
2430,2267.76134978
392,360.872562993
2890,3047.08718867
817,860.973073186
5078,4688.4876406
3981,3890.9122863
387,421.717657494
3630,3425.91426093
16042,16138.0564171
1741,1803.5142044
352,282.742344687
2019,2164.37739881
3703,3438.38242796
80,-15.1086796502
2400,2701.54473014
1788,1661.43777651
5333,5545.06282819
4301,4090.92037991
16788,14228.8581462
871,849.983618518
617,629.699614045
2446,2146.59578109
3646,3947.59002715
14938,13772.1013148
1007,981.095234115
4266,4221.52568876
720,626.965868889
5727,5379.78008714
5650,5031.0896329
997,1067.17683765
16179,14358.1713997
13528,11242.6719499
1708,2007.29861081
676,787.43666289
296,288.196599967
2738,2906.82457412
2520,2744.76399254
4158,3884.66230413
2994,3269.13364299
1243,1391.75736227
2082,2057.4898027
338,354.98949336
1265,1187.93130997
33028,30761.1168433
3800,3429.71784334
893,894.730605214
4815,5719.21801013
600,503.232541117
391,367.684979371
2933,2765.91562767
2684,2922.72666409
1704,1788.67333067
2999,3270.7720138
4800,5013.18872046
285,226.575407735
2385,2158.22111083
8740,7908.9177042
2040,2272.51565825
8470,8666.08169128
9296,8430.00270115
534,556.717178247
4947,5267.89426648
3148,3649.05801036
281,283.663366504
3219,2992.8218243
4504,4143.60985875
2109,1976.82200768
7505,7336.4395949
1823,1932.35332097
7060,7007.25218946
11045,9947.42356601
500,372.903392161
4630,4516.72205719
2941,2809.25360364
1073,975.641465407
553,480.152321358
2310,2116.50430175
16357,15627.653939
22500,21115.4277128
191,200.994351628
36046,31009.519039
300,353.205520025
5800,5698.13473244
2552,2497.27722068
26408,25899.186066
8663,8856.19342866
2515,2697.94345942
252,252.020929433
584,616.997499657
3132,2829.38035125
3434,3737.11453832
25217,24213.2258338
1434,1297.70366067
1817,1970.1871584
827,903.022070908
2496,2234.88985563
1464,1448.00968764
3638,3710.56315178
526,545.468589205
1028,1068.04803874
6063,5808.3767094
566,590.383984139
1939,1799.25890268
5841,5349.36987174
1417,1315.46853543
6138,5624.91409325
241,194.665946174
3532,3107.45120359
667,736.110742181
2326,2470.55850895
19699,17451.9415763
2856,2934.69018635
3133,3061.52749077
5103,4568.058142
1017,949.865087825
1785,2080.82674285
341,356.43479827
8549,8419.92202867
334,371.379174937
410,429.599378632
3287,3799.31921611
4112,3959.06256153
1694,1567.13785876
6844,6036.92260355
3612,4241.15852101
2683,2510.83650291
4867,5631.27063231
471,450.079119971
211,187.505020689
498,417.591708651
499,667.186201689
1694,1986.81249841
2027,2168.73746068
2521,2660.65711235
909,997.452417292
136,153.01668516
2395,2304.3001052
246,268.915444764
8227,7424.17757108
686,737.736257431
10398,10249.6362808
784,723.987113752
399,343.771644863
406,390.058188838
1786,1987.53276792
941,946.736445823
34085,38188.7476057
10942,11693.9555768
3368,3683.50433652
1076,1054.49109747
2387,2584.3461446
4695,5097.90072641
5242,5584.91886088
225,220.997223519
3238,3415.68620044
3431,3719.18569317
29399,26089.6224979
2836,3091.95937932
26,29.9127917017
812,866.759432795
486,450.442421862
4054,4611.40865207
1724,1731.1946354
976,892.685355125
1869,1717.25846438
3303,6049.06766665
349,341.991970834
11490,12973.9763687
1404,1319.56521382
15165,13940.2719219
1244,1351.74784434
9409,10070.058702
450,378.184455333
89,70.9179750267
1061,1166.40431243
3546,3926.44667895
2540,2873.13242816
2952,3099.72763088
776,889.381755568
3437,3758.84750747
183,232.471752183
1249,1207.98007675
893,872.150524084
3372,3446.31904601
3214,3007.91882451
1001,1119.61285304
540,582.672931862
770,730.990005733
5732,5209.79645028
3191,3723.26126498
54620,54085.3515286
2933,2795.43654404
1586,1849.05262736
762,697.845798429
6068,6118.13452877
668,673.445875633
7762,7122.04295018
1134,1066.90999459
5639,6096.58511681
1248,1309.88610538
564,604.497791476
1358,1467.37973226
631,609.549648804
11388,12575.721402
494,538.389111923
9094,9553.91448528
2791,2582.32850146
903,883.752072269
2054,2223.28592748
13752,12988.0969434
14520,16318.2355438
470,868.565399757
140,106.750906369
3762,3535.49720206
1262,1514.88887146
2639,2975.68997639
10200,8816.67098869
560,429.204167044
906,1056.07254045
742,825.788634825
7816,7737.2793628
8706,7809.02564374
32760,31535.2243607
1039,1146.3048289
2333,2638.19320935
803,832.601624352
4622,4181.22959029
7459,8074.54550841
1644,1751.65652872
667,544.277829364
6821,6095.01135126
1668,1818.02336083
563,531.01897864
4900,4794.4070095
1126,1238.22821389
1362,1275.58703408
1186,1314.66700568
579,676.972091665
2347,2515.22903836
569,613.658582287
2459,2740.14671405
1930,2094.25008511
763,710.209549592
2244,2120.34388727
1584,1672.36155905
2672,2614.49634671
1727,1643.11857791
2450,2697.17905963
665,648.579113758
1278,1229.72999491
683,623.472241815
1200,1162.64798639
702,614.03082158
2185,1963.15535751
252,241.876791626
2566,2452.25257668
129,148.616451258
3675,3876.68283088
176,180.041950378
1853,1755.02362269
22920,22393.4779132
3711,3740.24534444
11719,10371.1839899
1210,1325.57704365
1313,1440.04476243
408,386.353525535
1514,1760.148498
1211,1312.06072858
13130,12749.4288091
3585,3853.14684648
2194,2399.55216205
2306,2668.22423641
338,231.419486337
764,844.965240454
10222,9749.8968453
584,614.895324799
9296,8229.44847135
1930,2068.78697811
1396,1305.17486318
293,206.417594247
3238,3424.50872747
4164,4059.89913786
770,730.895181778
4112,3975.69073107
25482,27887.6673762
5400,5328.56130424
1817,1742.38663149
1134,1083.46770279
1788,1677.67537319
1243,1403.40232267
13130,12790.3967611
6068,6209.1482558
579,680.742726498
526,531.043325805
204,262.561157284
3675,3844.81464694
1200,1205.31294708
2054,2204.2189854
1482,1644.94737834
6138,5641.82586961
1869,1708.30014352
973,1111.80199799
909,981.02702024
1211,1319.86625676
2683,2530.85593677
3585,3833.82801245
16179,14141.8548526
13528,11081.9685063
5650,5015.07977791
380,270.554132359
4800,4947.48965915
3133,3058.03523972
500,419.164326555
3532,3146.61043293
49034,43316.9794868
400,1245.41450757
3088,2805.32091186
1741,1851.51475176
1754,1667.84455544
950,968.053218197
1050,1011.04719585
300,190.169242413
801,694.11843658
2088,2245.97149975
3981,4048.38699608
3303,5956.50591792
563,548.464238415
5597,5572.15960406
667,748.160450696
569,618.05338762
305,354.527737976
1017,932.869599223
3986,4079.73296896
296,292.65616164
3655,3948.83307757
3191,3656.53352112
3711,3715.72591236
25401,20532.1594226
1532,1410.56760795
2306,2653.11884627
486,463.7777655
1126,1214.44197703
591,612.702065529
883,838.650758323
14520,16082.235667
3148,3701.0247269
2027,2168.23553371
893,883.395098372
2108,2255.5012675
170,69.666871802
2542,2552.73065167
2600,2498.31844224
9094,9700.27067935
3219,2947.15611269
2604,2832.2427593
1333,1424.72072481
3189,3844.29211635
252,247.777258139
10080,10110.4011576
354,265.711299111
4695,5048.07481266
5078,4649.4823287
16560,16764.2573333
4266,4030.29017401
2430,2287.87720503
1039,1144.70326821
201,141.648441581
1801,1887.00276476
404,452.377502175
481,558.218304838
7060,7121.37032916
10942,11722.7829105
2014,2434.97992688
349,283.458897076
702,643.060157345
8227,7687.14284889
5757,6544.27699949
1278,1208.89438424
2400,2442.73416416
1694,1531.37593351
1362,1252.02774081
7091,7846.43337701
22920,24053.6898101
564,564.188493537
3503,3795.51251686
1817,1912.52604768
16788,15215.6766695
1853,1703.22294987
560,438.895938192
28855,46193.081577
34085,39795.2892744
2064,2147.9616938
2333,2597.59356039
6416,5785.41934569
334,359.200382316
7505,7360.62969543
5841,5420.70654569
776,878.759382256
22500,21519.2588409
736,661.768905951
778,838.126060552
33028,31455.8724949
1584,1644.00609111
1823,1947.93229964
190,146.72075778
9409,10562.1118566
3287,3771.24205277
742,811.979886004
5482,6222.23880431
7816,7678.46057609
1249,1171.09851965
1434,1259.10663574
871,870.114449401
1251,1249.29184189
7263,7008.36619384
148,137.671341335
1210,1264.19466558
220,185.974876653
1035,917.818000874
812,827.713043323
5732,5326.87497696
1223,4091.11109945
601,575.615058769
7824,7604.62683644
8740,8056.54496218
4945,5228.01397414
762,612.533392025
3800,3450.07056582
597,474.836504915
3214,3041.47226171
1440,1315.03919631
2185,1948.98534766
1001,1083.0614956
27000,25555.53033
2112,2134.44810565
8549,8449.79016504
4551,4180.36021117
1661,1591.3294828
1586,1847.36369857
311,349.250573631
498,334.254209215
2994,3340.30163317
780,752.033996612
5196,4670.67563482
374,301.225559637
2890,3092.98773777
2672,2550.19354918
2988,3250.1406118
7762,7267.8133008
686,721.037757477
2532,2854.35430018
241,146.931273535
11719,11329.9352195
3638,3718.93161892
2038,2292.56900284
566,537.461965043
3434,3716.83363443
5876,6533.19460271
1775,1721.53708009
2299,2440.02666988
129,134.916160012
80,23.6111529738
7459,8312.2236813
16357,15770.2137537
4630,4509.24511543
329,346.642921229
1121,1144.30077208
1404,1264.52596105
26408,25922.020361
2184,2049.87002217
246,271.880304269
3437,3729.17753818
285,224.018657427
646,650.352573091
11388,12389.5224876
5800,5668.39152159
1607,1685.1637264
729,708.250871563
3677,3788.74195094
1139,1256.60043065
43303,43925.4736776
8470,8526.77518255
2385,2225.50155788
899,892.806576817
1634,1547.74324681
1724,1725.19283472
3368,3720.15643301
4900,4858.53069897
2109,2000.67872837
976,1033.90955338
2553,2363.79157226
25054,22727.1482542
1451,1679.02566635
534,568.206258375
477,555.259628292
640,532.558951109
701,584.127695893
1829,1635.60887206
1785,2094.21621471
281,279.334991109
239,240.955127184
1101,1182.65211958
399,273.740246496
2450,2684.90027961
976,888.172982322
1896,1990.63065801
594,552.984634997
784,690.5747416
2565,2483.60350578
8702,8876.74916041
117,29.1878634594
4815,5687.1259617
752,699.634502185
911,899.490104946
5333,5595.50935933
2446,2222.56729297
540,580.427680072
553,444.730524951
7443,8038.47879086
1358,1481.76481864
252,207.298358891
4150,3662.9661402
2040,2270.32524692
338,378.619162528
2933,2786.33816834
3877,3550.86319017
358,405.649808223
36046,30505.7962035
300,279.519229198
1238,1115.32530543
3703,3471.06268525
1171,1161.34877296
191,202.909977534
774,656.17276593
2999,3175.42345323
2836,3111.22714456
929,1042.85110913
2362,2360.5291035
1262,1508.94093223
5053,4996.71262788
8663,8790.1623147
15039,14880.1947163
600,549.022903878
1644,1749.23176584
1313,1447.83856121
1704,1797.90557409
617,657.508540249
19699,17484.579486
352,302.761516411
2835,2637.12820024
454,457.962833953
436,481.787913612
3344,3512.649245
32760,30883.4344351
2521,2685.6968761
2395,2318.09085212
544,510.735861162
2552,2472.1456304
943,1039.4746546
763,677.156568178
2078,2107.66685434
2435,2815.22360042
176,136.247064259
4867,5615.61612763
2194,2376.02713136
1708,2004.87438786
212,161.937873023
29399,25822.8992182
2347,2554.54164977
1512,1727.73964618
3853,4125.38593237
2551,2549.95538792
3748,3686.22484772
1538,2929.69760768
2597,2642.33061378
9720,9577.80541093
2741,2898.27873102
471,504.985764681
13919,14246.1092463
140,214.626176305
915,1226.01584899
1694,2571.98488123
1238,1548.56828947
4622,4204.75653837
16921,18905.0190658
1073,1198.43423366
17607,15997.2206907
1916,2324.15868176
803,1110.00935031
1248,1557.07208248
16042,16437.6717414
4086,4334.07885729
2738,3045.30129795
1007,1304.15281904
3234,3189.68306461
225,436.191358252
1080,1270.16981744
2952,3270.76061995
1417,1755.93079908
494,699.318844713
3193,4596.01086675
391,681.032007762
395,529.26265825
2533,2571.39028143
5532,5809.30180731
211,282.25477802
2019,2415.98373033
903,1407.7967368
2459,2852.57156854
3132,2919.79048884
392,601.624434911
54620,64246.3409229
328,712.286232488
2496,2201.89062459
665,1043.9638932
14938,13846.522107
448,591.043425663
2971,3296.34358661
1213,1582.05731896
1158,1115.85717153
89,320.163504486
941,1709.48885145
4301,4673.45753503
827,1031.50466271
2974,3134.12881402
764,961.458497948
1244,1475.04126712
2387,2609.00727617
5727,5389.77076837
1786,2353.75277822
705,1062.47735406
3322,4012.6796726
1393,1867.9565088
145,259.499629646
3566,3327.24428285
817,1051.48189286
2326,2534.64282521
3612,4603.0561952
2791,2625.7869077
4504,4238.2223019
6063,5864.38764167
11490,13045.4984983
4054,4635.14704808
2684,2928.02588728
140,291.451860917
470,1141.57372744
683,1134.27620443
789,1260.77671824
406,492.414645809
440,643.48122208
3646,4161.93568498
4723,5074.64493649
1265,1472.27776883
4955,4789.15217182
1246,1561.19464365
528,885.60984234
2566,2799.75018431
3201,3628.59083013
1061,1306.46784982
13752,13377.2502366
687,977.396005677
417,571.172696518
249,464.129709658
26,131.290878997
1076,1400.05097667
2445,2635.2703224
344,374.307431072
4158,4223.41623653
4947,5294.72043265
442,581.791934757
992,1228.81649887
676,1060.27872976
2391,2594.61581928
114,52.0101974933
1984,2127.70668608
3372,3488.99920979
893,899.510273156
286,332.800043645
720,630.636454605
3500,3401.57816512
7490,7403.41160829
605,476.763476194
499,668.629826768
2508,2343.66600467
2856,2939.40504905
483,516.641908544
3006,3553.45611562
6765,6935.90259199
3546,4029.99931343
1167,1102.51493581
1727,1616.7049107
1939,1778.84297103
906,1057.33588723
1514,1761.83469625
3762,3527.47871521
8046,8743.45760526
562,673.182695846
21014,20881.5100884
281,249.172358858
500,398.882984635
136,158.476239999
1186,1291.0109375
937,914.315266361
691,705.611221426
10398,10292.0492196
6844,6043.42648031
4416,5386.49953533
440,434.113039482
570,658.491004768
3431,3784.98851356
3348,3033.21938798
15165,14138.1690007
450,330.477317806
408,377.769911512
1579,1683.00187783
237,196.003658052
387,429.211117084
668,679.099565054
5103,4561.10478442
1293,1414.60367885
7575,7594.56114579
1049,944.218082794
2941,2844.28764976
10200,8838.1044283
8111,6930.4723535
2002,2135.90206053
2520,2729.77694436
580,460.069322378
1686,1831.0716908
2310,2152.78665483
6821,6009.88046644
410,424.392268059
3995,3521.34306935
1525,1701.80376786
1383,1478.1068609
5533,5663.2622356
503,584.093579168
25217,25139.4957223
5639,6069.3452247
2244,2101.03020296
631,615.136969651
1028,1079.88488122
2933,2794.93391139
2540,2714.60271451
5864,5364.94084853
5242,5644.46353808
2640,2828.8184628
601,607.496021425
2321,2447.46327744
5432,5022.51640234
183,233.098717526
2360,2272.26038717
1557,1359.33441373
619,520.133946669
2082,2090.04913033
11045,9973.8595264
4019,4214.69311962
1464,1471.02299116
246,264.764096186
198,137.161746257
247,144.935554076
341,323.875172818
1668,1825.51321311
700,692.450946223
8716,8717.67339402
667,564.314589528
2515,2671.95546501
8706,7797.11946784
12551,11278.6707943
338,207.624511289
3630,3509.87698503
2639,2985.44663644
997,1092.89831026
1482,1625.85609389
7575,7614.43145951
477,559.067386871
4695,5040.7910602
136,155.167875013
4622,4089.52681981
2064,2147.43372157
2552,2494.91576129
285,237.260221295
5732,5120.17310595
471,449.6541445
2002,2116.38702441
1073,976.966094755
1126,1231.50755001
2040,2226.4957282
241,130.413790931
4723,4927.59732003
1238,1112.81519065
2521,2611.46869564
1817,1737.42635126
1464,1469.71880557
8716,8546.30298741
470,886.406869903
170,69.2100255589
1001,1104.00951016
4416,5380.70786749
329,316.05260627
943,1028.9368462
25401,20411.9360909
198,124.030914403
54620,54113.3735889
498,355.349090842
1211,1288.61977766
22500,20792.817098
2496,2163.81345495
417,464.970388681
903,891.677293916
3877,3521.38156337
2244,2090.77074516
486,449.733899167
3566,3205.45773894
3431,3747.97864545
4086,3998.25369312
2540,2736.41771053
1265,1207.54628387
16179,14077.0685706
503,583.13094604
803,829.579098645
2639,2950.17611863
220,186.447296614
2553,2312.25131639
7762,7003.28464508
5597,5612.73908825
5533,5556.38170941
117,18.4014275295
640,525.023701152
5333,5601.18036269
374,295.024447629
387,424.810099405
3503,3510.99642776
3132,2748.10976923
190,134.515606689
1393,1494.15491704
1049,948.369680486
776,886.390512611
1823,1979.34492604
4164,4068.68549776
2310,2132.05652077
191,217.049635726
770,720.811608041
601,550.458651748
2508,2325.19653721
3219,2977.22525054
9094,9310.51408831
338,189.213727437
354,244.644529921
5482,6201.53813488
1584,1642.63761818
5532,5629.99592514
140,94.9892518569
406,410.010247682
1061,1159.27916065
4955,4772.27731181
201,132.090195076
526,495.706364371
667,538.829625057
2738,2876.58289606
1007,1019.35766862
239,213.654507271
729,694.242693919
442,383.796955999
1186,1305.46424912
1139,1260.7858752
3148,3690.97153659
7490,7349.88301781
992,951.452703251
12551,11048.8997702
49034,43088.5508892
973,1100.31060097
1512,1706.97637368
448,482.646210938
436,490.303711722
1171,1148.31876688
3748,3660.31419863
762,737.818749408
281,241.319175537
1134,1078.41591955
3500,3423.50784526
3703,3452.15451714
5103,4551.62725953
534,576.167964356
1984,2130.83899476
1293,1410.59276969
36046,30841.6788955
1916,2057.09868181
1158,1122.81468271
237,208.818159686
3434,3726.67983461
3762,3529.54649006
8111,6934.31720746
13130,12645.4706459
2019,2208.10446135
691,722.416938968
19699,17864.0869692
247,163.274843865
6765,6914.56515594
2604,2839.61804328
2445,2614.62428076
1050,981.149260011
812,869.054872355
1694,1573.10766697
4551,4036.22150708
338,406.332823061
281,285.300097613
344,345.329781515
1668,1825.81916183
4947,5222.44164191
2994,3244.86698463
13919,13930.3928407
1249,1206.28310988
5757,6332.94913266
1694,2020.45224232
22920,22355.2309271
296,295.740448768
358,408.988363886
2640,2777.40568489
148,141.310428242
686,748.773118521
11719,10457.7750517
5727,5390.79950333
2683,2504.65954325
915,870.762987709
204,262.899479636
553,461.228004274
1939,1781.62529844
2395,2313.04302651
27000,24555.7077669
440,325.763365102
736,711.646250538
1727,1653.01167384
1579,1681.62735592
2551,2570.96880355
2082,2085.07905783
483,511.059891541
2532,2817.61202001
3677,3821.38990054
5053,4982.39399733
997,1101.96308465
2027,2198.38225079
176,177.122113719
2109,2007.71401223
499,683.265696131
1538,1497.14237158
1251,1276.88980805
10942,11758.2951818
2450,2685.79100017
3303,6037.3850867
1785,2073.88356139
43303,44085.4937894
1039,1146.39228628
1661,1629.83142148
211,194.860960542
1607,1716.79721256
395,434.671450843
2112,2184.25556258
883,840.631914654
1396,1303.54608374
11045,9797.10627204
1080,1181.06906042
4150,3691.88480639
563,533.411883705
7816,7706.87442049
7443,8159.68710777
246,279.003202115
569,613.674042748
1440,1354.69380401
3546,3919.62789207
617,663.723554816
2321,2453.63336855
1853,1729.61319895
778,847.578225206
4019,4214.17671538
5650,5118.03510352
1896,1937.65405131
3437,3703.32440367
1586,1831.46797988
391,396.818650012
2185,1908.51325544
17607,16511.0758551
2856,2971.85916866
11388,12763.9592634
2974,3163.12927552
4266,4180.96321906
454,480.798964046
619,553.187936687
3193,3144.92861134
2672,2601.27867601
481,575.906296101
2014,2400.77513757
2459,2763.93007274
665,633.498357045
7263,7042.91182874
5639,6140.20426637
774,705.663949363
668,681.057758742
252,274.408968739
1246,1264.53875473
145,126.710000532
8702,9087.4031435
11490,13212.6826154
4301,4137.61672961
5876,6459.37597224
705,797.941752184
10398,10278.5759163
3368,3761.10002957
1200,1193.02678196
929,1009.64576405
10222,9876.95029609
789,861.227158872
7091,7709.44205274
1514,1761.66190418
3585,3782.14729886
3675,3851.41516954
2890,3100.17230969
909,990.274396986
2108,2185.01097256
1278,1211.24733552
494,529.75772425
1775,1742.5096586
25054,23329.0311118
1213,1276.18208131
1223,3925.45946911
13752,13279.6348167
2054,2229.3534866
3189,3829.52144496
1434,1260.96444513
3006,3531.8129748
1708,2002.67425795
293,262.798535708
2430,2305.70036365
16560,17241.5663837
3214,2952.30552129
817,853.230422311
560,481.821755847
3234,3004.35497056
7060,7091.62191975
2326,2500.12978868
7459,8146.15402273
500,457.009767557
2988,3235.23089025
683,641.185371588
2038,2340.01466281
3800,3463.20213844
252,244.004069661
1313,1391.05933804
8227,7551.27348783
544,494.563441178
6416,5662.66215861
2565,2443.39258074
1869,1662.63496625
16042,16287.4969317
8549,8625.0545667
1244,1348.93106296
700,683.056733242
2333,2570.55412222
1358,1458.43359946
3133,3075.0450534
827,862.015032973
5196,4622.61163028
352,304.245665967
14520,16483.3361828
1028,1049.47812408
5432,5036.73860079
15039,15269.2701414
976,1012.66036023
1076,1045.53302859
34085,38955.7678843
566,581.080381532
4630,4561.63191791
1417,1325.07646702
4867,5650.4024199
600,534.481286913
763,717.373052106
10080,10653.8638902
3986,4069.72067245
2533,2419.32585402
2741,2551.26234911
2306,2597.81840709
580,453.670994846
1525,1712.89804232
702,609.520652015
328,418.292407444
400,1251.55759797
26,7.34685451238
2184,2016.58314662
5800,5687.568607
311,325.857033889
1829,1610.8041549
3532,3246.28866287
1262,1491.89635538
183,234.706592654
1017,880.913588112
4945,5346.3135736
899,875.99286311
2542,2503.35866845
4504,4212.86423578
7505,7346.56141797
286,341.019659091
1557,1354.49639921
676,760.144089489
3711,3787.74929137
8470,9211.25492356
5864,5441.75511429
1724,1710.20292608
5400,5243.7954463
404,440.224909098
3322,3757.00797347
941,894.267538379
1167,1110.80806423
305,328.761327331
1404,1291.31524729
1333,1455.47681336
3655,3879.1298432
129,142.551397248
1210,1417.06296873
591,626.367778065
1121,1176.73047551
4800,5114.82485042
300,321.904778868
2684,2987.25474158
893,878.517487885
450,321.885611585
2194,2415.25986936
2435,2760.39349109
1644,1738.62505484
2446,2190.88115812
8706,8046.74397281
3348,3098.78209947
950,1012.02142553
1817,1963.27974023
410,413.249254125
21014,20910.0112318
911,895.209721584
2971,3246.74141989
3981,3745.26403603
2597,2507.81663805
2078,2160.00667518
6068,6174.61238714
246,261.041853662
8046,8922.59564064
9720,10052.8385547
1248,1303.639991
28855,45704.3270299
2360,2262.40279509
9409,10453.3402783
3344,3464.55442843
3238,3561.03627035
1532,1400.21030852
25217,24266.0627408
976,863.163823484
341,318.212499252
631,577.021573542
3630,3435.35552822
300,218.136175376
114,46.0592537353
2566,2424.5477071
225,226.304743984
80,17.4229159971
2362,2316.58703708
2941,2810.70240082
1704,1858.68134638
720,627.680368239
26408,25966.0495761
15165,14279.0748341
564,579.555885173
29399,27216.5095326
2347,2540.21024464
1383,1475.92661734
2387,2634.17350728
3287,3651.13064604
871,1242.7423119
801,1080.2168054
500,762.057770048
937,1265.95227241
3201,3497.26013845
906,1160.58817137
1801,1928.7268568
2835,2672.45962639
6138,5478.60694823
1741,2020.72939906
2088,2360.40414754
2391,2382.15316368
1035,1079.8869161
2400,3836.99027267
2600,2572.03576959
646,1317.73932803
764,933.85550962
597,837.747998736
1686,2128.50694719
893,1065.03751251
2933,2778.20142513
784,1260.69597284
6844,5926.65694953
380,522.448725693
13528,11460.4603181
33028,29498.3651219
440,482.092439139
667,786.919612862
1788,1708.04920797
3612,4259.8902693
1362,1310.43429692
16357,14771.2303122
6063,5683.23775539
1451,1739.42796924
780,1406.30256594
392,569.55846996
3995,3547.27300665
14938,13199.705681
579,746.420279733
4158,4077.09579971
2791,2550.11568457
570,780.827729764
140,253.466740973
752,1242.359374
2933,2701.95070866
2836,3162.3057561
2385,2320.05063939
32760,29578.4620188
3853,4175.37822289
8740,7963.19666977
5078,4593.12390246
5841,5174.52022929
3646,4094.33618852
701,995.895608319
3638,3643.3967792
1101,1384.46200489
9296,8108.68595803
349,579.836269358
2952,3109.0268692
540,716.310184954
8663,9014.60621548
2299,2567.21299745
5242,5585.1049171
594,854.974490056
1786,2137.3054091
605,904.603913939
25482,26947.7221334
4054,4439.18467154
399,626.375398542
408,653.717742383
528,756.356070928
7824,7593.88158507
584,782.255275598
249,477.370254976
1634,2547.63946901
687,982.797508941
6821,6025.03295794
1238,1376.94508633
212,396.398711589
3191,3661.90152508
3372,3591.86493704
562,782.210012576
1930,2367.5684026
4112,3897.6401917
2999,3338.91892294
1243,1365.12231074
89,316.89878467
1754,1607.64750551
16788,14249.771708
601,861.902474157
3088,2886.00198916
16921,17357.1732545
742,945.864400424
4900,5335.78999896
4815,5591.65530591
10200,8766.6602627
334,587.988137682
2520,2636.97433384
2515,2764.52853163
