13635,2840.0
3319,2840.0
1631,2840.0
1143,2840.0
4115,2840.0
380,2840.0
593,2840.0
1173,2840.0
718,2840.0
2223,2840.0
2634,2840.0
6607,2840.0
324,2840.0
2265,2840.0
1428,2840.0
5816,2840.0
669,2840.0
580,2840.0
1252,2840.0
2570,2840.0
1557,2840.0
2895,2840.0
988,2840.0
676,2840.0
1113,2840.0
583,2840.0
2860,2840.0
2591,2840.0
1079,2840.0
3189,1438.5
5249,1438.5
652,1438.5
5359,1438.5
8600,1438.5
570,1438.5
887,1438.5
2356,1438.5
12646,1438.5
3555,1438.5
4494,1438.5
3483,1438.5
955,1438.5
1304,1438.5
718,1438.5
1532,1438.5
2393,1438.5
1722,1438.5
1388,1438.5
1832,1438.5
1328,1438.5
990,1438.5
3088,1438.5
989,1438.5
5927,1438.5
219,1438.5
630,1438.5
4414,1438.5
1413,1438.5
502,11072.0
5456,11072.0
15673,11072.0
1432,11072.0
3050,11072.0
1003,11072.0
1742,11072.0
995,11072.0
2972,11072.0
286,11072.0
2172,11072.0
2037,11072.0
220,11072.0
322,11072.0
928,11072.0
113930,11072.0
896,11072.0
3966,11072.0
7649,11072.0
3504,11072.0
1877,11072.0
2170,11072.0
763,11072.0
1737,11072.0
321,11072.0
750,11072.0
1455,11072.0
339,11072.0
1884,11072.0
557,1993.5
892,1993.5
1318,1993.5
4009,1993.5
6307,1993.5
485,1993.5
1066,1993.5
585,1993.5
2029,1993.5
5094,1993.5
1280,1993.5
4068,1993.5
726,1993.5
1940,1993.5
1650,1993.5
570,1993.5
313,1993.5
1016,1993.5
5927,1993.5
1584,1993.5
693,1993.5
1698,1993.5
1431,1993.5
3826,1993.5
2964,1993.5
2203,1993.5
8509,1993.5
4824,1993.5
1122,1993.5
1860,7902.5
2408,7902.5
254,7902.5
1693,7902.5
1425,7902.5
2663,7902.5
980,7902.5
1401,7902.5
437,7902.5
1868,7902.5
654,7902.5
1660,7902.5
1040,7902.5
464,7902.5
2224,7902.5
1832,7902.5
5646,7902.5
5192,7902.5
1939,7902.5
2480,7902.5
302,7902.5
655,7902.5
8656,7902.5
698,7902.5
1159,7902.5
1024,7902.5
1576,7902.5
874,7902.5
322,7902.5
570,14159.5
990,14159.5
1940,14159.5
6307,14159.5
3966,14159.5
980,14159.5
219,14159.5
1557,14159.5
989,14159.5
2356,14159.5
339,14159.5
1328,14159.5
380,14159.5
2964,14159.5
2408,14159.5
5646,14159.5
1693,14159.5
1455,14159.5
13635,14159.5
464,14159.5
113930,14159.5
1832,14159.5
286,14159.5
1122,14159.5
1388,14159.5
693,14159.5
2172,14159.5
2170,14159.5
1877,14159.5
15673,1872.0
887,1872.0
302,1872.0
1939,1872.0
1304,1872.0
718,1872.0
3826,1872.0
557,1872.0
2037,1872.0
1024,1872.0
324,1872.0
8656,1872.0
1860,1872.0
1318,1872.0
1576,1872.0
896,1872.0
2570,1872.0
995,1872.0
583,1872.0
322,1872.0
502,1872.0
1650,1872.0
437,1872.0
254,1872.0
1252,1872.0
928,1872.0
7649,1872.0
2029,1872.0
718,1872.0
2972,1063.5
1428,1063.5
988,1063.5
669,1063.5
2591,1063.5
750,1063.5
5094,1063.5
1280,1063.5
2860,1063.5
3050,1063.5
698,1063.5
2223,1063.5
874,1063.5
3088,1063.5
1425,1063.5
322,1063.5
1016,1063.5
1584,1063.5
1742,1063.5
1413,1063.5
726,1063.5
1868,1063.5
585,1063.5
1040,1063.5
4115,1063.5
321,1063.5
4068,1063.5
12646,1063.5
5927,1063.5
6607,1063.5
3504,1063.5
892,1063.5
2663,1063.5
4414,1063.5
2895,1063.5
630,1063.5
4009,1063.5
570,1063.5
763,1063.5
2203,1063.5
1003,1063.5
1401,1063.5
2224,1063.5
955,1063.5
655,1063.5
1431,1063.5
313,1063.5
1066,1063.5
220,1063.5
1432,1063.5
4824,1063.5
580,1063.5
1832,1063.5
3319,1063.5
2265,1063.5
1143,1063.5
652,1063.5
5927,1063.5
1631,1063.5
1722,1063.5
3555,1063.5
593,1063.5
1737,1063.5
1884,1063.5
1698,1063.5
2634,1063.5
654,1063.5
1159,1063.5
2393,1063.5
1079,1063.5
8600,1063.5
1113,1063.5
3189,1063.5
485,1063.5
5816,1063.5
1173,1063.5
676,1063.5
2480,1063.5
4494,1063.5
5192,1063.5
1660,1063.5
1532,1063.5
5249,1063.5
8509,1063.5
5359,1063.5
5456,1063.5
3483,1063.5
324,4813.0
1113,4813.0
1428,4813.0
2029,4813.0
5094,4813.0
887,4813.0
2634,4813.0
655,4813.0
1318,4813.0
5192,4813.0
1832,4813.0
1884,4813.0
1173,4813.0
693,4813.0
2480,4813.0
1877,4813.0
1868,4813.0
12646,4813.0
2172,4813.0
2393,4813.0
2203,4813.0
1631,4813.0
1939,4813.0
570,4813.0
7649,4813.0
980,4813.0
988,4813.0
1431,4813.0
15673,4813.0
557,2687.5
6307,2687.5
4068,2687.5
580,2687.5
1079,2687.5
339,2687.5
1122,2687.5
3189,2687.5
726,2687.5
302,2687.5
321,2687.5
322,2687.5
2356,2687.5
718,2687.5
2860,2687.5
4494,2687.5
2170,2687.5
1860,2687.5
8656,2687.5
874,2687.5
5927,2687.5
2224,2687.5
1066,2687.5
5359,2687.5
5646,2687.5
1693,2687.5
3555,2687.5
8600,2687.5
3826,2687.5
928,500.0
955,500.0
990,500.0
3966,500.0
4115,500.0
669,500.0
1425,500.0
502,500.0
1650,500.0
1737,500.0
113930,500.0
3504,500.0
485,500.0
1940,500.0
5927,500.0
1280,500.0
1584,500.0
892,500.0
1832,500.0
750,500.0
1304,500.0
4824,500.0
3483,500.0
1159,500.0
630,500.0
1401,500.0
2037,500.0
2265,500.0
3319,500.0
3088,271.5
1698,271.5
896,271.5
6607,271.5
585,271.5
2964,271.5
2663,271.5
593,271.5
989,271.5
1016,271.5
437,271.5
1742,271.5
1413,271.5
286,271.5
570,271.5
2570,271.5
4009,271.5
2895,271.5
2223,271.5
1388,271.5
322,271.5
583,271.5
5249,271.5
464,271.5
1722,271.5
1328,271.5
2972,271.5
1143,271.5
1455,271.5
1003,631.5
676,631.5
5816,631.5
1576,631.5
8509,631.5
1532,631.5
1432,631.5
13635,631.5
652,631.5
2591,631.5
995,631.5
219,631.5
4414,631.5
1040,631.5
1024,631.5
1660,631.5
313,631.5
1557,631.5
763,631.5
254,631.5
5456,631.5
718,631.5
220,631.5
2408,631.5
1252,631.5
698,631.5
654,631.5
3050,631.5
380,631.5
1737,1366.0
1401,1366.0
2029,1366.0
1159,1366.0
676,1366.0
1024,1366.0
652,1366.0
1173,1366.0
887,1366.0
1698,1366.0
380,1366.0
1388,1366.0
989,1366.0
2895,1366.0
892,1366.0
5456,1366.0
1650,1366.0
3966,1366.0
219,1366.0
750,1366.0
302,1366.0
5249,1366.0
2170,1366.0
5192,1366.0
1016,1366.0
1455,1366.0
2265,1366.0
5816,1366.0
1742,1366.0
2408,1956.5
990,1956.5
313,1956.5
1660,1956.5
2037,1956.5
3319,1956.5
1252,1956.5
485,1956.5
2203,1956.5
4494,1956.5
1428,1956.5
718,1956.5
2634,1956.5
2223,1956.5
322,1956.5
1432,1956.5
896,1956.5
2663,1956.5
254,1956.5
1940,1956.5
2393,1956.5
8656,1956.5
5359,1956.5
13635,1956.5
874,1956.5
8600,1956.5
1868,1956.5
5927,1956.5
3826,1956.5
654,1280.5
1631,1280.5
1413,1280.5
5646,1280.5
1860,1280.5
2591,1280.5
3088,1280.5
4414,1280.5
15673,1280.5
669,1280.5
693,1280.5
1431,1280.5
1584,1280.5
4068,1280.5
4824,1280.5
580,1280.5
1576,1280.5
3504,1280.5
585,1280.5
1939,1280.5
570,1280.5
113930,1280.5
2224,1280.5
286,1280.5
955,1280.5
5094,1280.5
220,1280.5
6307,1280.5
1693,1280.5
1066,1838.5
630,1838.5
557,1838.5
718,1838.5
1532,1838.5
2964,1838.5
1143,1838.5
980,1838.5
1832,1838.5
928,1838.5
1280,1838.5
1722,1838.5
339,1838.5
2480,1838.5
1122,1838.5
726,1838.5
583,1838.5
3050,1838.5
4009,1838.5
655,1838.5
2860,1838.5
464,1838.5
8509,1838.5
2356,1838.5
12646,1838.5
1328,1838.5
763,1838.5
1557,1838.5
6607,1838.5
437,1838.5
324,1838.5
1003,1838.5
3555,1838.5
7649,1838.5
698,1838.5
1425,1838.5
3189,1838.5
3483,1838.5
2972,1838.5
593,1838.5
1304,1838.5
1318,1838.5
570,1838.5
1113,1838.5
988,1838.5
1832,1838.5
1884,1838.5
5927,1838.5
322,1838.5
4115,1838.5
2172,1838.5
1079,1838.5
502,1838.5
995,1838.5
1877,1838.5
2570,1838.5
321,1838.5
1040,1838.5
1431,1352.5
1113,1352.5
1455,1352.5
322,1352.5
580,1352.5
2037,1352.5
5456,1352.5
5816,1352.5
652,1352.5
2223,1352.5
654,1352.5
995,1352.5
698,1352.5
113930,1352.5
3189,1352.5
669,1352.5
2408,1352.5
6307,1352.5
3555,1352.5
2570,1352.5
485,1352.5
1940,1352.5
12646,1352.5
1698,1352.5
1040,1352.5
5094,1352.5
655,1352.5
585,1352.5
1860,1352.5
593,1004.5
5249,1004.5
2972,1004.5
502,1004.5
1832,1004.5
693,1004.5
1425,1004.5
7649,1004.5
1159,1004.5
2895,1004.5
1304,1004.5
220,1004.5
313,1004.5
1432,1004.5
8509,1004.5
321,1004.5
1650,1004.5
4494,1004.5
8656,1004.5
570,1004.5
630,1004.5
3826,1004.5
1328,1004.5
4824,1004.5
4115,1004.5
887,1004.5
2591,1004.5
15673,1004.5
3483,1004.5
2224,1912.0
5927,1912.0
989,1912.0
5646,1912.0
1868,1912.0
324,1912.0
4068,1912.0
8600,1912.0
2172,1912.0
1066,1912.0
1693,1912.0
1428,1912.0
1939,1912.0
3050,1912.0
464,1912.0
5359,1912.0
1143,1912.0
1003,1912.0
1122,1912.0
1318,1912.0
896,1912.0
2203,1912.0
1388,1912.0
1024,1912.0
302,1912.0
1832,1912.0
928,1912.0
3319,1912.0
13635,1912.0
557,1912.0
1173,1912.0
437,1912.0
286,1912.0
1576,1912.0
955,1912.0
2964,1912.0
4009,1912.0
1532,1912.0
583,1912.0
4414,1912.0
1079,1912.0
6607,1912.0
1877,1912.0
1016,1912.0
219,1912.0
2265,1912.0
380,1912.0
1722,1912.0
990,1912.0
763,1912.0
2170,1912.0
750,1912.0
322,1912.0
1584,1912.0
1631,1912.0
339,1912.0
718,1912.0
1660,1912.0
2480,1649.5
1884,1649.5
570,1649.5
5192,1649.5
980,1649.5
2029,1649.5
2356,1649.5
5927,1649.5
676,1649.5
1742,1649.5
2860,1649.5
726,1649.5
1413,1649.5
874,1649.5
3504,1649.5
892,1649.5
1737,1649.5
2393,1649.5
3088,1649.5
1252,1649.5
988,1649.5
2663,1649.5
254,1649.5
2634,1649.5
3966,1649.5
1557,1649.5
1401,1649.5
718,1649.5
1280,1649.5
