13635,2170
3319,6307
1631,286
1143,1431
4115,1532
380,750
593,302
1173,1388
718,1939
2223,654
2634,302
6607,5927
324,219
2265,654
1428,2037
5816,2029
669,1939
580,1003
1252,2037
2570,1304
1557,763
2895,2480
988,1940
676,698
1113,896
583,313
2860,3826
2591,5094
1079,1832
3189,1455
5249,5192
652,1066
5359,321
8600,1113
570,1557
887,896
2356,5927
12646,1455
3555,693
4494,3504
3483,4068
955,286
1304,2570
718,1159
1532,1280
2393,1431
1722,2265
1388,5927
1832,1079
1328,2964
990,3826
3088,4115
989,928
5927,6607
219,324
630,655
4414,322
1413,583
502,655
5456,4115
15673,12646
1432,1832
3050,1693
1003,380
1742,989
995,1650
2972,3189
286,1631
2172,2663
2037,1428
220,380
322,4414
928,989
113930,12646
896,887
3966,1860
7649,5927
3504,4115
1877,1252
2170,1401
763,1557
1737,1940
321,1328
750,380
1455,1660
339,669
1884,557
557,3483
892,750
1318,718
4009,7649
6307,3319
485,2224
1066,655
585,3966
2029,1884
5094,2591
1280,750
4068,3483
726,2591
1940,988
1650,995
570,464
313,583
1016,2224
5927,1388
1584,718
693,2408
1698,990
1431,2393
3826,990
2964,1328
2203,254
8509,1003
4824,1003
1122,2170
1860,570
2408,324
254,2203
1693,1877
1425,3504
2663,2172
980,1737
1401,1122
437,1428
1868,1431
654,2265
1660,1455
1040,2203
464,570
2224,1016
1832,896
5646,4824
5192,5249
1939,669
2480,2895
302,593
655,1066
8656,3966
698,676
1159,1877
1024,1318
1576,1832
874,5249
322,1122
570,763
990,2860
1940,988
6307,3319
3966,1860
980,322
219,698
1557,763
989,928
2356,3088
339,669
1328,1742
380,750
2964,2895
2408,1860
5646,4824
1693,1159
1455,1660
13635,8509
464,570
113930,12646
1832,1576
286,1631
1122,1401
1388,3088
693,324
2172,2663
2170,1401
1877,3050
15673,12646
887,1832
302,593
1939,669
1304,464
718,1159
3826,990
557,3483
2037,1428
1024,1016
324,219
8656,3966
1860,464
1318,2203
1576,1832
896,1832
2570,3966
995,570
583,313
322,4414
502,655
1650,570
437,1159
254,2203
1252,669
928,989
7649,6607
2029,1884
718,669
2972,763
1428,2037
988,1940
669,1939
2591,3319
750,380
5094,3319
1280,313
2860,3826
3050,1877
698,676
2223,654
874,5249
3088,1532
1425,3504
322,1401
1016,2224
1584,4009
1742,1003
1413,630
726,3319
1868,1431
585,3966
1040,254
4115,1532
321,286
4068,3483
12646,3189
5927,1388
6607,7649
3504,1425
892,750
2663,2172
4414,322
2895,2480
630,1413
4009,1584
570,464
763,1557
2203,254
1003,1742
1401,1122
2224,1016
955,286
655,1413
1431,2393
313,583
1066,380
220,380
1432,887
4824,8509
580,8509
1832,896
3319,6307
2265,654
1143,1868
652,750
5927,7649
1631,286
1722,2265
3555,693
593,302
1737,1940
1884,2029
1698,990
2634,302
654,2265
1159,437
2393,1431
1079,1832
8600,2860
1113,896
3189,1455
485,1016
5816,2029
1173,13635
676,698
2480,2895
4494,3088
5192,585
1660,1455
1532,1280
5249,585
8509,4824
5359,321
5456,2972
3483,4068
324,219
1113,896
1428,2037
2029,5816
5094,2591
887,896
2634,593
655,1066
1318,718
5192,5249
1832,896
1884,557
1173,13635
693,2408
2480,2895
1877,3050
1868,1143
12646,3189
2172,2663
2393,1693
2203,254
1631,286
1939,669
570,1557
7649,6607
980,1737
988,1940
1431,1143
15673,4414
557,3483
6307,3319
4068,3483
580,1003
1079,1832
339,669
1122,1401
3189,1455
726,5094
302,593
321,286
322,1401
2356,1388
718,1159
2860,990
4494,3088
2170,1401
1860,464
8656,3966
874,5249
5927,1388
2224,1016
1066,655
5359,1650
5646,4824
1693,1877
3555,693
8600,1113
3826,990
928,989
955,2570
990,2860
3966,1860
4115,3088
669,339
1425,1066
502,655
1650,995
1737,980
113930,15673
3504,3088
485,1016
1940,988
5927,6607
1280,1532
1584,4009
892,583
1832,1576
750,380
1304,2570
4824,8509
3483,4068
1159,1693
630,655
1401,2170
2037,1428
2265,654
3319,6307
3088,1532
1698,990
896,1832
6607,5927
585,3966
2964,928
2663,2172
593,2634
989,928
1016,2224
437,1159
1742,1003
1413,630
286,1631
570,1860
2570,1304
4009,1584
2895,2480
2223,654
1388,2356
322,4414
583,313
5249,5192
464,1860
1722,2265
1328,928
2972,763
1143,1431
1455,1660
1003,1742
676,324
5816,2029
1576,1832
8509,4824
1532,1280
1432,1832
13635,2170
652,1066
2591,5094
995,1650
219,324
4414,322
1040,2203
1024,1318
1660,1455
313,583
1557,570
763,570
254,2203
5456,3483
718,1939
220,1066
2408,324
1252,2037
698,324
654,2265
3050,1877
380,750
1737,1940
1401,1122
2029,1884
1159,437
676,698
1024,1576
652,1066
1173,13635
887,896
1698,990
380,1066
1388,2356
989,928
2895,2480
892,313
5456,3483
1650,995
3966,585
219,324
750,1280
302,593
5249,585
2170,1122
5192,585
1016,2224
1455,1660
2265,654
5816,1413
1742,1003
2408,324
990,2860
313,583
1660,1455
2037,669
3319,6307
1252,718
485,1016
2203,6307
4494,3088
1428,669
718,1159
2634,593
2223,654
322,4414
1432,1832
896,1832
2663,2172
254,6307
1940,988
2393,1431
8656,3966
5359,321
13635,2170
874,5249
8600,1113
1868,1431
5927,6607
3826,2860
654,2265
1631,2964
1413,583
5646,1650
1860,2408
2591,726
3088,4115
4414,322
15673,12646
669,339
693,324
1431,2393
1584,4009
4068,3483
4824,8509
580,1003
1576,1832
3504,4115
585,464
1939,1252
570,464
113930,12646
2224,1016
286,2964
955,2570
5094,3319
220,380
6307,3319
1693,1159
1066,380
630,1413
557,3483
718,1252
1532,4115
2964,989
1143,1431
980,1737
1832,896
928,989
1280,750
1722,2265
339,669
2480,2895
1122,2170
726,5094
583,313
3050,1877
4009,1584
655,1413
2860,3826
464,570
8509,4824
2356,1388
12646,3189
1328,989
763,570
1557,570
6607,5927
437,1159
324,219
1003,1742
3555,693
7649,6607
698,676
1425,3504
3189,1455
3483,4068
2972,763
593,2634
1304,1860
1318,718
570,1557
1113,896
988,1940
1832,1576
1884,2029
5927,1388
322,1401
4115,1532
2172,2663
1079,2356
502,557
995,1650
1877,3050
2570,3966
321,286
1040,254
1431,2393
1113,896
1455,1660
322,4414
580,1003
2037,1428
5456,4115
5816,2029
652,220
2223,2265
654,2265
995,1650
698,676
113930,15673
3189,1660
669,339
2408,324
6307,3319
3555,693
2570,1304
485,1016
1940,988
12646,15673
1698,990
1040,2203
5094,2591
655,1066
585,464
1860,464
593,2634
5249,5192
2972,763
502,557
1832,896
693,2408
1425,3504
7649,6607
1159,437
2895,2480
1304,2570
220,380
313,583
1432,896
8509,1003
321,286
1650,995
4494,3088
8656,3966
570,464
630,1413
3826,990
1328,2964
4824,1003
4115,1532
887,896
2591,5094
15673,12646
3483,4068
2224,1016
5927,2356
989,1742
5646,4824
1868,1431
324,219
4068,3483
8600,2860
2172,2663
1066,655
1693,1877
1428,2037
1939,669
3050,1877
464,570
5359,321
1143,1431
1003,1742
1122,2170
1318,718
896,1832
2203,254
1388,2356
1024,1576
302,593
1832,1079
928,322
3319,6307
13635,2170
557,3483
1173,13635
437,1159
286,1328
1576,1832
955,2570
2964,1328
4009,7649
1532,1280
583,313
4414,322
1079,1832
6607,5927
1877,3050
1016,2224
219,324
2265,654
380,1066
1722,1455
990,3826
763,1557
2170,1122
750,1280
322,1401
1584,7649
1631,1328
339,669
718,1252
1660,1455
2480,2895
1884,557
570,763
5192,5249
980,322
2029,5816
2356,1388
5927,6607
676,698
1742,1003
2860,3826
726,5094
1413,630
874,5249
3504,1425
892,750
1737,1940
2393,1431
3088,1532
1252,718
988,1940
2663,2172
254,2203
2634,593
3966,585
1557,763
1401,1122
718,1159
1280,750
