61.2,41.1
3.6,9.9
28.8,9.6625
10.8,11.575
8,7.6125
11.1,9.9125
12.9,15.675
7.5,9.9125
15.8,10.8875
102.4,36.45
2.9,11.425
12,11.975
11.8,15.875
0.5,9.0625
4.9,10.2125
38.1,19.5875
19,11.85
8.9,10.8875
6.1,9.7875
18.3,10.9625
4.1,9.5125
10,8.675
21.1,10.9625
105.2,33.525
11.8,15.875
102.4,35.6625
8,8.875
4.9,8.5125
8.9,9.625
12.9,12.35
11.1,7.8
28.8,9.4
21.1,10.5875
10,8.7375
3.6,9.7625
19,15.85
105.2,34.725
15.8,10.6125
12,12.6875
10.8,11.5125
38.1,20.4625
2.9,10.6125
4.1,6.9125
18.3,11.9875
0.5,11.0875
6.1,10.7875
61.2,40.3125
7.5,11.225
4.1,9.4
11.1,11.025
61.2,41.1
8.9,11.75
2.9,12.0375
4.9,10.825
21.1,12.6375
0.5,9.3875
8,10.5125
15.8,9.45
6.1,8.425
19,14.825
11.8,12.1625
105.2,34.6
7.5,9.0875
28.8,9.175
10.8,11.5125
10,6.15
12,8.5375
3.6,11.4625
102.4,31.7
18.3,15.1375
12.9,15.8875
38.1,22.5625
15.8,10.125
19,11.5375
6.1,8.425
12,11.075
2.9,10.7375
12.9,14.95
8,9.6875
18.3,11.9875
10,9.2125
4.9,9.775
61.2,39.9625
8.9,9.775
21.1,11.5875
28.8,8.1375
11.1,10.4375
7.5,11.075
105.2,35.625
10.8,13.0625
11.8,13.95
4.1,8.1125
3.6,12.025
38.1,21.5125
0.5,10.0375
102.4,32.375
28.8,9.1125
21.1,12.6375
8,5.725
38.1,19.325
102.4,29.8
10.8,10.05
15.8,11.15
10,10.0625
61.2,29.8
0.5,10.7625
7.5,11.075
18.3,12.9875
105.2,34.8125
4.9,12.4
3.6,9.65
2.9,10.3625
12,12.75
6.1,9.95
19,13.0625
11.8,15.6125
4.1,6.1625
12.9,15.7625
11.1,9.8625
8.9,11.75
