444,677.749823232
18,677.749823232
8211,677.749823232
352.8,677.749823232
38,677.749823232
636,677.749823232
973,677.749823232
120,677.749823232
215,677.749823232
60,677.749823232
10.8,677.749823232
756,677.749823232
370,677.749823232
12,677.749823232
444,677.749823232
170,677.749823232
1772.5,677.749823232
90,677.749823232
8.4,48.0
599,48.0
278,48.0
882,48.0
1200,48.0
72,48.0
480,48.0
36,48.0
8.4,48.0
252,48.0
600,48.0
300,48.0
117.6,48.0
150,48.0
2400,48.0
703,48.0
300,48.0
1645.9,48.0
107,48.0
31.2,461.25
430,461.25
72,461.25
48,461.25
70,461.25
750,461.25
1248,461.25
432,461.25
648,461.25
42,461.25
82,461.25
114,461.25
48,461.25
2120,461.25
155,461.25
576,461.25
1368,461.25
24,461.25
48,4928.45
1924.5,4928.45
60,4928.45
192,4928.45
324,4928.45
4178.2,4928.45
4560,4928.45
62,4928.45
420,4928.45
210,4928.45
97,4928.45
300,4928.45
458,4928.45
409,4928.45
117.6,4928.45
162,4928.45
2400,4928.45
2460,4928.45
239,4928.45
72,6194.6
360,6194.6
60,6194.6
42,6194.6
240,6194.6
720,6194.6
25.2,6194.6
36,6194.6
50,6194.6
1181,6194.6
60,6194.6
480,6194.6
1350,6194.6
400,6194.6
571.4,6194.6
98.8,6194.6
360,6194.6
192,6194.6
60,6194.6
324,4345.5
210,4345.5
480,4345.5
4178.2,4345.5
42,4345.5
12,4345.5
150,4345.5
70,4345.5
60,4345.5
36,4345.5
300,4345.5
48,4345.5
370,4345.5
8.4,4345.5
444,4345.5
400,4345.5
62,4345.5
31.2,4345.5
82,33.6
98.8,33.6
8.4,33.6
72,33.6
120,33.6
72,33.6
192,33.6
2400,33.6
215,33.6
117.6,33.6
48,33.6
60,33.6
352.8,33.6
599,33.6
480,33.6
1248,33.6
432,33.6
458,33.6
360,33.6
8211,243.0
38,243.0
170,243.0
600,243.0
90,243.0
24,243.0
2400,243.0
703,243.0
162,243.0
1645.9,243.0
756,243.0
60,243.0
60,243.0
1772.5,243.0
2120,243.0
192,243.0
1200,243.0
117.6,243.0
155,6194.6
239,6194.6
252,6194.6
1368,6194.6
973,6194.6
72,6194.6
420,6194.6
1924.5,6194.6
648,6194.6
42,6194.6
300,6194.6
2460,6194.6
882,6194.6
444,6194.6
25.2,6194.6
278,6194.6
576,6194.6
18,6194.6
97,6194.6
720,6194.6
48,6194.6
50,6194.6
750,6194.6
409,6194.6
571.4,6194.6
114,6194.6
10.8,6194.6
430,6194.6
60,6194.6
300,6194.6
1350,6194.6
36,6194.6
4560,6194.6
360,6194.6
1181,6194.6
107,6194.6
240,6194.6
636,6194.6
4560,60.0
82,60.0
2400,60.0
300,60.0
720,60.0
420,60.0
1181,60.0
98.8,60.0
458,60.0
300,60.0
444,60.0
36,60.0
117.6,60.0
1200,60.0
155,60.0
370,60.0
60,60.0
192,60.0
48,42.0
1368,42.0
1350,42.0
25.2,42.0
8211,42.0
430,42.0
107,42.0
170,42.0
162,42.0
2120,42.0
239,42.0
62,42.0
8.4,42.0
36,42.0
480,42.0
360,42.0
1924.5,42.0
360,42.0
432,42.0
38,336.0
97,336.0
70,336.0
703,336.0
324,336.0
18,336.0
882,336.0
48,336.0
600,336.0
636,336.0
114,336.0
756,336.0
192,336.0
1248,336.0
60,336.0
571.4,336.0
444,336.0
409,336.0
72,36.0
120,36.0
60,36.0
278,36.0
42,36.0
2400,36.0
599,36.0
72,36.0
1772.5,36.0
60,36.0
750,36.0
210,36.0
42,36.0
576,36.0
4178.2,36.0
8.4,36.0
12,36.0
480,36.0
50,36.0
117.6,1848.5
648,1848.5
72,1848.5
240,1848.5
31.2,1848.5
300,1848.5
24,1848.5
352.8,1848.5
252,1848.5
1645.9,1848.5
400,1848.5
90,1848.5
215,1848.5
2460,1848.5
10.8,1848.5
150,1848.5
973,1848.5
60,1848.5
48,1848.5
210,228.746875
117.6,228.746875
192,228.746875
60,228.746875
720,228.746875
90,228.746875
1368,228.746875
2460,228.746875
576,228.746875
1200,228.746875
4560,228.746875
107,228.746875
10.8,228.746875
62,228.746875
60,228.746875
48,228.746875
25.2,228.746875
38,228.746875
2400,622.666666667
1645.9,622.666666667
8211,622.666666667
8.4,622.666666667
360,622.666666667
12,622.666666667
170,622.666666667
72,622.666666667
42,622.666666667
82,622.666666667
36,622.666666667
97,622.666666667
300,622.666666667
98.8,622.666666667
571.4,622.666666667
48,622.666666667
1181,622.666666667
70,622.666666667
430,622.666666667
636,30.6
192,30.6
458,30.6
155,30.6
1924.5,30.6
150,30.6
60,30.6
370,30.6
444,30.6
2400,30.6
60,30.6
400,30.6
1772.5,30.6
120,30.6
162,30.6
300,30.6
480,30.6
750,30.6
72,701.277027027
31.2,701.277027027
60,701.277027027
114,701.277027027
300,701.277027027
2120,701.277027027
324,701.277027027
239,701.277027027
240,701.277027027
409,701.277027027
432,701.277027027
648,701.277027027
215,701.277027027
18,701.277027027
117.6,701.277027027
72,701.277027027
278,701.277027027
42,701.277027027
444,701.277027027
420,131.5
50,131.5
252,131.5
1350,131.5
973,131.5
1248,131.5
8.4,131.5
599,131.5
703,131.5
480,131.5
36,131.5
48,131.5
600,131.5
360,131.5
882,131.5
24,131.5
756,131.5
4178.2,131.5
352.8,131.5
120,117.6
1368,117.6
210,117.6
750,117.6
72,117.6
1181,117.6
62,117.6
150,117.6
599,117.6
60,117.6
162,117.6
70,117.6
239,117.6
400,117.6
170,117.6
600,117.6
82,117.6
48,117.6
430,6194.6
117.6,6194.6
50,6194.6
90,6194.6
2460,6194.6
480,6194.6
97,6194.6
60,6194.6
60,6194.6
117.6,6194.6
25.2,6194.6
31.2,6194.6
12,6194.6
114,6194.6
8.4,6194.6
60,6194.6
420,6194.6
636,6194.6
240,6194.6
155,62.25
324,62.25
4178.2,62.25
278,62.25
42,62.25
409,62.25
360,62.25
432,62.25
42,62.25
703,62.25
300,62.25
720,62.25
8.4,62.25
300,62.25
2120,62.25
2400,62.25
215,62.25
192,62.25
1645.9,580.622972973
1350,580.622972973
72,580.622972973
352.8,580.622972973
370,580.622972973
444,580.622972973
4560,580.622972973
360,580.622972973
107,580.622972973
38,580.622972973
18,580.622972973
300,580.622972973
1200,580.622972973
1772.5,580.622972973
192,580.622972973
882,580.622972973
36,580.622972973
756,580.622972973
648,580.622972973
48,85.3
480,85.3
444,85.3
1924.5,85.3
571.4,85.3
48,85.3
24,85.3
973,85.3
36,85.3
10.8,85.3
2400,85.3
252,85.3
60,85.3
98.8,85.3
8211,85.3
576,85.3
1248,85.3
72,85.3
458,85.3
