13635,1973.25
3319,1973.25
1631,1973.25
1143,1973.25
4115,1973.25
380,1973.25
593,1973.25
1173,1973.25
718,1973.25
2223,1973.25
2634,1973.25
6607,1973.25
324,1973.25
2265,1973.25
1428,1973.25
5816,1973.25
669,1973.25
580,1973.25
1252,1973.25
2570,1973.25
1557,1973.25
2895,1973.25
988,1973.25
676,1973.25
1113,1973.25
583,1973.25
2860,1973.25
2591,1973.25
1079,1973.25
3189,2444.0
5249,2444.0
652,2444.0
5359,2444.0
8600,2444.0
570,2444.0
887,2444.0
2356,2444.0
12646,2444.0
3555,2444.0
4494,2444.0
3483,2444.0
955,2444.0
1304,2444.0
718,2444.0
1532,2444.0
2393,2444.0
1722,2444.0
1388,2444.0
1832,2444.0
1328,2444.0
990,2444.0
3088,2444.0
989,2444.0
5927,2444.0
219,2444.0
630,2444.0
4414,2444.0
1413,2444.0
502,2244.0
5456,2244.0
15673,2244.0
1432,2244.0
3050,2244.0
1003,2244.0
1742,2244.0
995,2244.0
2972,2244.0
286,2244.0
2172,2244.0
2037,2244.0
220,2244.0
322,2244.0
928,2244.0
113930,2244.0
896,2244.0
3966,2244.0
7649,2244.0
3504,2244.0
1877,2244.0
2170,2244.0
763,2244.0
1737,2244.0
321,2244.0
750,2244.0
1455,2244.0
339,2244.0
1884,2244.0
557,7902.5
892,7902.5
1318,7902.5
4009,7902.5
6307,7902.5
485,7902.5
1066,7902.5
585,7902.5
2029,7902.5
5094,7902.5
1280,7902.5
4068,7902.5
726,7902.5
1940,7902.5
1650,7902.5
570,7902.5
313,7902.5
1016,7902.5
5927,7902.5
1584,7902.5
693,7902.5
1698,7902.5
1431,7902.5
3826,7902.5
2964,7902.5
2203,7902.5
8509,7902.5
4824,7902.5
1122,7902.5
1860,5215.71875
2408,5215.71875
254,5215.71875
1693,5215.71875
1425,5215.71875
2663,5215.71875
980,5215.71875
1401,5215.71875
437,5215.71875
1868,5215.71875
654,5215.71875
1660,5215.71875
1040,5215.71875
464,5215.71875
2224,5215.71875
1832,5215.71875
5646,5215.71875
5192,5215.71875
1939,5215.71875
2480,5215.71875
302,5215.71875
655,5215.71875
8656,5215.71875
698,5215.71875
1159,5215.71875
1024,5215.71875
1576,5215.71875
874,5215.71875
322,5215.71875
570,490.0
990,490.0
1940,490.0
6307,490.0
3966,490.0
980,490.0
219,490.0
1557,490.0
989,490.0
2356,490.0
339,490.0
1328,490.0
380,490.0
2964,490.0
2408,490.0
5646,490.0
1693,490.0
1455,490.0
13635,490.0
464,490.0
113930,490.0
1832,490.0
286,490.0
1122,490.0
1388,490.0
693,490.0
2172,490.0
2170,490.0
1877,490.0
15673,3350.13793103
887,3350.13793103
302,3350.13793103
1939,3350.13793103
1304,3350.13793103
718,3350.13793103
3826,3350.13793103
557,3350.13793103
2037,3350.13793103
1024,3350.13793103
324,3350.13793103
8656,3350.13793103
1860,3350.13793103
1318,3350.13793103
1576,3350.13793103
896,3350.13793103
2570,3350.13793103
995,3350.13793103
583,3350.13793103
322,3350.13793103
502,3350.13793103
1650,3350.13793103
437,3350.13793103
254,3350.13793103
1252,3350.13793103
928,3350.13793103
7649,3350.13793103
2029,3350.13793103
718,3350.13793103
2972,1063.5
1428,1063.5
988,1063.5
669,1063.5
2591,1063.5
750,1063.5
5094,1063.5
1280,1063.5
2860,1063.5
3050,1063.5
698,1063.5
2223,1063.5
874,1063.5
3088,1063.5
1425,1063.5
322,1063.5
1016,1063.5
1584,1063.5
1742,1063.5
1413,1063.5
726,1063.5
1868,1063.5
585,1063.5
1040,1063.5
4115,1063.5
321,1063.5
4068,1063.5
12646,1063.5
5927,1063.5
6607,447.5
3504,447.5
892,447.5
2663,447.5
4414,447.5
2895,447.5
630,447.5
4009,447.5
570,447.5
763,447.5
2203,447.5
1003,447.5
1401,447.5
2224,447.5
955,447.5
655,447.5
1431,447.5
313,447.5
1066,447.5
220,447.5
1432,447.5
4824,447.5
580,447.5
1832,447.5
3319,447.5
2265,447.5
1143,447.5
652,447.5
5927,447.5
1631,3156.87068966
1722,3156.87068966
3555,3156.87068966
593,3156.87068966
1737,3156.87068966
1884,3156.87068966
1698,3156.87068966
2634,3156.87068966
654,3156.87068966
1159,3156.87068966
2393,3156.87068966
1079,3156.87068966
8600,3156.87068966
1113,3156.87068966
3189,3156.87068966
485,3156.87068966
5816,3156.87068966
1173,3156.87068966
676,3156.87068966
2480,3156.87068966
4494,3156.87068966
5192,3156.87068966
1660,3156.87068966
1532,3156.87068966
5249,3156.87068966
8509,3156.87068966
5359,3156.87068966
5456,3156.87068966
3483,3156.87068966
324,3177.98275862
1113,3177.98275862
1428,3177.98275862
2029,3177.98275862
5094,3177.98275862
887,3177.98275862
2634,3177.98275862
655,3177.98275862
1318,3177.98275862
5192,3177.98275862
1832,3177.98275862
1884,3177.98275862
1173,3177.98275862
693,3177.98275862
2480,3177.98275862
1877,3177.98275862
1868,3177.98275862
12646,3177.98275862
2172,3177.98275862
2393,3177.98275862
2203,3177.98275862
1631,3177.98275862
1939,3177.98275862
570,3177.98275862
7649,3177.98275862
980,3177.98275862
988,3177.98275862
1431,3177.98275862
15673,3177.98275862
557,500.0
6307,500.0
4068,500.0
580,500.0
1079,500.0
339,500.0
1122,500.0
3189,500.0
726,500.0
302,500.0
321,500.0
322,500.0
2356,500.0
718,500.0
2860,500.0
4494,500.0
2170,500.0
1860,500.0
8656,500.0
874,500.0
5927,500.0
2224,500.0
1066,500.0
5359,500.0
5646,500.0
1693,500.0
3555,500.0
8600,500.0
3826,500.0
928,2430.3362069
955,2430.3362069
990,2430.3362069
3966,2430.3362069
4115,2430.3362069
669,2430.3362069
1425,2430.3362069
502,2430.3362069
1650,2430.3362069
1737,2430.3362069
113930,2430.3362069
3504,2430.3362069
485,2430.3362069
1940,2430.3362069
5927,2430.3362069
1280,2430.3362069
1584,2430.3362069
892,2430.3362069
1832,2430.3362069
750,2430.3362069
1304,2430.3362069
4824,2430.3362069
3483,2430.3362069
1159,2430.3362069
630,2430.3362069
1401,2430.3362069
2037,2430.3362069
2265,2430.3362069
3319,2430.3362069
3088,1753.5
1698,1753.5
896,1753.5
6607,1753.5
585,1753.5
2964,1753.5
2663,1753.5
593,1753.5
989,1753.5
1016,1753.5
437,1753.5
1742,1753.5
1413,1753.5
286,1753.5
570,1753.5
2570,1753.5
4009,1753.5
2895,1753.5
2223,1753.5
1388,1753.5
322,1753.5
583,1753.5
5249,1753.5
464,1753.5
1722,1753.5
1328,1753.5
2972,1753.5
1143,1753.5
1455,1753.5
1003,440.5
676,440.5
5816,440.5
1576,440.5
8509,440.5
1532,440.5
1432,440.5
13635,440.5
652,440.5
2591,440.5
995,440.5
219,440.5
4414,440.5
1040,440.5
1024,440.5
1660,440.5
313,440.5
1557,440.5
763,440.5
254,440.5
5456,440.5
718,440.5
220,440.5
2408,440.5
1252,440.5
698,440.5
654,440.5
3050,440.5
380,440.5
1737,2508.875
1401,2508.875
2029,2508.875
1159,2508.875
676,2508.875
1024,2508.875
652,2508.875
1173,2508.875
887,2508.875
1698,2508.875
380,2508.875
1388,2508.875
989,2508.875
2895,2508.875
892,2508.875
5456,2508.875
1650,2508.875
3966,2508.875
219,2508.875
750,2508.875
302,2508.875
5249,2508.875
2170,2508.875
5192,2508.875
1016,2508.875
1455,2508.875
2265,2508.875
5816,2508.875
1742,2508.875
2408,1358.5
990,1358.5
313,1358.5
1660,1358.5
2037,1358.5
3319,1358.5
1252,1358.5
485,1358.5
2203,1358.5
4494,1358.5
1428,1358.5
718,1358.5
2634,1358.5
2223,1358.5
322,1358.5
1432,1358.5
896,1358.5
2663,1358.5
254,1358.5
1940,1358.5
2393,1358.5
8656,1358.5
5359,1358.5
13635,1358.5
874,1358.5
8600,1358.5
1868,1358.5
5927,1358.5
3826,1358.5
654,1295.5
1631,1295.5
1413,1295.5
5646,1295.5
1860,1295.5
2591,1295.5
3088,1295.5
4414,1295.5
15673,1295.5
669,1295.5
693,1295.5
1431,1295.5
1584,1295.5
4068,1295.5
4824,1295.5
580,1295.5
1576,1295.5
3504,1295.5
585,1295.5
1939,1295.5
570,1295.5
113930,1295.5
2224,1295.5
286,1295.5
955,1295.5
5094,1295.5
220,1295.5
6307,1295.5
1693,1295.5
1066,4935.23076923
630,4935.23076923
557,4935.23076923
718,4935.23076923
1532,4935.23076923
2964,4935.23076923
1143,4935.23076923
980,4935.23076923
1832,4935.23076923
928,4935.23076923
1280,4935.23076923
1722,4935.23076923
339,4935.23076923
2480,4935.23076923
1122,4935.23076923
726,4935.23076923
583,4935.23076923
3050,4935.23076923
4009,4935.23076923
655,4935.23076923
2860,4935.23076923
464,4935.23076923
8509,4935.23076923
2356,4935.23076923
12646,4935.23076923
1328,4935.23076923
763,4935.23076923
1557,4935.23076923
6607,4935.23076923
437,2707.53125
324,2707.53125
1003,2707.53125
3555,2707.53125
7649,2707.53125
698,2707.53125
1425,2707.53125
3189,2707.53125
3483,2707.53125
2972,2707.53125
593,2707.53125
1304,2707.53125
1318,2707.53125
570,2707.53125
1113,2707.53125
988,2707.53125
1832,2707.53125
1884,2707.53125
5927,2707.53125
322,2707.53125
4115,2707.53125
2172,2707.53125
1079,2707.53125
502,2707.53125
995,2707.53125
1877,2707.53125
2570,2707.53125
321,2707.53125
1040,2707.53125
1431,2471.2734375
1113,2471.2734375
1455,2471.2734375
322,2471.2734375
580,2471.2734375
2037,2471.2734375
5456,2471.2734375
5816,2471.2734375
652,2471.2734375
2223,2471.2734375
654,2471.2734375
995,2471.2734375
698,2471.2734375
113930,2471.2734375
3189,2471.2734375
669,2471.2734375
2408,2471.2734375
6307,2471.2734375
3555,2471.2734375
2570,2471.2734375
485,2471.2734375
1940,2471.2734375
12646,2471.2734375
1698,2471.2734375
1040,2471.2734375
5094,2471.2734375
655,2471.2734375
585,2471.2734375
1860,2471.2734375
593,791.5
5249,791.5
2972,791.5
502,791.5
1832,791.5
693,791.5
1425,791.5
7649,791.5
1159,791.5
2895,791.5
1304,791.5
220,791.5
313,791.5
1432,791.5
8509,791.5
321,791.5
1650,791.5
4494,791.5
8656,791.5
570,791.5
630,791.5
3826,791.5
1328,791.5
4824,791.5
4115,791.5
887,791.5
2591,791.5
15673,791.5
3483,791.5
2224,2015.39285714
5927,2015.39285714
989,2015.39285714
5646,2015.39285714
1868,2015.39285714
324,2015.39285714
4068,2015.39285714
8600,2015.39285714
2172,2015.39285714
1066,2015.39285714
1693,2015.39285714
1428,2015.39285714
1939,2015.39285714
3050,2015.39285714
464,2015.39285714
5359,2015.39285714
1143,2015.39285714
1003,2015.39285714
1122,2015.39285714
1318,2015.39285714
896,2015.39285714
2203,2015.39285714
1388,2015.39285714
1024,2015.39285714
302,2015.39285714
1832,2015.39285714
928,2015.39285714
3319,2015.39285714
13635,2015.39285714
557,1291.67307692
1173,1291.67307692
437,1291.67307692
286,1291.67307692
1576,1291.67307692
955,1291.67307692
2964,1291.67307692
4009,1291.67307692
1532,1291.67307692
583,1291.67307692
4414,1291.67307692
1079,1291.67307692
6607,1291.67307692
1877,1291.67307692
1016,1291.67307692
219,1291.67307692
2265,1291.67307692
380,1291.67307692
1722,1291.67307692
990,1291.67307692
763,1291.67307692
2170,1291.67307692
750,1291.67307692
322,1291.67307692
1584,1291.67307692
1631,1291.67307692
339,1291.67307692
718,1291.67307692
1660,1291.67307692
2480,2146.0
1884,2146.0
570,2146.0
5192,2146.0
980,2146.0
2029,2146.0
2356,2146.0
5927,2146.0
676,2146.0
1742,2146.0
2860,2146.0
726,2146.0
1413,2146.0
874,2146.0
3504,2146.0
892,2146.0
1737,2146.0
2393,2146.0
3088,2146.0
1252,2146.0
988,2146.0
2663,2146.0
254,2146.0
2634,2146.0
3966,2146.0
1557,2146.0
1401,2146.0
718,2146.0
1280,2146.0
