3647,749.0
546,749.0
2275,749.0
7252,749.0
2331,749.0
4494,749.0
3472,749.0
1435,749.0
4067,749.0
2422,749.0
9100,749.0
1575,749.0
2282,749.0
710,749.0
2174,749.0
3136,749.0
2989,1634.5
2821,1634.5
19894,1634.5
13860,1634.5
847,1634.5
14973,1634.5
9135,1634.5
2583,1634.5
1603,1634.5
6405,1634.5
595,1634.5
1617,1634.5
4004,1634.5
3948,1634.5
3542,1634.5
2800,1634.5
2548,3097.5
4620,3097.5
6699,3097.5
5152,3097.5
5775,3097.5
1400,3097.5
2429,3097.5
3829,3097.5
5880,3097.5
14434,3097.5
9520,3097.5
8050,3097.5
3164,3097.5
2926,3097.5
1267,3097.5
1155,3097.5
2569,2075.5
2723,2075.5
5817,2075.5
4277,2075.5
14987,2075.5
651,2075.5
8232,2075.5
3927,2075.5
3983,2075.5
3626,2075.5
3437,2075.5
9051,2075.5
2149,2075.5
5180,2075.5
12824,2075.5
4172,2075.5
2520,3391.5
6783,3391.5
3913,3391.5
3276,3391.5
23940,3391.5
10577,3391.5
2352,3391.5
3192,3391.5
5635,3391.5
805,3391.5
3941,3391.5
4977,3391.5
1876,3391.5
7854,3391.5
840,3391.5
5922,3391.5
11361,3391.5
7854,3199.0
1400,3199.0
3276,3199.0
2352,3199.0
6783,3199.0
1155,3199.0
1876,3199.0
9051,3199.0
3913,3199.0
4977,3199.0
3948,3199.0
5180,3199.0
5922,3199.0
595,3199.0
10577,3199.0
9135,3199.0
2275,8452.5
4004,8452.5
3829,8452.5
2174,8452.5
14434,8452.5
805,8452.5
4172,8452.5
1575,8452.5
2723,8452.5
3136,8452.5
3164,8452.5
14987,8452.5
2429,8452.5
5635,8452.5
4067,8452.5
3192,8452.5
11361,2842.0
3472,2842.0
3927,2842.0
5152,2842.0
1435,2842.0
12824,2842.0
3626,2842.0
2149,2842.0
13860,2842.0
5880,2842.0
9100,2842.0
8232,2842.0
3437,2842.0
3647,2842.0
5775,2842.0
2569,2842.0
23940,2313.5
8050,2313.5
6405,2313.5
2548,2313.5
4494,2313.5
847,2313.5
2520,2313.5
1617,2313.5
2422,2313.5
840,2313.5
9520,2313.5
14973,2313.5
6699,2313.5
2331,2313.5
2821,2313.5
4277,2313.5
7252,3556.0
3983,3556.0
710,3556.0
1603,3556.0
3542,3556.0
2989,3556.0
1267,3556.0
19894,3556.0
2926,3556.0
2800,3556.0
3941,3556.0
546,3556.0
4620,3556.0
2282,3556.0
2583,3556.0
651,3556.0
5817,3556.0
4977,696.5
2331,696.5
3136,696.5
2989,696.5
3647,696.5
5152,696.5
9051,696.5
1435,696.5
5880,696.5
6783,696.5
2352,696.5
3829,696.5
2821,696.5
10577,696.5
2569,696.5
3983,696.5
3626,1379.0
2520,1379.0
14434,1379.0
5635,1379.0
3437,1379.0
1400,1379.0
2282,1379.0
14973,1379.0
4620,1379.0
2174,1379.0
3941,1379.0
19894,1379.0
3948,1379.0
13860,1379.0
2723,1379.0
710,1379.0
7252,6870.5
6699,6870.5
2149,6870.5
3192,6870.5
847,6870.5
546,6870.5
3276,6870.5
2800,6870.5
1267,6870.5
4494,6870.5
2583,6870.5
7854,6870.5
840,6870.5
4277,6870.5
3913,6870.5
1575,6870.5
2429,2551.5
12824,2551.5
805,2551.5
14987,2551.5
1603,2551.5
5775,2551.5
4004,2551.5
23940,2551.5
5817,2551.5
1155,2551.5
4172,2551.5
2926,2551.5
595,2551.5
9135,2551.5
651,2551.5
6405,2551.5
3927,2016.0
2422,2016.0
2275,2016.0
3164,2016.0
4067,2016.0
5180,2016.0
11361,2016.0
3542,2016.0
1876,2016.0
1617,2016.0
9520,2016.0
9100,2016.0
3472,2016.0
2548,2016.0
5922,2016.0
8232,2016.0
8050,2016.0
10577,7455.0
3913,7455.0
14973,7455.0
2723,7455.0
5152,7455.0
3276,7455.0
3164,7455.0
7854,7455.0
6405,7455.0
9100,7455.0
3983,7455.0
1876,7455.0
5922,7455.0
2275,7455.0
3192,7455.0
3472,7455.0
14434,1533.0
5635,1533.0
3647,1533.0
12824,1533.0
5180,1533.0
2282,1533.0
3437,1533.0
2926,1533.0
8232,1533.0
840,1533.0
4172,1533.0
1435,1533.0
710,1533.0
4277,1533.0
2149,1533.0
6783,1533.0
1603,13146.0
651,13146.0
847,13146.0
1155,13146.0
4977,13146.0
19894,13146.0
1617,13146.0
5880,13146.0
3626,13146.0
3136,13146.0
2548,13146.0
2331,13146.0
3941,13146.0
9520,13146.0
2569,13146.0
4004,13146.0
7252,4917.5
9135,4917.5
14987,4917.5
11361,4917.5
8050,4917.5
3829,4917.5
3542,4917.5
546,4917.5
2422,4917.5
13860,4917.5
4494,4917.5
9051,4917.5
3927,4917.5
5817,4917.5
6699,4917.5
5775,4917.5
2429,11511.5
2989,11511.5
595,11511.5
2583,11511.5
23940,11511.5
1400,11511.5
3948,11511.5
4067,11511.5
2174,11511.5
2520,11511.5
2352,11511.5
2821,11511.5
805,11511.5
4620,11511.5
1267,11511.5
2800,11511.5
1575,11511.5
3472,1421.0
3829,1421.0
3626,1421.0
2548,1421.0
9135,1421.0
23940,1421.0
11361,1421.0
5880,1421.0
3983,1421.0
4977,1421.0
12824,1421.0
2331,1421.0
6783,1421.0
1603,1421.0
14434,1421.0
2174,1421.0
3913,6559.0
7252,6559.0
5635,6559.0
3647,6559.0
2800,6559.0
2926,6559.0
7854,6559.0
2149,6559.0
805,6559.0
710,6559.0
1435,6559.0
651,6559.0
4494,6559.0
847,6559.0
1575,6559.0
3542,6559.0
9100,6030.5
8050,6030.5
2989,6030.5
4620,6030.5
14987,6030.5
595,6030.5
3276,6030.5
840,6030.5
6405,6030.5
1617,6030.5
2569,6030.5
1876,6030.5
4067,6030.5
8232,6030.5
5922,6030.5
4004,6030.5
4277,2660.0
2583,2660.0
3941,2660.0
3948,2660.0
4172,2660.0
10577,2660.0
546,2660.0
9520,2660.0
19894,2660.0
3164,2660.0
14973,2660.0
3437,2660.0
3192,2660.0
5775,2660.0
2352,2660.0
3927,2660.0
2723,5204.5
2520,5204.5
3136,5204.5
13860,5204.5
6699,5204.5
1400,5204.5
5152,5204.5
1155,5204.5
2275,5204.5
2282,5204.5
2429,5204.5
9051,5204.5
2422,5204.5
2821,5204.5
5817,5204.5
5180,5204.5
1267,5204.5
