395,1835.0
374,1835.0
3148,1835.0
190,1835.0
11719,1835.0
1028,1835.0
7490,1835.0
237,1835.0
2971,1835.0
1916,1835.0
1249,1835.0
16042,1835.0
8227,1835.0
7824,1835.0
3566,1835.0
7263,1835.0
212,1835.0
1238,1835.0
687,1835.0
2321,1835.0
1278,1835.0
7060,1835.0
440,1835.0
1984,1835.0
1930,1835.0
729,1835.0
2446,1835.0
10200,1835.0
2999,1835.0
929,1835.0
5732,1835.0
4504,1835.0
817,1835.0
4150,1835.0
4164,1835.0
500,1835.0
6138,1835.0
1121,1835.0
448,1835.0
14520,1835.0
4158,1835.0
3800,1835.0
640,1835.0
1167,1835.0
2836,1835.0
54620,1835.0
1262,1835.0
903,1835.0
2540,1835.0
780,1835.0
3500,1835.0
5242,1835.0
2387,1835.0
950,1835.0
3133,1835.0
1061,1835.0
4622,1835.0
1134,1835.0
3437,1835.0
15165,1835.0
5333,1835.0
3214,1835.0
352,1835.0
2941,1835.0
1035,1835.0
9094,1835.0
619,1835.0
498,1835.0
883,1835.0
1434,1835.0
3655,1835.0
246,1835.0
1158,1835.0
8702,1835.0
570,1835.0
1704,1835.0
2108,1835.0
1532,1835.0
526,1835.0
941,1835.0
1451,1835.0
7575,1835.0
26,1835.0
3322,1835.0
553,1835.0
1741,1835.0
358,1835.0
3762,1835.0
601,1835.0
911,1835.0
10222,1835.0
2112,1835.0
1017,1835.0
2385,1835.0
2684,1835.0
1126,1835.0
700,1835.0
191,1835.0
1644,1835.0
3877,4615.5
1525,4615.5
3006,4615.5
300,4615.5
676,4615.5
183,4615.5
668,4615.5
705,4615.5
32760,4615.5
1293,4615.5
281,4615.5
2683,4615.5
1265,4615.5
2933,4615.5
1607,4615.5
176,4615.5
784,4615.5
2835,4615.5
540,4615.5
3612,4615.5
3431,4615.5
380,4615.5
3193,4615.5
3646,4615.5
5639,4615.5
720,4615.5
631,4615.5
2552,4615.5
2326,4615.5
5196,4615.5
28855,4615.5
25217,4615.5
736,4615.5
16921,4615.5
1788,4615.5
2109,4615.5
1661,4615.5
129,4615.5
17607,4615.5
16788,4615.5
646,4615.5
1007,4615.5
481,4615.5
406,4615.5
7505,4615.5
5053,4615.5
1171,4615.5
7762,4615.5
2002,4615.5
566,4615.5
2019,4615.5
252,4615.5
742,4615.5
25401,4615.5
943,4615.5
8549,4615.5
1514,4615.5
281,4615.5
4112,4615.5
665,4615.5
2988,4615.5
1785,4615.5
3630,4615.5
2994,4615.5
239,4615.5
286,4615.5
871,4615.5
22920,4615.5
5432,4615.5
247,4615.5
4723,4615.5
584,4615.5
2597,4615.5
893,4615.5
34085,4615.5
499,4615.5
440,4615.5
13130,4615.5
683,4615.5
1101,4615.5
338,4615.5
5400,4615.5
8470,4615.5
5532,4615.5
114,4615.5
408,4615.5
1211,4615.5
6068,4615.5
801,4615.5
334,4615.5
774,4615.5
4800,4615.5
500,4615.5
976,4615.5
3372,4615.5
973,4615.5
2496,4615.5
2400,4615.5
486,4615.5
564,4615.5
5533,2543.625
2532,2543.625
580,2543.625
3238,2543.625
2054,2543.625
220,2543.625
1464,2543.625
893,2543.625
770,2543.625
6821,2543.625
225,2543.625
354,2543.625
2038,2543.625
1186,2543.625
1039,2543.625
1829,2543.625
2027,2543.625
410,2543.625
2450,2543.625
252,2543.625
8663,2543.625
2347,2543.625
349,2543.625
6844,2543.625
2553,2543.625
5103,2543.625
2082,2543.625
803,2543.625
1139,2543.625
201,2543.625
400,2543.625
1786,2543.625
528,2543.625
2856,2543.625
2672,2543.625
2362,2543.625
605,2543.625
3191,2543.625
4086,2543.625
246,2543.625
2515,2543.625
2333,2543.625
450,2543.625
2974,2543.625
436,2543.625
2185,2543.625
3503,2543.625
1200,2543.625
1817,2543.625
1333,2543.625
3711,2543.625
117,2543.625
1243,2543.625
5841,2543.625
5597,2543.625
43303,2543.625
3532,2543.625
19699,2543.625
2566,2543.625
3995,2543.625
2435,2543.625
1073,2543.625
1210,2543.625
27000,2543.625
1584,2543.625
1853,2543.625
5800,2543.625
3434,2543.625
3585,2543.625
2395,2543.625
13528,2543.625
2600,2543.625
1076,2543.625
300,2543.625
140,2543.625
1049,2543.625
26408,2543.625
1634,2543.625
145,2543.625
2459,2543.625
16560,2543.625
1417,2543.625
1775,2543.625
305,2543.625
1248,2543.625
7443,2543.625
2520,2543.625
249,2543.625
387,2543.625
1396,2543.625
7091,2543.625
296,2543.625
3348,2543.625
812,2543.625
8046,2543.625
8740,2543.625
1869,2543.625
976,2543.625
80,2543.625
6416,2543.625
4416,14995.0
2310,14995.0
8716,14995.0
10942,14995.0
136,14995.0
417,14995.0
569,14995.0
534,14995.0
5727,14995.0
16357,14995.0
686,14995.0
752,14995.0
21014,14995.0
778,14995.0
392,14995.0
3189,14995.0
2551,14995.0
563,14995.0
4945,14995.0
1896,14995.0
2064,14995.0
1754,14995.0
3287,14995.0
3853,14995.0
2391,14995.0
3219,14995.0
1313,14995.0
2521,14995.0
2360,14995.0
1244,14995.0
4301,14995.0
1223,14995.0
3677,14995.0
211,14995.0
591,14995.0
1393,14995.0
140,14995.0
148,14995.0
667,14995.0
311,14995.0
1080,14995.0
503,14995.0
399,14995.0
3675,14995.0
1724,14995.0
997,14995.0
9720,14995.0
597,14995.0
49034,14995.0
14938,14995.0
198,14995.0
3546,14995.0
3201,14995.0
25482,14995.0
1238,14995.0
470,14995.0
2306,14995.0
1823,14995.0
2299,14995.0
701,14995.0
909,14995.0
2604,14995.0
600,14995.0
3303,14995.0
1686,14995.0
4054,14995.0
562,14995.0
477,14995.0
937,14995.0
544,14995.0
764,14995.0
5482,14995.0
601,14995.0
3088,14995.0
1001,14995.0
170,14995.0
293,14995.0
1694,14995.0
4019,14995.0
5864,14995.0
4695,14995.0
4947,14995.0
9409,14995.0
827,14995.0
560,14995.0
2933,14995.0
1404,14995.0
454,14995.0
763,14995.0
2890,14995.0
25054,14995.0
13919,14995.0
328,14995.0
2244,14995.0
2791,14995.0
2430,14995.0
1694,14995.0
1668,14995.0
241,14995.0
2445,14995.0
344,451.5
2565,451.5
3748,451.5
2184,451.5
3368,451.5
579,451.5
11388,451.5
29399,451.5
285,451.5
4630,451.5
391,451.5
494,451.5
12551,451.5
2508,451.5
4266,451.5
6765,451.5
1557,451.5
4867,451.5
7459,451.5
4900,451.5
11045,451.5
13752,451.5
776,451.5
3638,451.5
1482,451.5
1538,451.5
1801,451.5
1383,451.5
2741,451.5
594,451.5
2014,451.5
471,451.5
1727,451.5
1251,451.5
341,451.5
6063,451.5
3703,451.5
5650,451.5
1050,451.5
2952,451.5
1939,451.5
2040,451.5
9296,451.5
2640,451.5
702,451.5
4551,451.5
1358,451.5
906,451.5
404,451.5
11490,451.5
4955,451.5
442,451.5
1362,451.5
992,451.5
204,451.5
5757,451.5
789,451.5
3344,451.5
5876,451.5
3981,451.5
33028,451.5
2533,451.5
1586,451.5
5078,451.5
691,451.5
329,451.5
2194,451.5
8706,451.5
1440,451.5
2078,451.5
10080,451.5
2088,451.5
2639,451.5
3132,451.5
1708,451.5
4815,451.5
7816,451.5
915,451.5
762,451.5
3234,451.5
15039,451.5
899,451.5
8111,451.5
667,451.5
617,451.5
1213,451.5
10398,451.5
1817,451.5
2542,451.5
1512,451.5
16179,451.5
89,451.5
1579,451.5
2738,451.5
36046,451.5
22500,451.5
483,451.5
3986,451.5
338,451.5
1246,451.5
349,3256.5
498,3256.5
212,3256.5
129,3256.5
2002,3256.5
2835,3256.5
2310,3256.5
1708,3256.5
2306,3256.5
3148,3256.5
80,3256.5
691,3256.5
591,3256.5
665,3256.5
183,3256.5
380,3256.5
601,3256.5
3762,3256.5
499,3256.5
1238,3256.5
4112,3256.5
2941,3256.5
300,3256.5
1080,3256.5
683,3256.5
417,3256.5
1200,3256.5
600,3256.5
2566,3256.5
1293,3256.5
2988,3256.5
646,3256.5
778,3256.5
580,3256.5
883,3256.5
338,3256.5
2565,3256.5
6138,3256.5
540,3256.5
1211,3256.5
736,3256.5
2088,3256.5
25482,3256.5
4945,3256.5
2387,3256.5
5482,3256.5
503,3256.5
2738,3256.5
1243,3256.5
3532,3256.5
700,3256.5
2078,3256.5
701,3256.5
5078,3256.5
442,3256.5
6063,3256.5
3006,3256.5
9094,3256.5
1512,3256.5
1396,3256.5
190,3256.5
2385,3256.5
2639,3256.5
1440,3256.5
387,3256.5
2321,3256.5
8702,3256.5
471,3256.5
2600,3256.5
2890,3256.5
1417,3256.5
1186,3256.5
617,3256.5
1482,3256.5
281,3256.5
5597,3256.5
22500,3256.5
252,3256.5
4815,3256.5
3238,3256.5
5639,3256.5
601,3256.5
817,3256.5
2553,3256.5
1139,3256.5
1121,3256.5
400,3256.5
702,3256.5
211,3256.5
667,3256.5
2446,3256.5
4158,3256.5
4900,3256.5
1244,3256.5
89,3256.5
893,3256.5
486,3256.5
16179,3256.5
22920,3256.5
1028,4055.625
584,4055.625
328,4055.625
579,4055.625
2326,4055.625
1869,4055.625
5841,4055.625
1210,4055.625
2400,4055.625
1249,4055.625
1724,4055.625
5400,4055.625
2445,4055.625
3748,4055.625
801,4055.625
528,4055.625
3981,4055.625
903,4055.625
4504,4055.625
338,4055.625
241,4055.625
500,4055.625
21014,4055.625
6765,4055.625
3612,4055.625
560,4055.625
1434,4055.625
311,4055.625
5103,4055.625
2435,4055.625
11045,4055.625
1134,4055.625
329,4055.625
16921,4055.625
2952,4055.625
2994,4055.625
562,4055.625
399,4055.625
1694,4055.625
296,4055.625
5727,4055.625
406,4055.625
2856,4055.625
352,4055.625
5196,4055.625
5732,4055.625
2532,4055.625
4054,4055.625
687,4055.625
3201,4055.625
2064,4055.625
1073,4055.625
937,4055.625
5532,4055.625
2552,4055.625
2082,4055.625
570,4055.625
34085,4055.625
4019,4055.625
2496,4055.625
4695,4055.625
2109,4055.625
1167,4055.625
569,4055.625
198,4055.625
1464,4055.625
1668,4055.625
7816,4055.625
5432,4055.625
1916,4055.625
117,4055.625
667,4055.625
374,4055.625
1050,4055.625
5242,4055.625
871,4055.625
4723,4055.625
899,4055.625
1801,4055.625
2791,4055.625
10222,4055.625
7263,4055.625
1223,4055.625
43303,4055.625
2974,4055.625
1362,4055.625
1584,4055.625
3234,4055.625
454,4055.625
28855,4055.625
1823,4055.625
2515,4055.625
1001,4055.625
742,4055.625
2450,4055.625
148,4055.625
534,4055.625
7443,4055.625
2194,4055.625
803,4055.625
5650,2279.0
1853,2279.0
2672,2279.0
566,2279.0
114,2279.0
500,2279.0
3546,2279.0
27000,2279.0
2604,2279.0
3566,2279.0
1607,2279.0
812,2279.0
1984,2279.0
1007,2279.0
1930,2279.0
2933,2279.0
3646,2279.0
36046,2279.0
8470,2279.0
239,2279.0
676,2279.0
1049,2279.0
404,2279.0
1076,2279.0
201,2279.0
13528,2279.0
140,2279.0
640,2279.0
3344,2279.0
5757,2279.0
3214,2279.0
553,2279.0
15165,2279.0
789,2279.0
4164,2279.0
1514,2279.0
136,2279.0
997,2279.0
1313,2279.0
8227,2279.0
3995,2279.0
8716,2279.0
1333,2279.0
33028,2279.0
176,2279.0
8740,2279.0
763,2279.0
3372,2279.0
597,2279.0
16357,2279.0
3191,2279.0
1126,2279.0
4955,2279.0
17607,2279.0
9409,2279.0
14520,2279.0
1451,2279.0
3503,2279.0
2244,2279.0
2542,2279.0
440,2279.0
564,2279.0
2999,2279.0
10200,2279.0
470,2279.0
764,2279.0
976,2279.0
1213,2279.0
2038,2279.0
483,2279.0
915,2279.0
1634,2279.0
10080,2279.0
976,2279.0
1251,2279.0
5053,2279.0
526,2279.0
391,2279.0
720,2279.0
7505,2279.0
54620,2279.0
246,2279.0
13130,2279.0
249,2279.0
780,2279.0
2391,2279.0
893,2279.0
1404,2279.0
1896,2279.0
2362,2279.0
8549,2279.0
3585,2279.0
3431,2279.0
3437,2279.0
145,2279.0
140,2279.0
4622,2279.0
1644,2279.0
1278,2279.0
2108,2279.0
594,3183.375
1393,3183.375
1786,3183.375
1383,3183.375
8663,3183.375
25054,3183.375
729,3183.375
204,3183.375
237,3183.375
29399,3183.375
1661,3183.375
8706,3183.375
281,3183.375
8046,3183.375
1686,3183.375
1939,3183.375
11719,3183.375
247,3183.375
2112,3183.375
752,3183.375
4947,3183.375
300,3183.375
477,3183.375
1061,3183.375
3703,3183.375
943,3183.375
5533,3183.375
2683,3183.375
1101,3183.375
1586,3183.375
1246,3183.375
1265,3183.375
4800,3183.375
774,3183.375
2836,3183.375
2551,3183.375
1788,3183.375
1775,3183.375
4867,3183.375
4630,3183.375
4150,3183.375
3348,3183.375
1158,3183.375
2640,3183.375
3088,3183.375
1017,3183.375
2014,3183.375
1754,3183.375
408,3183.375
3877,3183.375
285,3183.375
1829,3183.375
9720,3183.375
1785,3183.375
2027,3183.375
3303,3183.375
2333,3183.375
3638,3183.375
354,3183.375
2185,3183.375
3193,3183.375
2360,3183.375
6416,3183.375
8111,3183.375
7762,3183.375
7575,3183.375
25217,3183.375
906,3183.375
2040,3183.375
2184,3183.375
1171,3183.375
448,3183.375
3219,3183.375
440,3183.375
4301,3183.375
7824,3183.375
3287,3183.375
191,3183.375
2508,3183.375
3133,3183.375
544,3183.375
1262,3183.375
4266,3183.375
3434,3183.375
1358,3183.375
7459,3183.375
2597,3183.375
26,3183.375
1238,3183.375
1704,3183.375
3322,3183.375
436,3183.375
3986,3183.375
5333,3183.375
1525,3183.375
1035,3183.375
25401,3183.375
4551,3183.375
619,3183.375
973,3183.375
11490,1296.59375
1741,1296.59375
341,1296.59375
2395,1296.59375
2347,1296.59375
494,1296.59375
941,1296.59375
2520,1296.59375
26408,1296.59375
450,1296.59375
686,1296.59375
2540,1296.59375
3711,1296.59375
32760,1296.59375
286,1296.59375
13752,1296.59375
631,1296.59375
246,1296.59375
3675,1296.59375
358,1296.59375
605,1296.59375
3655,1296.59375
392,1296.59375
5864,1296.59375
9296,1296.59375
4086,1296.59375
992,1296.59375
395,1296.59375
4416,1296.59375
827,1296.59375
1248,1296.59375
668,1296.59375
6821,1296.59375
2971,1296.59375
563,1296.59375
293,1296.59375
776,1296.59375
1538,1296.59375
12551,1296.59375
334,1296.59375
16560,1296.59375
1039,1296.59375
7091,1296.59375
929,1296.59375
7490,1296.59375
5876,1296.59375
2933,1296.59375
950,1296.59375
410,1296.59375
3677,1296.59375
3630,1296.59375
481,1296.59375
220,1296.59375
19699,1296.59375
3189,1296.59375
16788,1296.59375
1817,1296.59375
3132,1296.59375
344,1296.59375
13919,1296.59375
770,1296.59375
909,1296.59375
2430,1296.59375
911,1296.59375
7060,1296.59375
10942,1296.59375
252,1296.59375
1817,1296.59375
2521,1296.59375
10398,1296.59375
1694,1296.59375
170,1296.59375
1579,1296.59375
14938,1296.59375
2684,1296.59375
762,1296.59375
1727,1296.59375
2741,1296.59375
2299,1296.59375
3368,1296.59375
15039,1296.59375
225,1296.59375
5800,1296.59375
2533,1296.59375
2019,1296.59375
49034,1296.59375
1532,1296.59375
305,1296.59375
784,1296.59375
3853,1296.59375
2459,1296.59375
11388,1296.59375
6068,1296.59375
2054,1296.59375
16042,1296.59375
705,1296.59375
6844,1296.59375
1557,1296.59375
3800,1296.59375
3500,1296.59375
3877,7189.5
2988,7189.5
380,7189.5
4551,7189.5
2002,7189.5
2604,7189.5
2533,7189.5
705,7189.5
246,7189.5
3566,7189.5
1896,7189.5
477,7189.5
49034,7189.5
1383,7189.5
1121,7189.5
28855,7189.5
27000,7189.5
4416,7189.5
1538,7189.5
328,7189.5
4955,7189.5
329,7189.5
1801,7189.5
2741,7189.5
700,7189.5
1557,7189.5
311,7189.5
3348,7189.5
1101,7189.5
3201,7189.5
454,7189.5
7443,7189.5
170,7189.5
13919,7189.5
691,7189.5
1440,7189.5
2064,7189.5
1482,7189.5
2435,7189.5
148,7189.5
5757,7189.5
503,7189.5
281,7189.5
7263,7189.5
1525,7189.5
442,7189.5
436,7189.5
640,7189.5
5400,7189.5
1223,7189.5
619,7189.5
440,7189.5
780,7189.5
16560,7189.5
801,7189.5
4723,7189.5
2553,7189.5
1158,7189.5
2835,7189.5
3748,7189.5
2078,7189.5
5482,7189.5
374,7189.5
5597,7189.5
1775,7189.5
395,7189.5
114,7189.5
1246,7189.5
300,7189.5
16921,7189.5
601,7189.5
5876,7189.5
2391,7189.5
4164,7189.5
12551,7189.5
1817,7189.5
701,7189.5
145,7189.5
3322,7189.5
25401,7189.5
4086,7189.5
6416,7189.5
1661,7189.5
1634,7189.5
8702,7189.5
1293,7189.5
417,7189.5
2542,7189.5
25054,7189.5
601,7189.5
2532,7189.5
3986,7189.5
687,7189.5
344,7189.5
2014,7189.5
140,7189.5
1984,7189.5
400,7189.5
1238,7189.5
1238,1530.125
5053,1530.125
220,1530.125
15039,1530.125
1607,1530.125
2971,1530.125
2088,1530.125
2445,1530.125
3193,1530.125
3655,1530.125
5432,1530.125
17607,1530.125
249,1530.125
883,1530.125
3677,1530.125
594,1530.125
3995,1530.125
1167,1530.125
239,1530.125
440,1530.125
1333,1530.125
778,1530.125
4945,1530.125
2974,1530.125
1532,1530.125
943,1530.125
21014,1530.125
605,1530.125
591,1530.125
937,1530.125
992,1530.125
212,1530.125
7575,1530.125
247,1530.125
1754,1530.125
1393,1530.125
915,1530.125
198,1530.125
10080,1530.125
2038,1530.125
1251,1530.125
3006,1530.125
528,1530.125
1171,1530.125
448,1530.125
1686,1530.125
5532,1530.125
929,1530.125
4019,1530.125
3189,1530.125
2508,1530.125
5196,1530.125
544,1530.125
7091,1530.125
358,1530.125
293,1530.125
973,1530.125
1579,1530.125
646,1530.125
2360,1530.125
950,1530.125
9720,1530.125
729,1530.125
789,1530.125
597,1530.125
481,1530.125
1512,1530.125
1049,1530.125
899,1530.125
1080,1530.125
3853,1530.125
8111,1530.125
201,1530.125
774,1530.125
752,1530.125
1916,1530.125
6765,1530.125
3500,1530.125
1139,1530.125
2597,1530.125
2299,1530.125
8046,1530.125
2184,1530.125
2112,1530.125
7490,1530.125
3503,1530.125
5864,1530.125
580,1530.125
204,1530.125
1396,1530.125
354,1530.125
7824,1530.125
43303,1530.125
500,1530.125
3344,1530.125
736,1530.125
2108,1530.125
976,1530.125
3088,1530.125
2362,1530.125
2321,14760.0
2551,14760.0
1050,14760.0
562,14760.0
1213,14760.0
25482,14760.0
2640,14760.0
483,14760.0
3234,14760.0
117,14760.0
911,14760.0
8716,14760.0
286,14760.0
1035,14760.0
1829,14760.0
237,14760.0
2600,14760.0
305,14760.0
404,14760.0
190,14760.0
2565,14760.0
570,14760.0
1451,14760.0
10222,14760.0
5533,14760.0
4150,14760.0
2430,14760.0
392,14760.0
2890,14760.0
817,14760.0
5078,14760.0
3981,14760.0
387,14760.0
3630,14760.0
16042,14760.0
1741,14760.0
352,14760.0
2019,14760.0
3703,14760.0
80,14760.0
2400,14760.0
1788,14760.0
5333,14760.0
4301,14760.0
16788,14760.0
871,14760.0
617,14760.0
2446,14760.0
3646,14760.0
14938,14760.0
1007,14760.0
4266,14760.0
720,14760.0
5727,14760.0
5650,14760.0
997,14760.0
16179,14760.0
13528,14760.0
1708,14760.0
676,14760.0
296,14760.0
2738,14760.0
2520,14760.0
4158,14760.0
2994,14760.0
1243,14760.0
2082,14760.0
338,14760.0
1265,14760.0
33028,14760.0
3800,14760.0
893,14760.0
4815,14760.0
600,14760.0
391,14760.0
2933,14760.0
2684,14760.0
1704,14760.0
2999,14760.0
4800,14760.0
285,14760.0
2385,14760.0
8740,14760.0
2040,14760.0
8470,14760.0
9296,14760.0
534,14760.0
4947,14760.0
3148,14760.0
281,14760.0
3219,14760.0
4504,14760.0
2109,14760.0
7505,14760.0
1823,14760.0
7060,14760.0
11045,14760.0
500,14760.0
4630,14760.0
2941,14760.0
1073,3832.5
553,3832.5
2310,3832.5
16357,3832.5
22500,3832.5
191,3832.5
36046,3832.5
300,3832.5
5800,3832.5
2552,3832.5
26408,3832.5
8663,3832.5
2515,3832.5
252,3832.5
584,3832.5
3132,3832.5
3434,3832.5
25217,3832.5
1434,3832.5
1817,3832.5
827,3832.5
2496,3832.5
1464,3832.5
3638,3832.5
526,3832.5
1028,3832.5
6063,3832.5
566,3832.5
1939,3832.5
5841,3832.5
1417,3832.5
6138,3832.5
241,3832.5
3532,3832.5
667,3832.5
2326,3832.5
19699,3832.5
2856,3832.5
3133,3832.5
5103,3832.5
1017,3832.5
1785,3832.5
341,3832.5
8549,3832.5
334,3832.5
410,3832.5
3287,3832.5
4112,3832.5
1694,3832.5
6844,3832.5
3612,3832.5
2683,3832.5
4867,3832.5
471,3832.5
211,3832.5
498,3832.5
499,3832.5
1694,3832.5
2027,3832.5
2521,3832.5
909,3832.5
136,3832.5
2395,3832.5
246,3832.5
8227,3832.5
686,3832.5
10398,3832.5
784,3832.5
399,3832.5
406,3832.5
1786,3832.5
941,3832.5
34085,3832.5
10942,3832.5
3368,3832.5
1076,3832.5
2387,3832.5
4695,3832.5
5242,3832.5
225,3832.5
3238,3832.5
3431,3832.5
29399,3832.5
2836,3832.5
26,3832.5
812,3832.5
486,3832.5
4054,3832.5
1724,3832.5
976,3832.5
1869,3832.5
3303,3832.5
349,3832.5
11490,3832.5
1404,3832.5
15165,3832.5
1244,3832.5
9409,3832.5
450,3832.5
89,3832.5
1061,967.03125
3546,967.03125
2540,967.03125
2952,967.03125
776,967.03125
3437,967.03125
183,967.03125
1249,967.03125
893,967.03125
3372,967.03125
3214,967.03125
1001,967.03125
540,967.03125
770,967.03125
5732,967.03125
3191,967.03125
54620,967.03125
2933,967.03125
1586,967.03125
762,967.03125
6068,967.03125
668,967.03125
7762,967.03125
1134,967.03125
5639,967.03125
1248,967.03125
564,967.03125
1358,967.03125
631,967.03125
11388,967.03125
494,967.03125
9094,967.03125
2791,967.03125
903,967.03125
2054,967.03125
13752,967.03125
14520,967.03125
470,967.03125
140,967.03125
3762,967.03125
1262,967.03125
2639,967.03125
10200,967.03125
560,967.03125
906,967.03125
742,967.03125
7816,967.03125
8706,967.03125
32760,967.03125
1039,967.03125
2333,967.03125
803,967.03125
4622,967.03125
7459,967.03125
1644,967.03125
667,967.03125
6821,967.03125
1668,967.03125
563,967.03125
4900,967.03125
1126,967.03125
1362,967.03125
1186,967.03125
579,967.03125
2347,967.03125
569,967.03125
2459,967.03125
1930,967.03125
763,967.03125
2244,967.03125
1584,967.03125
2672,967.03125
1727,967.03125
2450,967.03125
665,967.03125
1278,967.03125
683,967.03125
1200,967.03125
702,967.03125
2185,967.03125
252,967.03125
2566,967.03125
129,967.03125
3675,967.03125
176,967.03125
1853,967.03125
22920,967.03125
3711,967.03125
11719,967.03125
1210,967.03125
1313,967.03125
408,967.03125
1514,967.03125
1211,967.03125
13130,967.03125
3585,967.03125
2194,967.03125
2306,967.03125
338,967.03125
764,967.03125
10222,399.0
584,399.0
9296,399.0
1930,399.0
1396,399.0
293,399.0
3238,399.0
4164,399.0
770,399.0
4112,399.0
25482,399.0
5400,399.0
1817,399.0
1134,399.0
1788,399.0
1243,399.0
13130,399.0
6068,399.0
579,399.0
526,399.0
204,399.0
3675,399.0
1200,399.0
2054,399.0
1482,399.0
6138,399.0
1869,399.0
973,399.0
909,399.0
1211,399.0
2683,399.0
3585,399.0
16179,399.0
13528,399.0
5650,399.0
380,399.0
4800,399.0
3133,399.0
500,399.0
3532,399.0
49034,399.0
400,399.0
3088,399.0
1741,399.0
1754,399.0
950,399.0
1050,399.0
300,399.0
801,399.0
2088,399.0
3981,399.0
3303,399.0
563,399.0
5597,399.0
667,399.0
569,399.0
305,399.0
1017,399.0
3986,399.0
296,399.0
3655,399.0
3191,399.0
3711,399.0
25401,399.0
1532,399.0
2306,399.0
486,399.0
1126,399.0
591,399.0
883,399.0
14520,399.0
3148,399.0
2027,399.0
893,399.0
2108,399.0
170,399.0
2542,399.0
2600,399.0
9094,399.0
3219,399.0
2604,399.0
1333,399.0
3189,399.0
252,399.0
10080,399.0
354,399.0
4695,399.0
5078,399.0
16560,399.0
4266,399.0
2430,399.0
1039,399.0
201,399.0
1801,399.0
404,399.0
481,399.0
7060,399.0
10942,399.0
2014,399.0
349,4002.0
702,4002.0
8227,4002.0
5757,4002.0
1278,4002.0
2400,4002.0
1694,4002.0
1362,4002.0
7091,4002.0
22920,4002.0
564,4002.0
3503,4002.0
1817,4002.0
16788,4002.0
1853,4002.0
560,4002.0
28855,4002.0
34085,4002.0
2064,4002.0
2333,4002.0
6416,4002.0
334,4002.0
7505,4002.0
5841,4002.0
776,4002.0
22500,4002.0
736,4002.0
778,4002.0
33028,4002.0
1584,4002.0
1823,4002.0
190,4002.0
9409,4002.0
3287,4002.0
742,4002.0
5482,4002.0
7816,4002.0
1249,4002.0
1434,4002.0
871,4002.0
1251,4002.0
7263,4002.0
148,4002.0
1210,4002.0
220,4002.0
1035,4002.0
812,4002.0
5732,4002.0
1223,4002.0
601,4002.0
7824,4002.0
8740,4002.0
4945,4002.0
762,4002.0
3800,4002.0
597,4002.0
3214,4002.0
1440,4002.0
2185,4002.0
1001,4002.0
27000,4002.0
2112,4002.0
8549,4002.0
4551,4002.0
1661,4002.0
1586,4002.0
311,4002.0
498,4002.0
2994,4002.0
780,4002.0
5196,4002.0
374,4002.0
2890,4002.0
2672,4002.0
2988,4002.0
7762,4002.0
686,4002.0
2532,4002.0
241,4002.0
11719,4002.0
3638,4002.0
2038,4002.0
566,4002.0
3434,4002.0
5876,4002.0
1775,4002.0
2299,4002.0
129,4002.0
80,4002.0
7459,4002.0
16357,4002.0
4630,4002.0
329,4002.0
1121,4002.0
1404,4002.0
26408,4002.0
2184,4002.0
246,4002.0
3437,4002.0
285,4002.0
646,1933.5
11388,1933.5
5800,1933.5
1607,1933.5
729,1933.5
3677,1933.5
1139,1933.5
43303,1933.5
8470,1933.5
2385,1933.5
899,1933.5
1634,1933.5
1724,1933.5
3368,1933.5
4900,1933.5
2109,1933.5
976,1933.5
2553,1933.5
25054,1933.5
1451,1933.5
534,1933.5
477,1933.5
640,1933.5
701,1933.5
1829,1933.5
1785,1933.5
281,1933.5
239,1933.5
1101,1933.5
399,1933.5
2450,1933.5
976,1933.5
1896,1933.5
594,1933.5
784,1933.5
2565,1933.5
8702,1933.5
117,1933.5
4815,1933.5
752,1933.5
911,1933.5
5333,1933.5
2446,1933.5
540,1933.5
553,1933.5
7443,1933.5
1358,1933.5
252,1933.5
4150,1933.5
2040,1933.5
338,1933.5
2933,1933.5
3877,1933.5
358,1933.5
36046,1933.5
300,1933.5
1238,1933.5
3703,1933.5
1171,1933.5
191,1933.5
774,1933.5
2999,1933.5
2836,1933.5
929,1933.5
2362,1933.5
1262,1933.5
5053,1933.5
8663,1933.5
15039,1933.5
600,1933.5
1644,1933.5
1313,1933.5
1704,1933.5
617,1933.5
19699,1933.5
352,1933.5
2835,1933.5
454,1933.5
436,1933.5
3344,1933.5
32760,1933.5
2521,1933.5
2395,1933.5
544,1933.5
2552,1933.5
943,1933.5
763,1933.5
2078,1933.5
2435,1933.5
176,1933.5
4867,1933.5
2194,1933.5
1708,1933.5
212,1933.5
29399,1933.5
2347,1933.5
1512,1933.5
3853,1933.5
2551,1933.5
3748,1933.5
1538,1883.3125
2597,1883.3125
9720,1883.3125
2741,1883.3125
471,1883.3125
13919,1883.3125
140,1883.3125
915,1883.3125
1694,1883.3125
1238,1883.3125
4622,1883.3125
16921,1883.3125
1073,1883.3125
17607,1883.3125
1916,1883.3125
803,1883.3125
1248,1883.3125
16042,1883.3125
4086,1883.3125
2738,1883.3125
1007,1883.3125
3234,1883.3125
225,1883.3125
1080,1883.3125
2952,1883.3125
1417,1883.3125
494,1883.3125
3193,1883.3125
391,1883.3125
395,1883.3125
2533,1883.3125
5532,1883.3125
211,1883.3125
2019,1883.3125
903,1883.3125
2459,1883.3125
3132,1883.3125
392,1883.3125
54620,1883.3125
328,1883.3125
2496,1883.3125
665,1883.3125
14938,1883.3125
448,1883.3125
2971,1883.3125
1213,1883.3125
1158,1883.3125
89,1883.3125
941,1883.3125
4301,1883.3125
827,1883.3125
2974,1883.3125
764,1883.3125
1244,1883.3125
2387,1883.3125
5727,1883.3125
1786,1883.3125
705,1883.3125
3322,1883.3125
1393,1883.3125
145,1883.3125
3566,1883.3125
817,1883.3125
2326,1883.3125
3612,1883.3125
2791,1883.3125
4504,1883.3125
6063,1883.3125
11490,1883.3125
4054,1883.3125
2684,1883.3125
140,1883.3125
470,1883.3125
683,1883.3125
789,1883.3125
406,1883.3125
440,1883.3125
3646,1883.3125
4723,1883.3125
1265,1883.3125
4955,1883.3125
1246,1883.3125
528,1883.3125
2566,1883.3125
3201,1883.3125
1061,1883.3125
13752,1883.3125
687,1883.3125
417,1883.3125
249,1883.3125
26,1883.3125
1076,1883.3125
2445,1883.3125
344,1883.3125
4158,1883.3125
4947,1883.3125
442,1883.3125
992,1883.3125
676,1883.3125
2391,1883.3125
114,2447.5
1984,2447.5
3372,2447.5
893,2447.5
286,2447.5
720,2447.5
3500,2447.5
7490,2447.5
605,2447.5
499,2447.5
2508,2447.5
2856,2447.5
483,2447.5
3006,2447.5
6765,2447.5
3546,2447.5
1167,2447.5
1727,2447.5
1939,2447.5
906,2447.5
1514,2447.5
3762,2447.5
8046,2447.5
562,2447.5
21014,2447.5
281,2447.5
500,2447.5
136,2447.5
1186,2447.5
937,2447.5
691,2447.5
10398,2447.5
6844,2447.5
4416,2447.5
440,2447.5
570,2447.5
3431,2447.5
3348,2447.5
15165,2447.5
450,2447.5
408,2447.5
1579,2447.5
237,2447.5
387,2447.5
668,2447.5
5103,2447.5
1293,2447.5
7575,2447.5
1049,2447.5
2941,2447.5
10200,2447.5
8111,2447.5
2002,2447.5
2520,2447.5
580,2447.5
1686,2447.5
2310,2447.5
6821,2447.5
410,2447.5
3995,2447.5
1525,2447.5
1383,2447.5
5533,2447.5
503,2447.5
25217,2447.5
5639,2447.5
2244,2447.5
631,2447.5
1028,2447.5
2933,2447.5
2540,2447.5
5864,2447.5
5242,2447.5
2640,2447.5
601,2447.5
2321,2447.5
5432,2447.5
183,2447.5
2360,2447.5
1557,2447.5
619,2447.5
2082,2447.5
11045,2447.5
4019,2447.5
1464,2447.5
246,2447.5
198,2447.5
247,2447.5
341,2447.5
1668,2447.5
700,2447.5
8716,2447.5
667,2447.5
2515,2447.5
8706,2447.5
12551,2447.5
338,2447.5
3630,2447.5
2639,2447.5
997,2447.5
1482,2064.0
7575,2064.0
477,2064.0
4695,2064.0
136,2064.0
4622,2064.0
2064,2064.0
2552,2064.0
285,2064.0
5732,2064.0
471,2064.0
2002,2064.0
1073,2064.0
1126,2064.0
2040,2064.0
241,2064.0
4723,2064.0
1238,2064.0
2521,2064.0
1817,2064.0
1464,2064.0
8716,2064.0
470,2064.0
170,2064.0
1001,2064.0
4416,2064.0
329,2064.0
943,2064.0
25401,2064.0
198,2064.0
54620,2064.0
498,2064.0
1211,2064.0
22500,2064.0
2496,2064.0
417,2064.0
903,2064.0
3877,2064.0
2244,2064.0
486,2064.0
3566,2064.0
3431,2064.0
4086,2064.0
2540,2064.0
1265,2064.0
16179,2064.0
503,2064.0
803,2064.0
2639,2064.0
220,2064.0
2553,2064.0
7762,2064.0
5597,2064.0
5533,2064.0
117,2064.0
640,2064.0
5333,2064.0
374,2064.0
387,2064.0
3503,2064.0
3132,2064.0
190,2064.0
1393,2064.0
1049,2064.0
776,2064.0
1823,2064.0
4164,2064.0
2310,2064.0
191,2064.0
770,2064.0
601,2064.0
2508,2064.0
3219,2064.0
9094,2064.0
338,2064.0
354,2064.0
5482,2064.0
1584,2064.0
5532,2064.0
140,2064.0
406,2064.0
1061,2064.0
4955,2064.0
201,2064.0
526,2064.0
667,2064.0
2738,2064.0
1007,2064.0
239,2064.0
729,2064.0
442,2064.0
1186,2064.0
1139,2064.0
3148,2064.0
7490,2064.0
992,2064.0
12551,2064.0
49034,2064.0
973,2064.0
1512,1113.5
448,1113.5
436,1113.5
1171,1113.5
3748,1113.5
762,1113.5
281,1113.5
1134,1113.5
3500,1113.5
3703,1113.5
5103,1113.5
534,1113.5
1984,1113.5
1293,1113.5
36046,1113.5
1916,1113.5
1158,1113.5
237,1113.5
3434,1113.5
3762,1113.5
8111,1113.5
13130,1113.5
2019,1113.5
691,1113.5
19699,1113.5
247,1113.5
6765,1113.5
2604,1113.5
2445,1113.5
1050,1113.5
812,1113.5
1694,1113.5
4551,1113.5
338,1113.5
281,1113.5
344,1113.5
1668,1113.5
4947,1113.5
2994,1113.5
13919,1113.5
1249,1113.5
5757,1113.5
1694,1113.5
22920,1113.5
296,1113.5
358,1113.5
2640,1113.5
148,1113.5
686,1113.5
11719,1113.5
5727,1113.5
2683,1113.5
915,1113.5
204,1113.5
553,1113.5
1939,1113.5
2395,1113.5
27000,1113.5
440,1113.5
736,1113.5
1727,1113.5
1579,1113.5
2551,1113.5
2082,1113.5
483,1113.5
2532,1113.5
3677,1113.5
5053,1113.5
997,1113.5
2027,1113.5
176,1113.5
2109,1113.5
499,1113.5
1538,1113.5
1251,1113.5
10942,1113.5
2450,1113.5
3303,1113.5
1785,1113.5
43303,1113.5
1039,1113.5
1661,1113.5
211,1113.5
1607,1113.5
395,1113.5
2112,1113.5
883,1113.5
1396,1113.5
11045,1113.5
1080,1113.5
4150,1113.5
563,1113.5
7816,1113.5
7443,1113.5
246,1113.5
569,1113.5
1440,1113.5
3546,1113.5
617,1113.5
2321,1113.5
1853,404.5
778,404.5
4019,404.5
5650,404.5
1896,404.5
3437,404.5
1586,404.5
391,404.5
2185,404.5
17607,404.5
2856,404.5
11388,404.5
2974,404.5
4266,404.5
454,404.5
619,404.5
3193,404.5
2672,404.5
481,404.5
2014,404.5
2459,404.5
665,404.5
7263,404.5
5639,404.5
774,404.5
668,404.5
252,404.5
1246,404.5
145,404.5
8702,404.5
11490,404.5
4301,404.5
5876,404.5
705,404.5
10398,404.5
3368,404.5
1200,404.5
929,404.5
10222,404.5
789,404.5
7091,404.5
1514,404.5
3585,404.5
3675,404.5
2890,404.5
909,404.5
2108,404.5
1278,404.5
494,404.5
1775,404.5
25054,404.5
1213,404.5
1223,404.5
13752,404.5
2054,404.5
3189,404.5
1434,404.5
3006,404.5
1708,404.5
293,404.5
2430,404.5
16560,404.5
3214,404.5
817,404.5
560,404.5
3234,404.5
7060,404.5
2326,404.5
7459,404.5
500,404.5
2988,404.5
683,404.5
2038,404.5
3800,404.5
252,404.5
1313,404.5
8227,404.5
544,404.5
6416,404.5
2565,404.5
1869,404.5
16042,404.5
8549,404.5
1244,404.5
700,404.5
2333,404.5
1358,404.5
3133,404.5
827,404.5
5196,404.5
352,404.5
14520,404.5
1028,404.5
5432,404.5
15039,404.5
976,404.5
1076,404.5
34085,404.5
566,404.5
4630,404.5
1417,10856.0
4867,10856.0
600,10856.0
763,10856.0
10080,10856.0
3986,10856.0
2533,10856.0
2741,10856.0
2306,10856.0
580,10856.0
1525,10856.0
702,10856.0
328,10856.0
400,10856.0
26,10856.0
2184,10856.0
5800,10856.0
311,10856.0
1829,10856.0
3532,10856.0
1262,10856.0
183,10856.0
1017,10856.0
4945,10856.0
899,10856.0
2542,10856.0
4504,10856.0
7505,10856.0
286,10856.0
1557,10856.0
676,10856.0
3711,10856.0
8470,10856.0
5864,10856.0
1724,10856.0
5400,10856.0
404,10856.0
3322,10856.0
941,10856.0
1167,10856.0
305,10856.0
1404,10856.0
1333,10856.0
3655,10856.0
129,10856.0
1210,10856.0
591,10856.0
1121,10856.0
4800,10856.0
300,10856.0
2684,10856.0
893,10856.0
450,10856.0
2194,10856.0
2435,10856.0
1644,10856.0
2446,10856.0
8706,10856.0
3348,10856.0
950,10856.0
1817,10856.0
410,10856.0
21014,10856.0
911,10856.0
2971,10856.0
3981,10856.0
2597,10856.0
2078,10856.0
6068,10856.0
246,10856.0
8046,10856.0
9720,10856.0
1248,10856.0
28855,10856.0
2360,10856.0
9409,10856.0
3344,10856.0
3238,10856.0
1532,10856.0
25217,10856.0
976,10856.0
341,10856.0
631,10856.0
3630,10856.0
300,10856.0
114,10856.0
2566,10856.0
225,10856.0
80,10856.0
2362,10856.0
2941,10856.0
1704,10856.0
720,10856.0
26408,10856.0
15165,10856.0
564,10856.0
29399,10856.0
2347,10856.0
1383,10856.0
2387,10856.0
3287,5409.5
871,5409.5
801,5409.5
500,5409.5
937,5409.5
3201,5409.5
906,5409.5
1801,5409.5
2835,5409.5
6138,5409.5
1741,5409.5
2088,5409.5
2391,5409.5
1035,5409.5
2400,5409.5
2600,5409.5
646,5409.5
764,5409.5
597,5409.5
1686,5409.5
893,5409.5
2933,5409.5
784,5409.5
6844,5409.5
380,5409.5
13528,5409.5
33028,5409.5
440,5409.5
667,5409.5
1788,5409.5
3612,5409.5
1362,5409.5
16357,5409.5
6063,5409.5
1451,5409.5
780,5409.5
392,5409.5
3995,5409.5
14938,5409.5
579,5409.5
4158,5409.5
2791,5409.5
570,5409.5
140,5409.5
752,5409.5
2933,5409.5
2836,5409.5
2385,5409.5
32760,5409.5
3853,5409.5
8740,5409.5
5078,5409.5
5841,5409.5
3646,5409.5
701,5409.5
3638,5409.5
1101,5409.5
9296,5409.5
349,5409.5
2952,5409.5
540,5409.5
8663,5409.5
2299,5409.5
5242,5409.5
594,5409.5
1786,5409.5
605,5409.5
25482,5409.5
4054,5409.5
399,5409.5
408,5409.5
528,5409.5
7824,5409.5
584,5409.5
249,5409.5
1634,5409.5
687,5409.5
6821,5409.5
1238,5409.5
212,5409.5
3191,5409.5
3372,5409.5
562,5409.5
1930,5409.5
4112,5409.5
2999,5409.5
1243,5409.5
89,5409.5
1754,5409.5
16788,5409.5
601,5409.5
3088,5409.5
16921,5409.5
742,5409.5
4900,5409.5
4815,5409.5
10200,5409.5
334,5409.5
2520,5409.5
2515,5409.5
