444,78
18,68.5
8211,1303.2
352.8,87.0
38,445
636,242
973,644.425
120,71.35
215,126
60,121
10.8,50.55
756,447
370,797
12,445
444,536
170,283
1772.5,1310.075
90,379
8.4,119.7
599,2461.9
278,483.0
882,666
1200,345
72,124
480,2475.025
36,118.45
8.4,118.45
252,461.025
600,344
300,363.3
117.6,118.45
150,320
2400,358
703,912
300,363.3
1645.9,2277.9
107,954
31.2,84.6
430,2043.65
72,229
48,185
70,261
750,607
1248,261.4
432,445
648,2300.075
42,125
82,261
114,164
48,185
2120,457
155,529.275
576,445
1368,332
24,185
48,167
1924.5,1778.95
60,126
192,906
324,126
4178.2,1831.675
4560,763
62,304
420,154
210,270
97,529
300,87.1
458,751
409,689
117.6,73.8
162,726
2400,73.8
2460,751
239,304
72,532
360,106
60,109.65
42,135
240,532
720,408
25.2,85.35
36,106
50,106.8
1181,324
60,106.8
480,305
1350,2123.2
400,615
571.4,590
98.8,590
360,106
192,308
60,135
324,149
210,300
480,473
4178.2,1947.8625
42,151
12,473
150,616
70,325
60,151
36,149
300,87.1
48,149
370,900
8.4,91.05
444,550
400,550.05
62,325
31.2,91.05
82,261
98.8,367.675
8.4,73.65
72,508
120,66.55
72,161
192,576.675
2400,341
215,141
117.6,73.65
48,117
60,165
352.8,73.65
599,2043.525
480,2473.7625
1248,217.175
432,508
458,798
360,146
8211,1054.0875
38,441
170,296
600,270
90,170
24,126
2400,73.8
703,679
162,675
1645.9,1161.3875
756,552
60,110.65
60,108.55
1772.5,1044.5125
2120,451
192,406
1200,552
117.6,73.8
155,503.025
239,274
252,200.15
1368,189.9
973,502.775
72,124
420,428
1924.5,2312.875
648,2113.2625
42,84
300,468
2460,484
882,312
444,84
25.2,85.35
278,262.95
576,750
18,120.25
97,543
720,495
48,168
50,115.95
750,879
409,879
571.4,482.475
114,163
10.8,90.15
430,2048.8375
60,121
300,504
1350,1961.6375
36,90.15
4560,955
360,121
1181,406
107,984
240,504
636,292
4560,541
82,294
2400,84.3
300,80.65
720,240
420,499
1181,357
98.8,552.175
458,798
300,384
444,82
36,76.8
117.6,76.8
1200,384
155,552.175
370,900
60,78.55
192,805
48,175
1368,332
1350,1171.7
25.2,91.8
8211,1284.2
430,1151.0875
107,721
170,377
162,713
2120,525
239,377
62,377
8.4,91.8
36,106
480,305
360,106
1924.5,1318.0
360,106
432,505
38,389
97,483
70,168
703,1899
324,146
18,120.25
882,557
48,146
600,408
636,506
114,162
756,690
192,300
1248,195.6
60,146
571.4,568.85
444,429
409,1841
72,490
120,104.4
60,143
278,434.55
42,179
2400,317
599,1932.8
72,157
1772.5,1809.675
60,179
750,840
210,375
42,141
576,490
4178.2,1802.8
8.4,80.85
12,521
480,1996.175
50,104.4
117.6,75.7
648,2148.0875
72,165
240,504
31.2,75.7
300,504
24,165
352.8,75.7
252,376.9
1645.9,2355.775
400,598.05
90,199
215,165
2460,548
10.8,75.7
150,634
973,621.525
60,77.2
48,165
210,151
117.6,113.05
192,420
60,114.55
720,534
90,223
1368,332
2460,581
576,349
1200,349
4560,835
107,678
10.8,113.05
62,310
60,111.7
48,123
25.2,113.05
38,396
2400,351
1645.9,1410.4
8211,1394.775
8.4,90.45
360,120
12,445
170,360
72,120
42,133
82,360
36,90.45
97,522
300,522
98.8,291
571.4,291
48,177
1181,414
70,373
430,1172.2125
636,831
192,942.65
458,937
155,613.4
1924.5,2094.6625
150,618
60,168
370,764
444,849
2400,44.4
60,126
400,532.65
1772.5,2087.0125
120,107.5
162,731
300,384
480,2258.3875
750,959
72,497
31.2,77.4
60,126
114,115
300,85.9
2120,479
324,126
239,303
240,497
409,715
432,497
648,2113.2625
215,126
18,83.8
117.6,77.4
72,126
278,431.1
42,115
444,85
420,474
50,75.3
252,361.9
1350,1841.4875
973,625.275
1248,196
8.4,80.85
599,1634.0625
703,912
480,223
36,144
48,151
600,402
360,144
882,377
24,151
756,402
4178.2,1971.8625
352.8,50.85
120,103.15
1368,303
210,112
750,840
72,145
1181,439.275
62,398
150,651
599,2168.4625
60,103.15
162,698
70,398
239,398
400,615.3
170,398
600,484
82,398
48,123
430,2064.65
117.6,118.5
50,116.25
90,316
2460,515
480,2550.2625
97,529
60,159
60,145
117.6,118.5
25.2,118.5
31.2,118.5
12,464
114,153
8.4,118.5
60,153
420,175
636,290
240,529
155,510.525
324,88
4178.2,1947.8625
278,398.55
42,173
409,1654
360,88
432,480
42,134
703,1654
300,85.0
720,115
8.4,50.85
300,480
2120,426
2400,87.45
215,88
192,805
1645.9,2123.2125
1350,2039.3375
72,120
352.8,83.85
370,913
444,113
4560,895
360,106
107,940
38,204
18,77.2
300,308
1200,589
1772.5,2031.8375
192,390
882,377
36,47.4
756,589
648,2030.4625
48,187
480,340
444,316
1924.5,1348.45
571.4,296
48,175
24,187
973,607
36,187
10.8,87.15
2400,317
252,386
60,114.7
98.8,296
8211,1340.575
576,490
1248,196
72,490
458,789
