3647,2235.06864724
546,-165.678239155
2275,2197.35324225
7252,6362.74982211
2331,2508.45256587
4494,6022.11939922
3472,1229.65694
1435,3075.10471255
4067,5136.47461715
2422,1683.16019104
9100,10237.1276656
1575,948.415575996
2282,1414.5139875
710,-46.3856674119
2174,4117.22459955
3136,2946.55927015
2989,4292.06941385
2821,3439.99561282
19894,16373.1157429
13860,11644.6945466
847,-964.059670417
14973,6563.41902663
9135,4919.38461374
2583,5268.3645838
1603,6161.71837828
6405,5001.18394126
595,-1191.77187153
1617,512.876204652
4004,5564.16976277
3948,8328.54631057
3542,5710.0532053
2800,7159.63045572
2548,1747.64499295
4620,6537.68214551
6699,7363.69782236
5152,6548.80611852
5775,8554.01496646
1400,6432.89637615
2429,3303.99723609
3829,4567.79601739
5880,11904.496948
14434,8194.76221629
9520,14908.3253776
8050,12500.1000115
3164,6402.86532206
2926,3114.92724476
1267,2244.08834329
1155,2407.23322335
2569,1262.396493
2723,2559.7183972
5817,3890.40377373
4277,9727.79269992
14987,8917.78333558
651,-673.636491361
8232,5123.34804872
3927,2976.8618198
3983,6979.17054766
3626,4304.95477522
3437,4033.36335549
9051,6493.70642844
2149,3691.3671685
5180,7606.2300535
12824,7524.02969967
4172,4305.83703722
2520,1649.98257905
6783,4184.66522657
3913,5571.12962523
3276,2099.2757331
23940,18554.1595154
10577,7195.87452436
2352,12430.8800388
3192,3090.86304798
5635,4375.6155723
805,-196.006656355
3941,8162.05670212
4977,4612.17723108
1876,-601.414003699
7854,4055.24999567
840,504.129634097
5922,4959.97776994
11361,8493.05181189
7854,4306.28048122
1400,4897.94933345
3276,1760.52576341
2352,12532.97775
6783,4418.67172819
1155,1529.54733524
1876,-206.150684545
9051,6656.2113433
3913,5058.07303831
4977,5469.1990881
3948,7787.15371586
5180,8155.45898761
5922,5818.8155197
595,-214.881001851
10577,7969.29020228
9135,6216.44896448
2275,2374.65845571
4004,4327.52865841
3829,4610.64107343
2174,3677.39895569
14434,7592.17055541
805,2076.2723367
4172,4399.66039367
1575,1497.84657946
2723,2414.66288231
3136,2774.32362728
3164,6031.9266539
14987,8720.4670336
2429,2202.48730198
5635,4854.06188567
4067,5355.96981159
3192,2390.00879187
11361,8490.96853876
3472,872.423576596
3927,2905.05661217
5152,7574.97162993
1435,3396.53251122
12824,7183.8537964
3626,4297.02756012
2149,3659.10321763
13860,12980.2648087
5880,8485.60320336
9100,9530.38351901
8232,4841.85369175
3437,3961.7834384
3647,2492.16460594
5775,7919.0456218
2569,1508.93492603
23940,16693.9674737
8050,10445.3422901
6405,4683.5903933
2548,2267.2724223
4494,6376.6874994
847,-69.3916052012
2520,3278.87665181
1617,676.767770264
2422,1229.50889143
840,1766.43682972
9520,13075.5476715
14973,6789.92817038
6699,8178.19703601
2331,2323.18454909
2821,4408.45714475
4277,9940.44050184
7252,6687.4847814
3983,7658.59524297
710,-764.01078017
1603,6467.67808266
3542,5535.18471334
2989,4450.08378089
1267,3061.885355
19894,17599.2436657
2926,3397.7541431
2800,6892.69152241
3941,7114.29265359
546,464.571975181
4620,6887.89593975
2282,1949.540772
2583,4979.84088227
651,-911.597568696
5817,5296.40490591
4977,5699.60006318
2331,2207.54669955
3136,2380.30325249
2989,3047.35673745
3647,2877.6359024
5152,8563.88406091
9051,6733.57667602
1435,5000.70338271
5880,8131.56877275
6783,4618.39520088
2352,13949.5571106
3829,5251.55035791
2821,3897.9159229
10577,8147.8601391
2569,1475.75532129
3983,7314.86187661
3626,4775.36725672
2520,3529.02760418
14434,8077.4826049
5635,4599.32698252
3437,4443.31851318
1400,4744.84808985
2282,1567.19707006
14973,7087.09298198
4620,6670.86831291
2174,4203.54473889
3941,6435.74701864
19894,15847.3022322
3948,8219.46849409
13860,11842.3559853
2723,2336.27642882
710,160.44116281
7252,6440.32971179
6699,7792.03928977
2149,3334.31007056
3192,2527.74500341
847,-377.587943312
546,0.317954347574
3276,2576.62612465
2800,5943.76630751
1267,2334.8715137
4494,6371.00131681
2583,4733.01531759
7854,4350.78243478
840,1289.32251946
4277,10647.6231056
3913,4648.46449156
1575,1103.90830344
2429,2477.29451348
12824,7391.58718691
805,3285.72836942
14987,8355.31749433
1603,7142.48170085
5775,7869.72516646
4004,4829.12867024
23940,17516.6466485
5817,4219.68608401
1155,3110.73542776
4172,5108.87591513
2926,2096.83678977
595,-2339.90782985
9135,5339.16577294
651,-155.67947878
6405,3796.05846061
3927,3288.00156212
2422,1992.1840807
2275,2281.5594045
3164,6587.26390938
4067,6057.74854389
5180,8285.80714913
11361,8509.43696971
3542,5653.30472729
1876,258.556241196
1617,1127.28287571
9520,14077.582399
9100,9607.201155
3472,682.716518746
2548,1106.5385506
5922,5103.68091102
8232,4866.81365309
8050,10992.8328621
10577,6666.53137791
3913,5298.5885028
14973,6874.65490163
2723,2702.37526684
5152,7819.4898564
3276,1775.96728534
3164,5009.9182685
7854,3587.73666384
6405,4935.46788345
9100,9484.98254418
3983,7921.00073348
1876,-707.5514113
5922,5144.01360483
2275,2502.36984855
3192,2712.68344797
3472,326.021291451
14434,7482.40198959
5635,5339.45659973
3647,2700.16419146
12824,7076.74148117
5180,7645.96599422
2282,2336.12024505
3437,5234.70215005
2926,2953.14997973
8232,5657.36552736
840,1373.40989644
4172,4077.68714073
1435,3060.72983703
710,386.96335022
4277,10053.3302043
2149,3765.28692261
6783,3667.53776514
1603,7230.89162866
651,-1260.01028876
847,-13.8445032355
1155,2979.19972194
4977,5363.61027014
19894,19312.9769463
1617,372.388882909
5880,8997.77386397
3626,4837.05211961
3136,3647.98476745
2548,1721.53664874
2331,3930.10189074
3941,6481.28188569
9520,15042.3186068
2569,94.9169506095
4004,4982.47295434
7252,5685.09532935
9135,5091.63911392
14987,8120.04619874
11361,8641.04011492
8050,10779.3469567
3829,4862.09141625
3542,5377.28765484
546,567.278197984
2422,2391.76591687
13860,12889.2834744
4494,4936.986057
9051,5997.82045147
3927,3371.21073904
5817,4051.68531719
6699,6679.53021557
5775,8350.19763332
2429,3184.90011046
2989,3177.67847991
595,-32.8708534332
2583,4544.78532405
23940,20221.5476089
1400,5138.3575121
3948,8149.85503448
4067,6516.53195571
2174,4362.95059627
2520,2442.84813255
2352,13088.0020704
2821,4026.78881483
805,210.692668542
4620,7336.35505878
1267,2820.93811624
2800,6053.6966745
1575,714.511545842
3472,1423.46646342
3829,4469.73540214
3626,3628.59093024
2548,1259.20949278
9135,5628.98614806
23940,16748.7157848
11361,7661.16000927
5880,6496.94145344
3983,6964.19080956
4977,4988.06190122
12824,6808.27784188
2331,3445.06980089
6783,3473.68360727
1603,5899.14026433
14434,7268.93859584
2174,4342.36561637
3913,4632.48309592
7252,6367.32609777
5635,4681.39334416
3647,2132.00786019
2800,6153.61982079
2926,3088.38465448
7854,4123.61433945
2149,2905.91038716
805,931.214690183
710,-451.19192326
1435,2621.73874543
651,-707.926927502
4494,5707.80831967
847,-304.559860759
1575,817.200999371
3542,5629.09158563
9100,8504.58534459
8050,11954.2139184
2989,3075.39062004
4620,6670.9922473
14987,7518.43275088
595,-2698.97830988
3276,1621.35949265
840,2157.96905807
6405,4657.05176507
1617,1277.04847352
2569,1369.81972298
1876,501.125043312
4067,5007.57736318
8232,2889.57062175
5922,5069.7067487
4004,5320.58018263
4277,10255.9462161
2583,5032.869797
3941,8026.15258728
3948,9105.77634642
4172,3869.22279311
10577,8814.8481715
546,-352.217997052
9520,13912.0953916
19894,18997.7241895
3164,7072.26332541
14973,7842.63275142
3437,5471.91553087
3192,2711.5603139
5775,6571.4421767
2352,12017.1361649
3927,3142.41718489
2723,2780.53814273
2520,2777.08246665
3136,3260.20933528
13860,12847.3993969
6699,7426.1969796
1400,4881.06864543
5152,7106.15814302
1155,2023.88343917
2275,2613.91042805
2282,1665.90984599
2429,2245.72181453
9051,6644.03708482
2422,2190.55605804
2821,3731.03468456
5817,4520.80944815
5180,8243.55351157
1267,2737.18405764
