1518,354
1261,879
614,172
1021,1129
5170,3147
10083,4244
3272,3490
1772,3004
3376,1101
12149,7908
921,1413
1087,1068
1807,2940
3268,2940
5208,943
1273,2985
3280,1497
98,354
87,354
2274,985
1856,879
112,354
672,2177
2134,7908
1530,1275
14453,7626
257,802
452,802
784,2088
1464,3128
7037,7141
800,879
7327,7141
1806,971
326,350
441,2177
8490,7141
1856,879
257,269
112,269
3272,2940
1518,269
7327,7141
2274,275
3268,879
14453,5585
98,1363
5170,1275
1021,1129
5208,943
8490,4585
12149,7908
3280,3369
452,172
326,350
1273,3128
7037,7908
1772,2177
1261,879
1530,3147
614,887
3376,2177
87,354
921,1413
784,2034
1464,3128
1806,971
672,4238
1087,3317
800,4238
2134,7908
10083,5189
441,2264
1807,4238
3376,2177
3280,3369
1273,3128
14453,3128
1807,879
7327,10319
2134,7763
1856,2024
784,2088
921,4029
614,802
1087,1068
1806,4174
10083,5189
672,2177
7037,9738
2274,354
326,350
1518,354
5170,3147
8490,4730
98,354
12149,7908
87,808
1021,4566
1261,879
3268,879
452,808
257,1896
1530,879
441,2177
1772,2177
3272,1970
5208,3128
1464,879
112,172
800,879
7037,4174
8490,4566
12149,4174
1807,879
2134,3707
1261,879
10083,5189
800,879
441,2177
14453,7626
452,177
87,177
1518,435
2274,177
5208,3128
784,2231
257,269
98,1363
326,350
3280,2177
1772,2177
1530,1275
3268,3147
1856,2231
7327,7141
1021,1129
3272,3490
672,943
5170,3147
1806,4174
921,4029
1464,1101
112,172
1087,736
1273,4225
614,802
3376,2399
441,1970
1273,2985
1087,1068
3280,3369
1807,1970
1856,2024
7037,7908
614,802
7327,7141
3376,2177
112,172
452,802
1021,4421
5208,3128
672,2177
1806,4174
98,1363
1464,3128
921,4029
800,3147
2134,7908
10083,5189
3272,3490
8490,4585
326,350
2274,354
1518,354
14453,7626
12149,7182
1261,879
784,2088
257,985
1772,943
87,985
5170,3147
3268,879
1530,1275
