2,4.62916666667
1.2,4.62916666667
4,4.28
22,4.28
4,12.0
2,12.0
1,12.0
18,12.0
5,12.0
3,6.57777777778
4.5,6.57777777778
2.1,6.57777777778
2.1,4.75
1,4.75
22,1.55
4,1.55
1.2,6.835
2,6.835
5,6.835
4.5,1.55
18,1.55
2,1.55
3,1.55
4,1.55
2,2.55
4,2.55
1.2,6.66
1,6.66
3,4.675
2,4.675
4.5,4.675
4,1.6
18,1.6
22,2.56666666667
5,2.56666666667
2.1,2.56666666667
3,4.25
5,4.25
2.1,4.725
18,4.725
1.2,2.55
2,2.55
22,2.55
4,9.35
4.5,9.35
1,6.86666666667
2,6.86666666667
4,6.86666666667
4,9.5125
4.5,9.5125
2,4.5
3,4.5
22,4.5
2,4.5
18,4.5
2.1,6.55
1.2,6.55
4,3.75
5,3.75
1,3.75
