43.8,44.8
37,34.15
52,38.45
31.5,37.75
1586,219
20.1,17.025
39,43.65
42.3,24.825
39.5,39.525
212,189.125
8.2,18.95
59.1,31.925
29,21.55
36,65.75
36.9,12.0
31.5,69.875
9,14.175
54,40.025
58.9,35.9
89.5,39.9
22,27.525
85,45.375
55.7,40.075
13.9,27.6
34.3,24.525
18,49.65
7.5,18.55
103.5,44.125
50.1,36.725
5.6,16.775
20.6,33.325
37.1,62.625
23,23.4
27.5,30.575
157,158.7
120,46.9
48,48.05
37,24.05
6,42.1
170,68.875
32.7,50.2
7.1,16.4
340,96.5
67.3,65.125
59.5,50.9
39,81.575
58.9,34.875
37.2,38.975
5.6,27.025
59.1,31.925
48,49.525
37,34.525
52,39.025
67.3,50.925
9,19.825
7.1,27.025
39,67.375
103.5,57.5
89.5,48.5
58.9,35.55
37.1,62.625
31.5,56.1
6,38.825
50.1,30.875
34.3,22.975
39,38.75
20.6,29.3
120,43.9
7.5,19.775
42.3,42.3
22,27.525
58.9,39.525
39.5,39.525
23,30.6
157,158.7
36,58.75
59.5,43.125
55.7,45.35
8.2,24.975
37.2,36.65
37,26.8
1586,188.2
18,54.6
85,52.525
54,32.95
170,115.2
36.9,10.575
27.5,32.575
20.1,16.65
32.7,57.95
212,113.875
13.9,27.275
340,57.95
29,18.775
31.5,69.875
43.8,45.625
67.3,50.925
157,81.875
1586,191.45
55.7,45.35
23,24.075
34.3,28.1
27.5,39.4
42.3,19.725
20.1,17.025
212,174.925
18,58.9
7.5,12.8
43.8,41.325
39.5,47.375
7.1,16.4
36.9,24.9
89.5,71.275
31.5,69.875
39,141.425
58.9,34.875
120,39.05
59.1,31.925
37,34.525
58.9,36.4
48,28.825
39,34.575
59.5,55.125
5.6,16.775
37.1,51.9
54,52.475
36,65.45
85,61.85
37,25.15
32.7,59.9
8.2,12.625
22,25.15
31.5,36.25
170,68.875
340,43.75
103.5,44.125
37.2,38.975
52,48.75
9,14.35
6,35.575
20.6,33.7
29,21.55
50.1,30.875
13.9,23.725
8.2,12.625
212,189.125
6,38.85
31.5,53.775
85,46.75
52,44.55
54,41.75
32.7,46.525
37,28.875
170,80.45
120,55.625
9,12.95
37,35.9
157,94.5
34.3,28.1
20.6,24.775
39,36.3
59.5,30.75
1586,171.325
42.3,42.3
43.8,44.05
31.5,35.025
39,78.8
58.9,34.875
36.9,12.0
58.9,30.025
29,18.775
48,49.525
67.3,56.8
7.1,16.4
36,56.8
55.7,43.625
89.5,71.275
13.9,27.275
18,57.4
20.1,22.125
340,83.05
39.5,47.375
27.5,39.8
7.5,19.775
22,27.525
5.6,16.3
23,23.35
103.5,51.875
59.1,27.65
37.2,34.925
50.1,40.475
37.1,62.625
50.1,23.775
31.5,48.25
39,78.8
37,24.05
103.5,57.5
39,34.575
340,73.25
27.5,30.575
43.8,44.05
54,45.475
58.9,35.55
48,49.55
212,189.125
34.3,22.975
32.7,46.525
37.1,56.85
59.5,56.35
9,14.35
29,21.55
39.5,40.8
36.9,21.8
22,25.15
37,35.9
37.2,42.1
58.9,35.875
7.5,12.8
5.6,16.3
20.6,22.6
52,37.75
59.1,26.625
157,81.875
8.2,16.3
18,66.575
120,59.5
31.5,53.775
1586,191.45
36,65.75
13.9,30.1
6,38.85
89.5,54.525
67.3,50.925
55.7,38.55
7.1,16.4
85,45.375
42.3,36.575
170,57.45
20.1,15.025
23,30.6
