4047,3912.0
1060,3912.0
25910,3912.0
4620,3912.0
845,3912.0
1520,3912.0
963,3912.0
5931,3912.0
1651,3912.0
796,3912.0
11039,3912.0
7105,3912.0
3600,3353.75
10000,3353.75
7871,3353.75
583,3353.75
7451,3353.75
5787,3353.75
4557,3353.75
1755,3353.75
63694,3353.75
13700,3353.75
1233,3353.75
1745,3353.75
11900,9128.5
5578,9128.5
1100,9128.5
7184,9128.5
37286,9128.5
14000,9128.5
5100,9128.5
8117,9128.5
18500,9128.5
3440,9128.5
3850,9128.5
2957,9128.5
9369,9128.5
6816,4812.5
1981,4812.5
4224,4812.5
4150,4812.5
39479,4812.5
3240,4812.5
9700,4812.5
5279,4812.5
2565,4812.5
2826,4812.5
1798,4812.5
1450,4812.5
21272,3882.375
2330,3882.375
8752,3882.375
9125,3882.375
4456,3882.375
15052,3882.375
4300,3882.375
900,3882.375
8710,3882.375
7320,3882.375
11023,3882.375
6800,3882.375
10447,3882.375
796,8686.88
845,8686.88
11039,8686.88
1745,8686.88
2957,8686.88
13700,8686.88
2565,8686.88
5279,8686.88
10000,8686.88
8752,8686.88
8117,8686.88
9700,8686.88
8710,1190.875
900,1190.875
63694,1190.875
6800,1190.875
4557,1190.875
21272,1190.875
1651,1190.875
7320,1190.875
11900,1190.875
39479,1190.875
4224,1190.875
5931,1190.875
4150,8803.36734694
6816,8803.36734694
3850,8803.36734694
7184,8803.36734694
4456,8803.36734694
1520,8803.36734694
5578,8803.36734694
2330,8803.36734694
18500,8803.36734694
9125,8803.36734694
3240,8803.36734694
7105,8803.36734694
4620,8803.36734694
3600,3102.5
963,3102.5
5100,3102.5
10447,3102.5
4047,3102.5
583,3102.5
1100,3102.5
15052,3102.5
2826,3102.5
37286,3102.5
14000,3102.5
7871,3102.5
25910,25643.0
4300,25643.0
3440,25643.0
9369,25643.0
5787,25643.0
11023,25643.0
1450,25643.0
7451,25643.0
1233,25643.0
1798,25643.0
1060,25643.0
1755,25643.0
1981,25643.0
2957,4808.8125
8117,4808.8125
1755,4808.8125
4456,4808.8125
11900,4808.8125
13700,4808.8125
4047,4808.8125
7184,4808.8125
3600,4808.8125
4620,4808.8125
2565,4808.8125
900,4808.8125
6800,3406.125
1233,3406.125
583,3406.125
1745,3406.125
6816,3406.125
5578,3406.125
5279,3406.125
1520,3406.125
3440,3406.125
9369,3406.125
1981,3406.125
11023,3406.125
796,5967.0
3240,5967.0
11039,5967.0
2826,5967.0
14000,5967.0
5787,5967.0
10447,5967.0
2330,5967.0
845,5967.0
8752,5967.0
1100,5967.0
7451,5967.0
4557,5967.0
18500,4372.0
7105,4372.0
10000,4372.0
15052,4372.0
4150,4372.0
1651,4372.0
8710,4372.0
25910,4372.0
5100,4372.0
9125,4372.0
21272,4372.0
3850,4372.0
37286,5865.109375
4224,5865.109375
63694,5865.109375
9700,5865.109375
4300,5865.109375
1798,5865.109375
1450,5865.109375
963,5865.109375
39479,5865.109375
7871,5865.109375
5931,5865.109375
1060,5865.109375
7320,5865.109375
10000,2505.875
8752,2505.875
845,2505.875
1100,2505.875
1745,2505.875
7105,2505.875
11900,2505.875
5578,2505.875
39479,2505.875
9700,2505.875
963,2505.875
13700,2505.875
4224,8199.41319444
63694,8199.41319444
1520,8199.41319444
2565,8199.41319444
4300,8199.41319444
3440,8199.41319444
1450,8199.41319444
2330,8199.41319444
4150,8199.41319444
3850,8199.41319444
25910,8199.41319444
1755,8199.41319444
21272,8400.0
37286,8400.0
7184,8400.0
6816,8400.0
15052,8400.0
4557,8400.0
14000,8400.0
3240,8400.0
9369,8400.0
5100,8400.0
5787,8400.0
4456,8400.0
11023,8400.0
18500,2361.625
3600,2361.625
7871,2361.625
2826,2361.625
11039,2361.625
6800,2361.625
4047,2361.625
4620,2361.625
8710,2361.625
7320,2361.625
1651,2361.625
10447,2361.625
5279,8400.0
8117,8400.0
2957,8400.0
583,8400.0
9125,8400.0
7451,8400.0
900,8400.0
1060,8400.0
1798,8400.0
1233,8400.0
1981,8400.0
796,8400.0
5931,8400.0
1520,11830.7361111
7451,11830.7361111
3240,11830.7361111
9700,11830.7361111
15052,11830.7361111
4300,11830.7361111
9125,11830.7361111
18500,11830.7361111
7871,11830.7361111
796,11830.7361111
1450,11830.7361111
5931,11830.7361111
6800,18162.0
7105,18162.0
4224,18162.0
10000,18162.0
1745,18162.0
11023,18162.0
8117,18162.0
8752,18162.0
3850,18162.0
1981,18162.0
2330,18162.0
13700,18162.0
3600,4949.5
7184,4949.5
6816,4949.5
4150,4949.5
39479,4949.5
2565,4949.5
9369,4949.5
10447,4949.5
7320,4949.5
5787,4949.5
5100,4949.5
4047,4949.5
4557,4949.5
25910,3926.625
21272,3926.625
8710,3926.625
2826,3926.625
1798,3926.625
845,3926.625
2957,3926.625
963,3926.625
1755,3926.625
11900,3926.625
4620,3926.625
11039,3926.625
900,2560.0
63694,2560.0
1060,2560.0
1233,2560.0
583,2560.0
3440,2560.0
5578,2560.0
4456,2560.0
14000,2560.0
1100,2560.0
37286,2560.0
1651,2560.0
5279,2560.0
