61.2,38.1
3.6,6.1
28.8,7.5
10.8,8.9
8,2.9
11.1,2.9
12.9,11.8
7.5,28.8
15.8,10.8
102.4,61.2
2.9,8
12,12.9
11.8,12.9
0.5,4.9
4.9,0.5
38.1,61.2
19,21.1
8.9,10.8
6.1,4.1
18.3,19
4.1,6.1
10,6.1
21.1,19
105.2,61.2
11.8,12.9
102.4,61.2
8,2.9
4.9,8.9
8.9,10.8
12.9,11.8
11.1,8
28.8,7.5
21.1,19
10,2.9
3.6,6.1
19,21.1
105.2,61.2
15.8,8.9
12,12.9
10.8,8.9
38.1,61.2
2.9,8
4.1,6.1
18.3,21.1
0.5,4.9
6.1,4.1
61.2,38.1
7.5,28.8
4.1,6.1
11.1,8
61.2,38.1
8.9,10.8
2.9,11.1
4.9,8.9
21.1,19
0.5,4.1
8,11.1
15.8,8.9
6.1,4.1
19,21.1
11.8,12.9
105.2,61.2
7.5,11.1
28.8,12.9
10.8,8.9
10,2.9
12,12.9
3.6,6.1
102.4,61.2
18.3,21.1
12.9,11.8
38.1,61.2
15.8,10.8
19,21.1
6.1,4.1
12,12.9
2.9,7.5
12.9,11.8
8,11.1
18.3,21.1
10,7.5
4.9,0.5
61.2,38.1
8.9,10.8
21.1,19
28.8,7.5
11.1,8
7.5,2.9
105.2,61.2
10.8,8.9
11.8,12.9
4.1,6.1
3.6,6.1
38.1,61.2
0.5,4.9
102.4,61.2
28.8,7.5
21.1,19
8,2.9
38.1,61.2
102.4,105.2
10.8,8.9
15.8,8.9
10,2.9
61.2,38.1
0.5,4.1
7.5,2.9
18.3,21.1
105.2,61.2
4.9,8.9
3.6,15.8
2.9,8
12,12.9
6.1,4.1
19,21.1
11.8,18.3
4.1,6.1
12.9,28.8
11.1,8
8.9,10.8
