2410,2170.587237
3167,2919.21587483
15233,33587.6569248
3401,3330.82821473
600,687.790330062
145,285.680407074
1184,1124.94267201
11165,10702.0467493
252,1132.43864813
9234,8126.41530044
1613,1587.38952735
4224,4014.74851468
4847,4815.24365813
12556,12749.1456452
3306,3542.8967994
2459,1587.45901276
784,646.960610237
1188,904.274237839
536,-292.116856549
3193,2738.46783777
3922,3583.71114671
3069,2773.28123795
19306,19401.602091
6590,6476.37910594
840,707.603043356
148,149.15212225
134,2974.03100075
3563,3474.16628437
947,1096.77405065
3558,5179.90000004
724,967.798570719
451,887.968457972
47493,33312.1334343
245,670.66012469
3238,2588.35309738
2950,2410.71118883
669,518.013453909
1488,951.837747951
22444,18050.2718518
1597,2198.0237811
40,583.684571677
3638,1746.91083301
9234,7918.59196782
1188,1149.71963667
4847,5235.46122122
3167,2750.6061459
4224,3892.32831341
252,1290.01700748
3558,4767.56814219
1613,1780.76234498
947,917.990502115
148,256.701470569
12556,10839.7660502
47493,23997.4036137
40,225.467019142
22444,12496.3884963
3563,3414.17311221
145,289.412043996
2459,2472.04729294
134,2581.64528509
784,806.275704492
15233,32042.6809679
451,471.583854097
245,243.351248087
3401,3187.44640046
1488,1250.91893089
3238,3107.15605422
2410,2493.50698343
669,508.010276637
3193,2878.56081396
2950,2519.03736065
724,891.685415914
6590,6251.83093551
3638,2565.85563847
3922,3540.71767707
3306,3579.71774165
1597,2233.6163794
600,359.752090996
1184,726.092347587
19306,16844.7415346
536,391.514089275
840,643.719227346
11165,10767.1040891
3069,2512.96109746
840,812.57799573
2459,1921.24231324
1184,532.080460936
3922,3739.33227305
148,-35.0417655683
22444,19231.4738989
6590,6310.48748041
2950,2552.58917645
3306,3571.75273961
1597,2654.62401699
134,3139.53632587
9234,7833.09416509
3167,2925.21582981
1488,856.588741396
3069,2778.08339721
536,-158.87873914
1613,1681.46997325
947,1181.29426015
40,679.037789226
669,513.217081865
47493,39003.0211205
245,794.119806907
11165,11225.9728992
724,1086.60676828
252,1289.49497486
600,356.65312203
19306,20274.7069603
4224,3862.01804455
4847,4193.64022041
3401,3193.551885
3563,2950.78865171
451,994.418728476
784,415.95803979
3638,1786.04418916
1188,839.055954071
2410,2711.12939012
3558,5165.08685212
12556,13762.5072127
145,704.736946019
15233,32835.3373216
3193,2637.88241084
3238,2643.63881714
3238,2521.33759525
40,784.241691536
1613,1574.93982966
3069,2554.66238955
22444,18246.9126309
669,555.771429354
6590,6549.68861934
252,1416.23307802
3558,4755.17628942
2459,1995.89448535
47493,41572.1947282
11165,11688.6874418
840,651.768332163
1597,2235.90407104
3563,3322.21046966
2950,2704.33949442
600,535.249897246
145,188.555607534
1188,1035.09386038
784,581.853340338
3638,2400.22237248
19306,20957.002924
536,273.923312363
3167,2795.75134481
4224,3759.18555765
4847,4035.73627097
3193,2434.69192392
245,589.449695934
3401,2763.56736128
3306,2670.65101341
1184,83.5375221688
9234,8823.48843759
451,828.336480115
12556,13360.0208312
134,2923.21625405
2410,2682.37170619
947,1225.9595271
724,1209.78557368
148,223.101421967
1488,1414.38111657
15233,32496.8779671
3922,3964.33813853
947,1287.86068183
536,-413.098540676
1488,545.619663774
3069,2555.9243755
2459,1006.41139102
784,98.5244268971
724,1250.97329496
600,-89.9332742916
1597,2427.39006271
3306,3362.06828294
15233,33201.513953
4847,5064.60552874
451,904.591703624
40,531.330517991
669,315.751398576
1613,1467.80719167
1188,2412.43096505
11165,9250.62031644
6590,6209.95598391
12556,10059.6585235
22444,13745.2023381
47493,24702.815685
245,2868.54343146
145,2709.04624915
3638,3180.4371719
2410,2732.97341911
4224,4029.08658321
3922,3930.31583284
3238,3083.94334602
134,3542.69654576
19306,17432.3126308
3558,4835.03437907
148,418.050739543
840,715.566238216
252,1352.4263332
9234,7799.96699451
3167,2866.89321064
3563,3095.4525198
3401,3241.52102861
2950,2342.7524361
1184,550.123589289
3193,2515.01132982
