444,51
18,55
8211,2912.05
352.8,16.8
38,915
636,516
973,884
120,180
215,210
60,192
10.8,16.8
756,438
370,1113
12,915
444,516
170,127
1772.5,2912.05
90,129
8.4,18.0
599,539
278,834
882,540
1200,426
72,60
480,3051.35
36,28.2
8.4,18.0
252,240
600,336
300,324
117.6,74.4
150,177
2400,369
703,579
300,324
1645.9,6194.6
107,1245
31.2,76.8
430,539
72,342
48,210
70,150
750,556
1248,235
432,420
648,1122.45
42,51
82,150
114,51
48,210
2120,238
155,335.1
576,528
1368,582
24,210
48,75
1924.5,4991.75
60,36
192,275
324,216
4178.2,4928.45
4560,516
62,76
420,216
210,66
97,888
300,55
458,726
409,726
117.6,74.4
162,393
2400,63.0
2460,726
239,76
72,300
360,198
60,210
42,78
240,516
720,1236
25.2,22.2
36,36
50,159
1181,846
60,159
480,25
1350,25
400,393
571.4,203
98.8,203
360,48
192,116
60,78
324,216
210,69
480,694
4178.2,4928.45
42,78
12,694
150,177
70,160
60,78
36,36
300,55
48,36
370,1113
8.4,18.0
444,759
400,399
62,126
31.2,76.8
82,154
98.8,363.2
8.4,9.6
72,300
120,180
72,342
192,156
2400,156
215,36
117.6,74.4
48,36
60,36
352.8,18.0
599,539
480,1785.2
1248,235
432,420
458,1434
360,42
8211,3051.35
38,246
170,72
600,336
90,129
24,48
2400,9.6
703,579
162,171
1645.9,3051.35
756,438
60,175
60,175
1772.5,3051.35
2120,238
192,72
1200,336
117.6,74.4
155,335.1
239,76
252,79.4
1368,126
973,305
72,60
420,216
1924.5,6194.6
648,514
42,51
300,186
2460,580
882,540
444,51
25.2,22.2
278,628.2
576,528
18,90
97,978
720,1236
48,150
50,60
750,1411
409,580
571.4,126.9
114,51
10.8,16.8
430,623
60,192
300,186
1350,246
36,28.2
4560,1248
360,198
1181,720
107,1245
240,516
636,663
4560,264
82,154
2400,180.6
300,55
720,216
420,306
1181,720
98.8,411.7
458,1434
300,186
444,51
36,28.2
117.6,74.4
1200,426
155,411.7
370,1113
60,55
192,156
48,150
1368,582
1350,25
25.2,33.6
8211,2912.05
430,623
107,1415
170,137
162,171
2120,560
239,76
62,76
8.4,23.4
36,36
480,25
360,48
1924.5,2912.05
360,198
432,420
38,246
97,888
70,160
703,1605
324,216
18,90
882,156
48,36
600,336
636,275
114,51
756,438
192,116
1248,224
60,54
571.4,126.9
444,156
409,1605
72,300
120,180
60,48
278,834
42,81
2400,156
599,539
72,342
1772.5,4928.45
60,81
750,556
210,69
42,81
576,528
4178.2,4928.45
8.4,9.6
12,259
480,1785.2
50,60
117.6,76.8
648,514
72,60
240,516
31.2,30.6
300,186
24,54
352.8,16.8
252,240
1645.9,6194.6
400,399
90,129
215,210
2460,580
10.8,16.8
150,177
973,705
60,175
48,54
210,45
117.6,74.4
192,204
60,175
720,216
90,45
1368,582
2460,580
576,528
1200,426
4560,1248
107,1245
10.8,22.2
62,76
60,175
48,36
25.2,22.2
38,246
2400,156
1645.9,2975.35
8211,2975.35
8.4,18.0
360,186
12,259
170,127
72,186
42,51
82,150
36,28.2
97,888
300,186
98.8,203
571.4,203
48,150
1181,720
70,150
430,623
636,465
192,1641
458,1434
155,335.1
1924.5,6194.6
150,1641
60,42
370,1113
444,1641
2400,9.6
60,36
400,1641
1772.5,6194.6
120,180
162,1641
300,186
480,4928.45
750,556
72,300
31.2,30.6
60,54
114,51
300,55
2120,238
324,216
239,76
240,450
409,726
432,450
648,514
215,210
18,90
117.6,76.8
72,54
278,834
42,51
444,51
420,216
50,60
252,79.4
1350,25
973,884
1248,235
8.4,9.6
599,539
703,579
480,25
36,60
48,54
600,336
360,204
882,540
24,54
756,438
4178.2,4928.45
352.8,18.0
120,159
1368,582
210,69
750,556
72,60
1181,720
62,720
150,414
599,539
60,175
162,318
70,720
239,720
400,414
170,720
600,336
82,720
48,36
430,623
117.6,23.4
50,60
90,129
2460,580
480,1785.2
97,888
60,186
60,48
117.6,23.4
25.2,23.4
31.2,23.4
12,259
114,42
8.4,23.4
60,42
420,216
636,663
240,516
155,335.1
324,60
4178.2,4928.45
278,834
42,87
409,1605
360,60
432,420
42,87
703,1605
300,55
720,117
8.4,9.6
300,186
2120,238
2400,9.6
215,210
192,156
1645.9,6194.6
1350,246
72,204
352.8,117.6
370,1435
444,51
4560,1248
360,198
107,1289
38,246
18,90
300,438
1200,336
1772.5,6194.6
192,204
882,540
36,28.2
756,438
648,514
48,54
480,25
444,759
1924.5,2912.05
571.4,227
48,150
24,54
973,884
36,204
10.8,16.8
2400,156
252,240
60,55
98.8,227
8211,2912.05
576,528
1248,235
72,300
458,1434
