12,33
702,431
423,136
130,118
106,85
1063,405
387,136
605,181
6400,3117
82,353
539,310
40,181
7.3,471.725
126,61
70,22
9,296
230,434
6,19
38,317
47,13
523,699
55,667
14,209
83,61
11400,1620
45,100
958,207
43,87
6600,3994
240,87
2040,3367
98,67
176,141
36,30
1075,383
61,244
18,32
1600,3632
57,290
73,536
218,213
8,25
122,89
321,213
237,360
156,336
87,90
88,210
41,58
8,66
15,122
453,56.575
79,268
20,35
8,42
5.9,112.075
724,311
201,359
1272,220
33,81
2455,2224
243,591
50,24
201,518
79,250
130,207
87,77
8,30
38,296
83,71
1063,269
88,399
1600,4034
70,22
702,431
6600,3994
9,263
724,369
156,148
176,275
1272,237
7.3,185.975
122,69
539,369
218,291
387,415
126,80
20,33
230,434
8,24
523,136
36,33
106,85
605,332
2455,4944
243,617
240,463
958,231
55,645
57,54
15,126
41,48
45,100
6400,3268
33,81
43,114
1075,522
5.9,186.325
2040,3406
40,288
98,58
423,331
73,316
237,528
47,35
453,56.05
8,90
18,51
321,218
11400,1620
82,390
61,424
50,35
12,32
14,159
6,62
122,69
83,91
724,339
8,36
40,252
453,56.225
88,257
61,462
82,405
2455,1885
7.3,372.225
1063,391
156,138
1272,93
18,32
6400,533
130,267
240,89
57,61
321,266
230,468
702,427
243,1029
9,259
11400,1620
47,10
539,357
14,204
958,231
218,198
20,20
36,19
605,358
70,19
126,80
201,319
523,737
8,81
8,65
106,81
15,133
6600,3994
387,219
45,81
50,29
12,44
87,94
33,74
2040,3330
6,38
55,494
38,296
73,272
41,48
43,120
98,1656
176,275
5.9,211.575
1600,4034
423,321
237,414
79,172
1075,530
958,229
130,252
122,128
87,90
57,61
453,56.05
201,441
230,468
702,1674
8,36
43,126
11400,1272
605,310
70,21
321,168
106,85
218,168
8,56
12,27
38,296
1600,4034
523,713
176,275
41,52
539,385
240,573
73,581
2455,3424
243,625
47,13
6600,3424
8,24
40,288
15,133
98,67
55,496
50,24
33,81
2040,3406
423,210
20,43
9,296
88,124
45,81
14,204
5.9,223
1272,220
1063,296
83,81
7.3,223
18,36
82,399
6,29
156,296
6400,3053
237,435
126,80
1075,621
61,424
724,264
36,33
79,222
387,222
9,259
387,310
20,33
106,66
83,66
98,58
321,266
6600,3994
88,210
14,122
122,74
130,485
1063,206
18,35
61,206
702,429
958,231
7.3,211.225
73,366
605,169
55,494
40,159
724,264
36,46
8,38
8,67
45,100
1075,626
6,31
8,73
240,478
218,243
33,91
70,31
237,414
156,296
43,110
230,350
1600,946
453,56.05
11400,1215
539,350
126,60
6400,469
2040,192
41,52
523,699
1272,220
87,66
82,439
79,259
243,591
50,26
57,61
2455,2238
176,273
15,83
47,13
5.9,167.825
201,434
12,23
423,368
38,306
