395,410
374,384
3148,2001
190,477
11719,3919
1028,1323
7490,8427
237,384
2971,2980
1916,2010
1249,1660
16042,11079
8227,4607
7824,6192
3566,2505
7263,6696
212,248
1238,1123
687,639
2321,1314
1278,1256
7060,6700
440,365
1984,1840
1930,2646
729,1131
2446,2914
10200,4814
2999,1424
929,1515
5732,3127
4504,3110
817,1211
4150,1742
4164,2695
500,399
6138,3411
1121,2128
448,660
14520,6027
4158,2622
3800,2954
640,1555
1167,1660
2836,1433
54620,24607
1262,722
903,816
2540,3513
780,2611
3500,2495
5242,5198
2387,2926
950,638
3133,1858
1061,2034
4622,4453
1134,1706
3437,2836
15165,6433
5333,3979
3214,2093
352,980
2941,2478
1035,1407
9094,6116
619,1352
498,1077
883,2146
1434,2108
3655,5893
246,459
1158,1291
8702,5029
570,476
1704,1544
2108,2266
1532,1015
526,587
941,2714
1451,1391
7575,17020
26,194
3322,2121
553,482
1741,2266
358,276
3762,1739
601,807
911,471
10222,7493
2112,2954
1017,404
2385,1639
2684,3430
1126,790
700,1265
191,1063
1644,2294
3877,2289
1525,1415
3006,2490
300,399
676,1324
183,234
668,1118
705,884
32760,24861
1293,745
281,1369
2683,2097
1265,1176
2933,2589
1607,2149
176,305
784,490
2835,2452
540,1296
3612,1598
3431,2762
380,1126
3193,4003
3646,1879
5639,4920
720,597
631,1360
2552,1991
2326,2005
5196,2112
28855,20158
25217,13226
736,1489
16921,16820
1788,951
2109,1235
1661,2300
129,388
17607,8396
16788,7103
646,325
1007,1643
481,518
406,281
7505,2857
5053,2239
1171,906
7762,4387
2002,2133
566,744
2019,1498
252,332
742,579
25401,10633
943,1207
8549,3800
1514,976
281,1623
4112,2081
665,828
2988,2415
1785,1426
3630,2030
2994,4149
239,1859
286,388
871,418
22920,9416
5432,4736
247,472
4723,3339
584,1166
2597,462
893,1518
34085,16851
499,1080
440,1400
13130,7287
683,991
1101,1129
338,1764
5400,3793
8470,5056
5532,2301
114,465
408,1435
1211,1847
6068,6827
801,381
334,278
774,428
4800,3006
500,437
976,1072
3372,5400
973,590
2496,6218
2400,16079
486,666
564,1068
5533,3806
2532,3249
580,3185
3238,1289
2054,2728
220,458
1464,704
893,761
770,446
6821,5785
225,269
354,783
2038,1694
1186,1176
1039,809
1829,4461
2027,2883
410,801
2450,2791
252,259
8663,4385
2347,6720
349,599
6844,6044
2553,4234
5103,3210
2082,658
803,793
1139,1028
201,373
400,481
1786,1577
528,2958
2856,2658
2672,1118
2362,1674
605,777
3191,1811
4086,2662
246,473
2515,3623
2333,1303
450,518
2974,1405
436,520
2185,848
3503,1586
1200,2742
1817,1318
1333,1252
3711,2958
117,561
1243,1430
5841,4027
5597,3390
43303,24312
3532,3483
19699,9799
2566,1581
3995,6186
2435,1748
1073,1130
1210,4709
27000,27217
1584,3451
1853,2898
5800,5200
3434,1288
3585,3754
2395,908
13528,11987
2600,1037
1076,2392
300,572
140,405
1049,1502
26408,24547
1634,2407
145,958
2459,1341
16560,8587
1417,1280
1775,996
305,356
1248,2705
7443,5874
2520,2199
249,513
387,1345
1396,1663
7091,3746
296,1993
3348,7605
812,1184
8046,4777
8740,5964
1869,3124
976,955
80,547
6416,4879
4416,3269
2310,1337
8716,4620
10942,6915
136,359
417,423
569,939
534,1665
5727,4441
16357,8785
686,1704
752,2388
21014,20420
778,1475
392,797
3189,3070
2551,2724
563,1313
4945,6663
1896,3546
2064,2924
1754,1276
3287,1828
3853,3907
2391,1195
3219,1507
1313,1663
2521,3344
2360,1345
1244,593
4301,2094
1223,4336
3677,4331
211,2261
591,1657
1393,386
140,398
148,331
667,1641
311,313
1080,2032
503,1123
399,462
3675,3597
1724,1336
997,2191
9720,6263
597,1357
49034,30243
14938,7406
198,432
3546,1428
3201,1507
25482,23155
1238,1289
470,289
2306,1722
1823,1940
2299,2909
701,380
909,741
2604,1527
600,1660
3303,6083
1686,2007
4054,1877
562,568
477,685
937,1968
544,848
764,1330
5482,4102
601,618
3088,3484
1001,605
170,868
293,323
1694,2369
4019,3907
5864,5309
4695,3350
4947,3578
9409,6439
827,1219
560,927
2933,1617
1404,2434
454,501
763,1157
2890,3063
25054,14431
13919,10527
328,701
2244,858
2791,2757
2430,2218
1694,940
1668,1438
241,323
2445,3074
344,1271
2565,1288
3748,2561
2184,1280
3368,2616
579,628
11388,7041
29399,28021
285,1367
4630,2514
391,352
494,254
12551,7733
2508,907
4266,14404
6765,4775
1557,1775
4867,6781
7459,3372
4900,2003
11045,4921
13752,4587
776,586
3638,3110
1482,1359
1538,4345
1801,3057
1383,1494
2741,897
594,1548
2014,614
471,978
1727,882
1251,1081
341,443
6063,3316
3703,2812
5650,5570
1050,1003
2952,3447
1939,2289
2040,1122
9296,3501
2640,1841
702,578
4551,3536
1358,1579
906,359
404,340
11490,8967
4955,3253
442,884
1362,991
992,1351
204,612
5757,3790
789,600
3344,2003
5876,3421
3981,1584
33028,24693
2533,966
1586,862
5078,1450
691,899
329,429
2194,1039
8706,3987
1440,1665
2078,2561
10080,3547
2088,2845
2639,920
3132,3976
1708,1844
4815,2790
7816,6123
915,1736
762,5355
3234,1211
15039,8403
899,1958
8111,5062
667,1323
617,1137
1213,880
10398,7185
1817,3029
2542,2125
1512,981
16179,4038
89,509
1579,1540
2738,2705
36046,21740
22500,10047
483,397
3986,1989
338,531
1246,2470
349,767
498,1371
212,437
129,324
2002,1949
2835,3608
2310,893
1708,1922
2306,2044
3148,1209
80,553
691,1488
591,1277
665,981
183,287
380,1649
601,618
3762,3628
499,657
1238,634
4112,2374
2941,2075
300,495
1080,1861
683,261
417,423
1200,2134
600,708
2566,1324
1293,745
2988,3672
646,497
778,1475
580,2756
883,2740
338,531
2565,795
6138,3253
540,913
1211,1626
736,1164
2088,3367
25482,24006
4945,6627
2387,2926
5482,2310
503,981
2738,2705
1243,1430
3532,2351
700,1849
2078,2067
701,472
5078,1450
442,1444
6063,4305
3006,2383
9094,6255
1512,886
1396,1986
190,545
2385,2326
2639,1223
1440,1665
387,1624
2321,1227
8702,3774
471,1548
2600,1472
2890,2501
1417,3222
1186,972
617,674
1482,1505
281,1572
5597,4247
22500,10047
252,450
4815,2230
3238,1391
5639,4753
601,755
817,1714
2553,3732
1139,1012
1121,2231
400,462
702,839
211,2518
667,1148
2446,3574
4158,2560
4900,1814
1244,358
89,396
893,1444
486,580
16179,8093
22920,8844
1028,679
584,1096
328,651
579,611
2326,1946
1869,3850
5841,5412
1210,2689
2400,16072
1249,1146
1724,930
5400,8329
2445,1867
3748,3574
801,495
528,1588
3981,1698
903,718
4504,4042
338,1630
241,333
500,531
21014,17669
6765,3906
3612,1937
560,1237
1434,2412
311,204
5103,2646
2435,2561
11045,6616
1134,1504
329,404
16921,18148
2952,2685
2994,3446
562,756
399,412
1694,1642
296,1037
5727,4153
406,617
2856,1598
352,980
5196,2106
5732,3331
2532,3127
4054,1615
687,447
3201,2003
2064,2715
1073,1327
937,1571
5532,2030
2552,2744
2082,2243
570,309
34085,20132
4019,4264
2496,6218
4695,3784
2109,1564
1167,908
569,741
198,553
1464,670
1668,1506
7816,4494
5432,4609
1916,1780
117,998
667,1507
374,477
1050,1290
5242,4528
871,358
4723,3941
899,1120
1801,1853
2791,2963
10222,5917
7263,6499
1223,2691
43303,16989
2974,3932
1362,1190
1584,2380
3234,899
454,339
28855,22561
1823,2158
2515,3506
1001,1048
742,949
2450,1622
148,389
534,1723
7443,7133
2194,1039
803,449
5650,3201
1853,2080
2672,1562
566,744
114,787
500,399
3546,2235
27000,15085
2604,1823
3566,3247
1607,1648
812,1351
1984,1307
1007,1284
1930,1443
2933,1897
3646,2013
36046,25298
8470,3614
239,1859
676,780
1049,1721
404,410
1076,1435
201,363
13528,11987
140,1064
640,1474
3344,4746
5757,2994
3214,3008
553,655
15165,7553
789,593
4164,2149
1514,1255
136,326
997,1103
1313,1815
8227,5010
3995,3517
8716,4663
1333,1804
33028,27127
176,384
8740,5290
763,1126
3372,3845
597,801
16357,5213
3191,2021
1126,905
4955,5197
17607,7491
9409,6115
14520,5250
1451,1391
3503,1873
2244,924
2542,2175
440,474
564,882
2999,1515
10200,3738
470,358
764,877
976,1425
1213,1680
2038,1694
483,444
915,1169
1634,1101
10080,6839
976,1426
1251,1081
5053,2354
526,490
391,525
720,540
7505,4016
54620,24607
246,482
13130,4554
249,523
780,1601
2391,836
893,839
1404,2007
1896,3546
2362,1434
8549,3509
3585,3155
3431,2306
3437,3159
145,1058
140,387
4622,4453
1644,2294
1278,1929
2108,2201
594,1150
1393,1225
1786,784
1383,1418
8663,4385
25054,12338
729,1131
204,685
237,378
29399,26281
1661,1770
8706,4563
281,1623
8046,4347
1686,2219
1939,2223
11719,3919
247,335
2112,3657
752,1193
4947,2799
300,390
477,529
1061,1841
3703,2752
943,907
5533,3509
2683,1711
1101,1273
1586,779
1246,3384
1265,1137
4800,2612
774,428
2836,1839
2551,3015
1788,1149
1775,996
4867,7506
4630,2758
4150,1324
3348,6311
1158,996
2640,996
3088,3484
1017,850
2014,867
1754,1100
408,741
3877,1853
285,1149
1829,2315
9720,8037
1785,1023
2027,2221
3303,3710
2333,1244
3638,2735
354,1227
2185,1446
3193,2823
2360,405
6416,4078
8111,2323
7762,3192
7575,13397
25217,11731
906,545
2040,1149
2184,1794
1171,733
448,448
3219,1809
440,1400
4301,1901
7824,1901
3287,1031
191,3440
2508,1376
3133,689
544,519
1262,722
4266,6515
3434,2749
1358,2536
7459,3372
2597,2999
26,178
1238,2152
1704,1785
3322,1611
436,577
3986,4286
5333,2964
1525,1081
1035,1407
25401,16794
4551,3536
619,1283
973,1325
11490,7448
1741,2218
341,930
2395,1373
2347,4702
494,320
941,1208
2520,2199
26408,24547
450,518
686,1704
2540,8676
3711,1658
32760,25023
286,251
13752,7006
631,1360
246,410
3675,4015
358,390
605,652
3655,3719
392,854
5864,4910
9296,4213
4086,2634
992,1351
395,397
4416,4045
827,851
1248,2559
668,624
6821,5785
2971,3072
563,1274
293,410
776,669
1538,5460
12551,6853
334,344
16560,8631
1039,851
7091,2281
929,947
7490,6396
5876,4078
2933,1176
950,1354
410,753
3677,6608
3630,1792
481,251
220,420
19699,7695
3189,4471
16788,5700
1817,4620
3132,4032
344,1037
13919,6661
770,419
909,595
2430,1857
911,479
7060,5774
10942,6915
252,583
1817,1439
2521,6322
10398,2806
1694,1274
170,766
1579,1177
14938,12010
2684,3670
762,6608
1727,848
2741,1158
2299,2599
3368,2210
15039,5987
225,258
5800,5116
2533,1068
2019,2476
49034,30243
1532,1015
305,347
784,329
3853,4015
2459,893
11388,7041
6068,5614
2054,3046
16042,7182
705,567
6844,3808
1557,1775
3800,3235
3500,2989
3877,3226
2988,2636
380,1762
4551,3536
2002,2073
2604,2421
2533,1068
705,546
246,632
3566,2264
1896,2987
477,632
49034,30243
1383,1503
1121,1504
28855,24763
27000,27217
4416,2835
1538,4353
328,799
4955,3253
329,446
1801,3005
2741,1158
700,960
1557,2614
311,283
3348,5938
1101,1322
3201,2401
454,398
7443,7790
170,903
13919,8496
691,1427
1440,1769
2064,3171
1482,1505
2435,1748
148,419
5757,3042
503,1121
281,1873
7263,7684
1525,1289
442,1916
436,1035
640,3335
5400,4430
1223,2678
619,997
440,1554
780,2257
16560,8587
801,537
4723,3339
2553,3732
1158,1885
2835,3691
3748,4548
2078,3082
5482,3691
374,517
5597,4989
1775,1030
395,416
114,912
1246,3742
300,495
16921,20180
601,618
5876,3421
2391,809
4164,1687
12551,10738
1817,1357
701,294
145,1731
3322,2217
25401,10633
4086,2922
6416,3211
1661,1833
1634,2407
8702,3952
1293,1198
417,386
2542,1713
25054,15490
601,866
2532,1964
3986,4519
687,647
344,1037
2014,804
140,1737
1984,1763
400,462
1238,751
1238,1309
5053,1806
220,550
15039,7954
1607,3859
2971,2815
2088,2905
2445,2042
3193,3446
3655,4867
5432,3008
17607,10829
249,566
883,1904
3677,5923
594,1211
3995,3517
1167,1309
239,1859
440,474
1333,1804
778,1398
4945,6583
2974,1859
1532,1808
943,722
21014,25724
605,777
591,1277
937,2235
992,1377
212,477
7575,13397
247,438
1754,1302
1393,438
915,1424
198,589
10080,4302
2038,2274
1251,1532
3006,2078
528,2454
1171,670
448,573
1686,1908
5532,3808
929,1559
4019,3827
3189,3936
2508,1307
5196,2106
544,878
7091,4293
358,384
293,413
973,550
1579,1203
646,350
2360,1345
950,1216
9720,8051
729,1532
789,506
597,1309
481,212
1512,886
1049,1673
899,1730
1080,2644
3853,3827
8111,4264
201,579
774,422
752,2616
1916,1987
6765,3906
3500,2495
1139,699
2597,462
2299,3241
8046,4777
2184,1532
2112,3008
7490,6971
3503,1760
5864,4910
580,2837
204,551
1396,2116
354,1651
7824,2584
43303,24312
500,437
3344,2203
736,982
2108,2485
976,1602
3088,2864
2362,1322
2321,1314
2551,2422
1050,1003
562,570
1213,661
25482,24006
2640,1484
483,1104
3234,1183
117,1063
911,537
8716,4663
286,271
1035,1040
1829,3561
237,384
2600,1446
305,411
404,340
190,582
2565,795
570,378
1451,1215
10222,7859
5533,3509
4150,903
2430,1535
392,964
2890,2729
817,1719
5078,1746
3981,1369
387,1700
3630,1662
16042,9425
1741,2393
352,980
2019,1601
3703,2282
80,575
2400,10149
1788,1149
5333,2851
4301,1769
16788,8042
871,519
617,741
2446,2734
3646,2315
14938,11075
1007,1919
4266,9551
720,1089
5727,4441
5650,6036
997,1206
16179,7238
13528,11987
1708,2091
676,739
296,2838
2738,3784
2520,1894
4158,3167
2994,3655
1243,1268
2082,1032
338,1630
1265,1176
33028,35369
3800,3332
893,1518
4815,1923
600,619
391,385
2933,1617
2684,2492
1704,1314
2999,1126
4800,2820
285,1149
2385,1418
8740,5964
2040,1190
8470,5584
9296,4412
534,1665
4947,5069
3148,1161
281,1369
3219,2156
4504,3225
2109,1564
7505,2857
1823,2158
7060,6697
11045,6163
500,399
4630,2095
2941,993
1073,1130
553,613
2310,1312
16357,7660
22500,7481
191,2019
36046,14969
300,360
5800,3770
2552,1908
26408,15919
8663,4678
2515,3506
252,424
584,1236
3132,3960
3434,2560
25217,13226
1434,1599
1817,3029
827,788
2496,6218
1464,712
3638,3798
526,503
1028,1485
6063,2279
566,738
1939,2285
5841,3230
1417,1361
6138,3253
241,423
3532,1385
667,1255
2326,2546
19699,6924
2856,1815
3133,1339
5103,2646
1017,856
1785,1426
341,478
8549,3472
334,239
410,669
3287,1729
4112,1742
1694,1342
6844,2712
3612,2141
2683,1493
4867,5485
471,978
211,2142
498,1371
499,576
1694,1426
2027,2883
2521,3344
909,749
136,321
2395,1495
246,363
8227,5742
686,1704
10398,4041
784,450
399,425
406,511
1786,1280
941,705
34085,20132
10942,6613
3368,2019
1076,2392
2387,2757
4695,3838
5242,2894
225,212
3238,1328
3431,2204
29399,24019
2836,1841
26,301
812,771
486,649
4054,2728
1724,1019
976,1474
1869,3415
3303,3667
349,655
11490,7701
1404,2101
15165,7362
1244,593
9409,5184
450,471
89,468
1061,2289
3546,3691
2540,4167
2952,3447
776,391
3437,1590
183,287
1249,1194
893,461
3372,5105
3214,2152
1001,574
540,973
770,433
5732,3204
3191,1947
54620,24607
2933,2135
1586,948
762,3049
6068,4999
668,708
7762,3954
1134,1297
5639,5096
1248,1794
564,635
1358,1467
631,835
11388,7382
494,386
9094,6116
2791,1951
903,933
2054,3132
13752,4587
14520,4326
470,684
140,365
3762,1853
1262,1024
2639,1303
10200,4814
560,684
906,426
742,521
7816,7038
8706,4687
32760,29024
1039,867
2333,1710
803,573
4622,3263
7459,3372
1644,1858
667,879
6821,3221
1668,1604
563,1409
4900,3699
1126,846
1362,1190
1186,818
579,399
2347,3641
569,741
2459,1532
1930,2214
763,1451
2244,810
1584,2928
2672,1494
1727,671
2450,2294
665,710
1278,1899
683,308
1200,7417
702,397
2185,1472
252,378
2566,1992
129,324
3675,4015
176,422
1853,1731
22920,9416
3711,2987
11719,4604
1210,6055
1313,2289
408,672
1514,1255
1211,1419
13130,8067
3585,3155
2194,1360
2306,1478
338,531
764,764
10222,7859
584,678
9296,4058
1930,2565
1396,1778
293,298
3238,1532
4164,2286
770,446
4112,2610
25482,22729
5400,4125
1817,1439
1134,882
1788,837
1243,1195
13130,4157
6068,2967
579,628
526,587
204,612
3675,3973
1200,3088
2054,3046
1482,1505
6138,3253
1869,3710
973,405
909,580
1211,1487
2683,2094
3585,3947
16179,6680
13528,7020
5650,5824
380,1539
4800,3508
3133,1339
500,430
3532,2803
49034,30243
400,534
3088,3986
1741,2619
1754,1353
950,795
1050,1003
300,495
801,381
2088,2308
3981,3699
3303,4580
563,1274
5597,3390
667,1263
569,741
305,356
1017,404
3986,4176
296,1037
3655,3819
3191,1618
3711,1658
25401,8214
1532,1589
2306,1594
486,649
1126,790
591,1239
883,1510
14520,3079
3148,1073
2027,4671
893,761
2108,2619
170,766
2542,1075
2600,1421
9094,6004
3219,1893
2604,1758
1333,1487
3189,4006
252,259
10080,6977
354,1158
4695,4154
5078,1450
16560,6776
4266,13332
2430,2243
1039,809
201,327
1801,3057
404,343
481,259
7060,3126
10942,6915
2014,845
349,500
702,624
8227,4619
5757,3843
1278,1264
2400,10149
1694,900
1362,1505
7091,1311
22920,9416
564,1104
3503,2313
1817,4018
16788,9510
1853,2873
560,1304
28855,27470
34085,25228
2064,2189
2333,1219
6416,4879
334,364
7505,2854
5841,4377
776,434
22500,10047
736,1400
778,1505
33028,30513
1584,1566
1823,2181
190,675
9409,6115
3287,901
742,521
5482,3245
7816,6261
1249,1289
1434,2412
871,550
1251,1081
7263,7684
148,410
1210,2689
220,385
1035,1330
812,1460
5732,3293
1223,4454
601,676
7824,2613
8740,4320
4945,6627
762,4352
3800,3303
597,1289
3214,1957
1440,1647
2185,1830
1001,1018
27000,23100
2112,3303
8549,3231
4551,3325
1661,2347
1586,1185
311,291
498,1371
2994,3673
780,2048
5196,1754
374,490
2890,2091
2672,1647
2988,3021
7762,3445
686,1476
2532,3127
241,333
11719,7208
3638,3792
2038,2272
566,933
3434,1559
5876,3734
1775,996
2299,2288
129,236
80,575
7459,3147
16357,7904
4630,2095
329,675
1121,1549
1404,2251
26408,15919
2184,1556
246,478
3437,1590
285,1327
646,350
11388,7041
5800,5200
1607,2025
729,1607
3677,5923
1139,1028
43303,25866
8470,5925
2385,2326
899,1727
1634,1101
1724,930
3368,2210
4900,1436
2109,1235
976,1286
2553,3732
25054,13703
1451,717
534,1637
477,539
640,2411
701,356
1829,4615
1785,1069
281,1369
239,1729
1101,1353
399,462
2450,2169
976,955
1896,3092
594,1176
784,450
2565,1288
8702,2293
117,619
4815,2552
752,1963
911,579
5333,7224
2446,3574
540,973
553,655
7443,7790
1358,3220
252,659
4150,1587
2040,1286
338,2411
2933,1897
3877,3226
358,418
36046,28041
300,282
1238,908
3703,1754
1171,733
191,1063
774,422
2999,1424
2836,1715
929,1440
2362,1935
1262,722
5053,1427
8663,2956
15039,6334
600,960
1644,2294
1313,1371
1704,2713
617,1137
19699,9799
352,980
2835,3721
454,684
436,670
3344,1016
32760,29931
2521,3271
2395,1284
544,878
2552,837
943,480
763,1126
2078,2561
2435,2396
176,419
4867,6781
2194,1039
1708,1497
212,477
29399,30548
2347,3929
1512,886
3853,4305
2551,1777
3748,2561
1538,5259
2597,640
9720,7273
2741,1161
471,871
13919,10229
140,365
915,996
1694,1637
1238,931
4622,4453
16921,20119
1073,1841
17607,10829
1916,1471
803,793
1248,1811
16042,10142
4086,2056
2738,2043
1007,2443
3234,1701
225,212
1080,1935
2952,3447
1417,1280
494,468
3193,6133
391,444
395,331
2533,1242
5532,3550
211,2142
2019,1601
903,931
2459,2211
3132,3174
392,785
54620,28633
328,651
2496,6218
665,931
14938,12010
448,331
2971,2927
1213,1605
1158,1349
89,328
941,2967
4301,2173
827,920
2974,2154
764,817
1244,592
2387,1662
5727,4441
1786,1327
705,283
3322,2217
1393,616
145,976
3566,2832
817,1714
2326,2286
3612,2314
2791,1840
4504,4700
6063,4329
11490,7448
4054,4070
2684,3430
140,982
470,665
683,876
789,600
406,897
440,955
3646,2292
4723,3941
1265,1329
4955,5197
1246,2745
528,2454
2566,1560
3201,2567
1061,1939
13752,4587
687,504
417,465
249,401
26,194
1076,949
2445,1784
344,1037
4158,4086
4947,3442
442,1548
992,1290
676,865
2391,1162
114,688
1984,2094
3372,5391
893,965
286,227
720,597
3500,2420
7490,6396
605,664
499,832
2508,730
2856,1261
483,508
3006,2490
6765,4775
3546,2470
1167,1304
1727,432
1939,2285
906,863
1514,976
3762,1853
8046,7544
562,521
21014,25724
281,1623
500,475
136,204
1186,789
937,1472
691,1451
10398,4041
6844,3530
4416,3079
440,421
570,476
3431,3318
3348,3368
15165,11222
450,518
408,776
1579,1459
237,392
387,770
668,708
5103,2646
1293,745
7575,4160
1049,1741
2941,2526
10200,4814
8111,4739
2002,1857
2520,3156
580,3017
1686,1908
2310,952
6821,3903
410,753
3995,5768
1525,1081
1383,2108
5533,3388
503,831
25217,4537
5639,4334
2244,924
631,1360
1028,1454
2933,1732
2540,10194
5864,3980
5242,2194
2640,1888
601,901
2321,1227
5432,2924
183,227
2360,1345
1557,984
619,1352
2082,944
11045,5399
4019,3365
1464,624
246,416
198,339
247,450
341,479
1668,1501
700,1265
8716,4663
667,592
2515,3291
8706,4234
12551,11350
338,567
3630,2931
2639,751
997,1366
1482,950
7575,15241
477,413
4695,3838
136,293
4622,4512
2064,2189
2552,2105
285,1327
5732,3127
471,978
2002,2133
1073,1327
1126,846
2040,1160
241,333
4723,3941
1238,1002
2521,2982
1817,1466
1464,712
8716,4626
470,684
170,766
1001,605
4416,3252
329,520
943,617
25401,10213
198,457
54620,24607
498,1348
1211,1310
22500,9586
2496,4626
417,361
903,1008
3877,3050
2244,810
486,393
3566,2264
3431,2855
4086,1061
2540,7343
1265,1098
16179,11218
503,712
803,573
2639,920
220,471
2553,4282
7762,3876
5597,4247
5533,3509
117,665
640,1474
5333,7343
374,493
387,956
3503,1873
3132,3976
190,533
1393,732
1049,1502
776,522
1823,1806
4164,2695
2310,1375
191,1439
770,391
601,522
2508,907
3219,2156
9094,6373
338,651
354,1304
5482,2672
1584,1680
5532,3839
140,367
406,617
1061,1434
4955,5197
201,409
526,603
667,1701
2738,2705
1007,2254
239,1747
729,1131
442,709
1186,972
1139,1012
3148,1857
7490,6536
992,1874
12551,5744
49034,32808
973,683
1512,924
448,660
436,1035
1171,962
3748,3636
762,4309
281,2978
1134,1172
3500,2240
3703,1754
5103,3210
534,1665
1984,1739
1293,1145
36046,31599
1916,1739
1158,1369
237,384
3434,2560
3762,1853
8111,2763
13130,5538
2019,2137
691,1487
19699,8879
247,598
6765,4775
2604,2776
2445,2912
1050,1010
812,1326
1694,1274
4551,3536
338,1630
281,1369
344,1123
1668,1506
4947,3506
2994,3577
13919,12548
1249,839
5757,3790
1694,997
22920,8927
296,1037
358,418
2640,1369
148,270
686,1704
11719,4309
5727,3636
2683,2094
915,1169
204,612
553,680
1939,2289
2395,1216
27000,22346
440,1430
736,1328
1727,906
1579,899
2551,1777
2082,901
483,439
2532,3249
3677,4309
5053,1812
997,1194
2027,2221
176,397
2109,1564
499,796
1538,4345
1251,1519
10942,7927
2450,2169
3303,2606
1785,1268
43303,22983
1039,690
1661,1803
211,2526
1607,1121
395,410
2112,3657
883,2407
1396,2526
11045,6190
1080,2094
4150,1908
563,1313
7816,6123
7443,5858
246,612
569,659
1440,1325
3546,1428
617,1137
2321,1338
1853,3699
778,1398
4019,3974
5650,5570
1896,3594
3437,1762
1586,1224
391,483
2185,1101
17607,10870
2856,1248
11388,7041
2974,1941
4266,15124
454,671
619,997
3193,3931
2672,1515
481,225
2014,601
2459,1155
665,934
7263,4552
5639,4753
774,422
668,649
252,555
1246,1858
145,958
8702,3931
11490,7273
4301,1930
5876,4078
705,927
10398,4041
3368,2448
1200,2276
929,947
10222,6402
789,506
7091,3682
1514,1255
3585,3155
3675,3597
2890,1870
909,722
2108,2201
1278,1256
494,254
1775,1110
25054,16304
1213,1469
1223,2624
13752,6964
2054,2449
3189,3332
1434,1911
3006,1109
1708,1930
293,645
2430,1870
16560,7885
3214,1594
817,1540
560,1429
3234,2056
7060,6700
2326,1808
7459,3147
500,437
2988,3074
683,481
2038,2274
3800,2586
252,346
1313,1876
8227,5010
544,535
6416,3211
2565,1288
1869,3850
16042,11079
8549,3231
1244,593
700,1411
2333,1999
1358,1467
3133,1339
827,1023
5196,2679
352,1433
14520,6767
1028,951
5432,2649
15039,6334
976,1602
1076,2392
34085,29528
566,716
4630,2514
1417,1361
4867,8169
600,915
763,688
10080,6799
3986,4286
2533,966
2741,1165
2306,1992
580,2708
1525,1081
702,570
328,427
400,481
26,264
2184,1255
5800,3065
311,344
1829,3853
3532,1218
1262,722
183,244
1017,1191
4945,6627
899,1854
2542,1909
4504,2820
7505,2637
286,308
1557,1775
676,1359
3711,5507
8470,5925
5864,3031
1724,1532
5400,2847
404,340
3322,1806
941,800
1167,1215
305,508
1404,1670
1333,1209
3655,908
129,349
1210,4051
591,1050
1121,1549
4800,2820
300,560
2684,3553
893,982
450,409
2194,1039
2435,2113
1644,1799
2446,2812
8706,5821
3348,4531
950,1323
1817,3029
410,753
21014,20455
911,391
2971,2852
3981,4688
2597,462
2078,2571
6068,9312
246,351
8046,4958
9720,8037
1248,2947
28855,20201
2360,1345
9409,6439
3344,7540
3238,974
1532,1015
25217,21561
976,1781
341,365
631,884
3630,2979
300,545
114,489
2566,2571
225,251
80,561
2362,871
2941,2526
1704,1723
720,597
26408,22923
15165,11031
564,739
29399,27301
2347,3176
1383,1534
2387,3089
3287,1218
871,364
801,279
500,412
937,1806
3201,2655
906,378
1801,3074
2835,3038
6138,2390
1741,2218
2088,2325
2391,1259
1035,1141
2400,14549
2600,2280
646,224
764,877
597,1309
1686,1619
893,1520
2933,1894
784,394
6844,4992
380,1620
13528,12407
33028,35369
440,392
667,1263
1788,951
3612,1709
1362,1190
16357,8541
6063,2671
1451,878
780,2216
392,854
3995,4089
14938,11075
579,611
4158,3448
2791,3134
570,325
140,765
752,2616
2933,1809
2836,1152
2385,1399
32760,29024
3853,4203
8740,6514
5078,1826
5841,5437
3646,2288
701,291
3638,3792
1101,1353
9296,7598
349,537
2952,3447
540,1065
8663,4557
2299,2909
5242,3175
594,881
1786,2029
605,1892
25482,24006
4054,1925
399,412
408,1607
528,2454
7824,1901
584,1166
249,401
1634,2967
687,647
6821,8635
1238,692
212,472
3191,2500
3372,5105
562,792
1930,2288
4112,2529
2999,1035
1243,1919
89,216
1754,1195
16788,10331
601,1268
3088,5295
16921,16365
742,601
4900,2011
4815,2776
10200,4512
334,264
2520,1894
2515,3014
