43.8,134.1875
37,134.1875
52,134.1875
31.5,134.1875
1586,134.1875
20.1,134.1875
39,134.1875
42.3,134.1875
39.5,134.1875
212,59.08125
8.2,59.08125
59.1,59.08125
29,59.08125
36,59.08125
36.9,59.08125
31.5,59.08125
9,59.08125
54,59.08125
58.9,59.08125
89.5,41.4
22,41.4
85,41.4
55.7,41.4
13.9,41.4
34.3,41.4
18,41.4
7.5,41.4
103.5,41.4
50.1,41.4
5.6,41.4
20.6,41.4
37.1,41.4
23,41.4
27.5,41.4
157,41.4
120,41.4
48,41.4
37,41.4
6,43.525
170,43.525
32.7,43.525
7.1,43.525
340,43.525
67.3,43.525
59.5,43.525
39,43.525
58.9,43.525
37.2,43.525
5.6,61.425
59.1,61.425
48,61.425
37,61.425
52,61.425
67.3,61.425
9,61.425
7.1,61.425
39,61.425
103.5,6.35
89.5,6.35
58.9,6.35
37.1,6.35
31.5,6.35
6,6.35
50.1,6.35
34.3,6.35
39,6.35
20.6,6.35
120,6.35
7.5,6.35
42.3,6.35
22,6.35
58.9,6.35
39.5,6.35
23,6.35
157,6.35
36,6.35
59.5,34.225
55.7,34.225
8.2,34.225
37.2,34.225
37,34.225
1586,34.225
18,34.225
85,34.225
54,34.225
170,34.225
36.9,6.35
27.5,6.35
20.1,6.35
32.7,6.35
212,6.35
13.9,6.35
340,6.35
29,6.35
31.5,6.35
43.8,6.35
67.3,191.0
157,191.0
1586,191.0
55.7,191.0
23,191.0
34.3,191.0
27.5,191.0
42.3,191.0
20.1,191.0
212,51.65
18,51.65
7.5,51.65
43.8,51.65
39.5,51.65
7.1,51.65
36.9,51.65
89.5,51.65
31.5,51.65
39,51.65
58.9,62.28125
120,62.28125
59.1,62.28125
37,62.28125
58.9,62.28125
48,62.28125
39,62.28125
59.5,62.28125
5.6,62.28125
37.1,49.4
54,49.4
36,49.4
85,49.4
37,49.4
32.7,49.4
8.2,49.4
22,49.4
31.5,49.4
170,49.4
340,54.5375
103.5,54.5375
37.2,54.5375
52,54.5375
9,54.5375
6,54.5375
20.6,54.5375
29,54.5375
50.1,54.5375
13.9,54.5375
8.2,48.79375
212,48.79375
6,48.79375
31.5,48.79375
85,48.79375
52,48.79375
54,48.79375
32.7,48.79375
37,48.79375
170,22.8125
120,22.8125
9,22.8125
37,22.8125
157,22.8125
34.3,22.8125
20.6,22.8125
39,22.8125
59.5,22.8125
1586,22.8125
42.3,11.05
43.8,11.05
31.5,11.05
39,11.05
58.9,11.05
36.9,11.05
58.9,11.05
29,11.05
48,11.05
67.3,32.2375
7.1,32.2375
36,32.2375
55.7,32.2375
89.5,32.2375
13.9,32.2375
18,32.2375
20.1,32.2375
340,32.2375
39.5,32.2375
27.5,20.1625
7.5,20.1625
22,20.1625
5.6,20.1625
23,20.1625
103.5,20.1625
59.1,20.1625
37.2,20.1625
50.1,20.1625
37.1,20.1625
50.1,39.490625
31.5,39.490625
39,39.490625
37,39.490625
103.5,39.490625
39,39.490625
340,39.490625
27.5,39.490625
43.8,39.490625
54,43.55
58.9,43.55
48,43.55
212,43.55
34.3,43.55
32.7,43.55
37.1,43.55
59.5,43.55
9,43.55
29,43.55
39.5,21.5
36.9,21.5
22,21.5
37,21.5
37.2,21.5
58.9,21.5
7.5,21.5
5.6,21.5
20.6,21.5
52,67.2491666667
59.1,67.2491666667
157,67.2491666667
8.2,67.2491666667
18,67.2491666667
120,67.2491666667
31.5,67.2491666667
1586,67.2491666667
36,67.2491666667
13.9,67.2491666667
6,43.55
89.5,43.55
67.3,43.55
55.7,43.55
7.1,43.55
85,43.55
42.3,43.55
170,43.55
20.1,43.55
23,43.55
