2410,3852
3167,4901
15233,3990
3401,5089
600,4246
145,6986
1184,4943
11165,6871
252,4843
9234,2642
1613,2642
4224,5109
4847,2642
12556,2642
3306,2642
2459,2482
784,4418
1188,5183
536,5163
3193,5163
3922,4101
3069,5183
19306,5708
6590,5183
840,1727
148,1904
134,6953
3563,2579
947,3000
3558,4581
724,1451
451,5589
47493,7941
245,5380
3238,4856
2950,3643
669,1542
1488,1307
22444,4006
1597,5584
40,5023
3638,4966
9234,4051
1188,4077
4847,4077
3167,3980
4224,5109
252,6472
3558,5331
1613,4051
947,3197
148,2163
12556,3566
47493,5241
40,3613
22444,3023
3563,2579
145,3519
2459,4380
134,7160
784,4331
15233,5155
451,7570
245,6046
3401,5089
1488,4386
3238,3655
2410,4850
669,1344
3193,4639
2950,3643
724,2645
6590,4840
3638,4739
3922,3367
3306,3547
1597,8328
600,4257
1184,2874
19306,5099
536,4898
840,2092
11165,4672
3069,5116
840,4072
2459,4424
1184,5534
3922,3367
148,4769
22444,3564
6590,4840
2950,3643
3306,3962
1597,8121
134,6199
9234,4143
3167,4072
1488,4071
3069,4163
536,4143
1613,3401
947,3366
40,3856
669,1743
47493,6868
245,5238
11165,4025
724,1377
252,3827
600,4580
19306,5718
4224,2997
4847,4509
3401,4306
3563,3889
451,7083
784,4402
3638,4739
1188,3997
2410,4884
3558,3457
12556,3863
145,5999
15233,3499
3193,3639
3238,3639
3238,5023
40,4254
1613,3602
3069,4752
22444,4004
669,1743
6590,5049
252,4642
3558,6065
2459,3282
47493,6847
11165,4410
840,4437
1597,5078
3563,3364
2950,3192
600,4458
145,7745
1188,4961
784,2042
3638,2226
19306,5320
536,5133
3167,5227
4224,2660
4847,3589
3193,3589
245,7537
3401,3589
3306,3589
1184,4090
9234,3589
451,5978
12556,3643
134,5828
2410,5199
947,5343
724,7346
148,4668
1488,4183
15233,3990
3922,3657
947,3028
536,4898
1488,4329
3069,5130
2459,4787
784,4661
724,3126
600,4492
1597,6284
3306,3729
15233,4715
4847,4541
451,7493
40,7619
669,1743
1613,3371
1188,3459
11165,4060
6590,3631
12556,3863
22444,2879
47493,3790
245,2066
145,3478
3638,3645
2410,2534
4224,2436
3922,4372
3238,3655
134,6993
19306,6137
3558,6116
148,4326
840,2092
252,6433
9234,3794
3167,3696
3563,3794
3401,3794
2950,3794
1184,4398
3193,3794
