12,26
702,428
423,256
130,248
106,54
1063,1781
387,336
605,498
6400,1619
82,1637
539,1795
40,256
7.3,370.4875
126,43
70,34
9,366
230,600
6,21
38,308
47,41
523,1301
55,674
14,329
83,43
11400,1142
45,59
958,186
43,75
6600,2116
240,267
2040,2039
98,94
176,195
36,35
1075,316
61,336
18,39
1600,3008
57,178
73,343
218,318
8,30
122,243
321,318
237,419
156,220
87,72
88,256
41,49
8,59
15,231
453,148.2875
79,351
20,41
8,29
5.9,179.1625
724,415
201,388
1272,148
33,68
2455,2578
243,335
50,41
201,350
79,342
130,292
87,63
8,24
38,222
83,53
1063,358
88,321
1600,2933
70,27
702,1028
6600,2145
9,358
724,342
156,114
176,274
1272,142
7.3,120.7375
122,84
539,342
218,357
387,508
126,51
20,27
230,295
8,48
523,1084
36,31
106,55
605,255
2455,2515
243,545
240,516
958,201
55,346.6625
57,65
15,104
41,53
45,60
6400,1802
33,58
43,98
1075,398
5.9,387.4125
2040,2064
40,335
98,1590
423,277
73,245
237,425
47,62
453,90.15
8,68
18,58
321,336
11400,1142
82,296
61,444
50,58
12,58
14,304
6,58
122,90
83,58
724,381
8,32
40,254
453,90.7375
88,261
61,462
82,304
2455,1180
7.3,332.3625
1063,1876
156,105
1272,83
18,39
6400,462
130,287
240,504
57,163
321,339
230,636
702,258
243,550
9,351
11400,1142
47,39
539,1657
14,214
958,183
218,269
20,19
36,25
605,281
70,33
126,47
201,276
523,1304
8,51
8,53
106,61
15,218
6600,2137
387,398
45,61
50,51
12,51
87,64
33,61
2040,2005
6,51
55,364.6625
38,252
73,220
41,55
43,100
98,2271
176,559
5.9,386.1625
1600,2194
423,277
237,374
79,303
1075,363
958,251
130,192
122,243
87,68
57,63
453,366.65
201,347
230,641
702,1217
8,32
43,85
11400,1606
605,551
70,41
321,254
106,54
218,254
8,58
12,43
38,305
1600,3008
523,1307
176,249
41,58
539,1778
240,519
73,364
2455,1778
243,400
47,46
6600,1926
8,60
40,362
15,200
98,104
55,272.9125
50,36
33,53
2040,2038
423,297
20,27
9,331
88,302
45,50
14,322
5.9,331
1272,157
1063,1849
83,63
7.3,331
18,40
82,1661
6,32
156,191
6400,1839
237,310
126,52
1075,353
61,392
724,1764
36,37
79,303
387,328
9,460
387,405
20,27
106,45
83,53
98,104
321,448
6600,2162
88,265
14,248
122,82
130,286
1063,1715
18,39
61,353
702,469
958,159
7.3,382.1125
73,250
605,236
55,301
40,189
724,1693
36,36
8,33
8,58
45,66
1075,350
6,48
8,66
240,527
218,349
33,64
70,39
237,374
156,183
43,73
230,653
1600,1366
453,90.15
11400,1557
539,356
126,42
6400,462
2040,527
41,57
523,1301
1272,147
87,57
82,321
79,318
243,442
50,37
57,177
2455,2567
176,275
15,211
47,37
5.9,230.1625
201,405
12,41
423,385
38,260
