2,4.5
1.2,4.5
4,3.5
22,3.5
4,12.0
2,12.0
1,12.0
18,3.3
5,3.3
3,12.0
4.5,12.0
2.1,12.0
2.1,11.25
1,11.25
22,3.75
4,3.75
1.2,7.03333333333
2,7.03333333333
5,7.03333333333
4.5,1.55
18,1.55
2,1.55
3,1.55
4,1.55
2,1.55
4,1.55
1.2,12.0
1,12.0
3,12.0
2,12.0
4.5,12.0
4,2.5
18,2.5
22,1.6
5,1.6
2.1,1.6
3,4.25
5,4.25
2.1,3.5
18,3.5
1.2,2.55
2,2.55
22,2.55
4,2.55
4.5,2.55
1,3.25
2,3.25
4,3.25
4,2.55
4.5,2.55
2,4.5
3,4.5
22,3.33333333333
2,3.33333333333
18,3.33333333333
2.1,3.25
1.2,3.25
4,11.0
5,11.0
1,11.0
