43.8,18
37,27.5
52,54
31.5,54
1586,212
20.1,8.2
39,55.7
42.3,34.3
39.5,27.5
212,157
8.2,13.9
59.1,42.3
29,7.1
36,32.7
36.9,20.6
31.5,59.5
9,20.1
54,31.5
58.9,31.5
89.5,37.1
22,29
85,37.1
55.7,42.3
13.9,8.2
34.3,42.3
18,37.1
7.5,8.2
103.5,31.5
50.1,37
5.6,7.1
20.6,6
37.1,54
23,37.2
27.5,22
157,39
120,39.5
48,18
37,29
6,20.6
170,48
32.7,36
7.1,29
340,36
67.3,31.5
59.5,31.5
39,43.8
58.9,55.7
37.2,39.5
5.6,29
59.1,42.3
48,120
37,50.1
52,54
67.3,31.5
9,20.1
7.1,29
39,32.7
103.5,31.5
89.5,18
58.9,55.7
37.1,54
31.5,59.5
6,36.9
50.1,37
34.3,42.3
39,55.7
20.6,36.9
120,37.2
7.5,13.9
42.3,34.3
22,29
58.9,31.5
39.5,37.2
23,37.2
157,39
36,32.7
59.5,31.5
55.7,39
8.2,13.9
37.2,23
37,13.9
1586,212
18,89.5
85,37.1
54,31.5
170,212
36.9,20.6
27.5,22
20.1,9
32.7,36
212,157
13.9,8.2
340,67.3
29,7.1
31.5,59.5
43.8,39
67.3,31.5
157,43.8
1586,212
55.7,39
23,37.2
34.3,13.9
27.5,37
42.3,22
20.1,8.2
212,157
18,85
7.5,13.9
43.8,32.7
39.5,37.2
7.1,29
36.9,20.6
89.5,85
31.5,59.5
39,32.7
58.9,55.7
120,39.5
59.1,42.3
37,50.1
58.9,31.5
48,18
39,55.7
59.5,31.5
5.6,7.1
37.1,52
54,58.9
36,67.3
85,58.9
37,29
32.7,67.3
8.2,13.9
22,29
31.5,59.5
170,48
340,32.7
103.5,31.5
37.2,39.5
52,54
9,20.1
6,36.9
20.6,36.9
29,7.1
50.1,37
13.9,8.2
8.2,13.9
212,157
6,20.6
31.5,59.5
85,37.1
52,58.9
54,31.5
32.7,36
37,29
170,212
120,52
9,7.5
37,27.5
157,43.8
34.3,22
20.6,6
39,55.7
59.5,31.5
1586,212
42.3,34.3
43.8,32.7
31.5,59.5
39,32.7
58.9,55.7
36.9,20.6
58.9,54
29,7.1
48,120
67.3,31.5
7.1,29
36,32.7
55.7,42.3
89.5,85
13.9,8.2
18,85
20.1,9
340,32.7
39.5,37.2
27.5,37
7.5,13.9
22,29
5.6,7.1
23,13.9
103.5,31.5
59.1,42.3
37.2,39.5
50.1,37
37.1,54
50.1,37
31.5,59.5
39,32.7
37,29
103.5,31.5
39,42.3
340,32.7
27.5,22
43.8,32.7
54,31.5
58.9,55.7
48,120
212,157
34.3,42.3
32.7,36
37.1,52
59.5,31.5
9,20.1
29,7.1
39.5,34.3
36.9,6
22,29
37,50.1
37.2,23
58.9,31.5
7.5,13.9
5.6,7.1
20.6,6
52,54
59.1,27.5
157,43.8
8.2,20.1
18,89.5
120,39.5
31.5,59.5
1586,212
36,32.7
13.9,37
6,20.6
89.5,18
67.3,31.5
55.7,39
7.1,29
85,37.1
42.3,34.3
170,48
20.1,9
23,37.2
