43.8,184.5
37,184.5
52,184.5
31.5,184.5
1586,184.5
20.1,184.5
39,184.5
42.3,184.5
39.5,184.5
212,41.4
8.2,41.4
59.1,41.4
29,41.4
36,41.4
36.9,41.4
31.5,41.4
9,41.4
54,41.4
58.9,41.4
89.5,41.4
22,41.4
85,41.4
55.7,41.4
13.9,41.4
34.3,41.4
18,41.4
7.5,41.4
103.5,41.4
50.1,41.4
5.6,41.4
20.6,41.4
37.1,41.4
23,41.4
27.5,41.4
157,41.4
120,41.4
48,41.4
37,41.4
6,39.9
170,39.9
32.7,39.9
7.1,39.9
340,39.9
67.3,39.9
59.5,39.9
39,39.9
58.9,39.9
37.2,39.9
5.6,67.5
59.1,67.5
48,67.5
37,67.5
52,67.5
67.3,67.5
9,67.5
7.1,67.5
39,67.5
103.5,6.35
89.5,6.35
58.9,6.35
37.1,6.35
31.5,6.35
6,6.35
50.1,6.35
34.3,6.35
39,6.35
20.6,6.35
120,6.35
7.5,6.35
42.3,6.35
22,6.35
58.9,6.35
39.5,6.35
23,6.35
157,6.35
36,6.35
59.5,23.95
55.7,23.95
8.2,23.95
37.2,23.95
37,23.95
1586,23.95
18,23.95
85,23.95
54,23.95
170,23.95
36.9,6.35
27.5,6.35
20.1,6.35
32.7,6.35
212,6.35
13.9,6.35
340,6.35
29,6.35
31.5,6.35
43.8,6.35
67.3,191.0
157,191.0
1586,191.0
55.7,191.0
23,191.0
34.3,191.0
27.5,191.0
42.3,191.0
20.1,191.0
212,51.65
18,51.65
7.5,51.65
43.8,51.65
39.5,51.65
7.1,51.65
36.9,51.65
89.5,51.65
31.5,51.65
39,51.65
58.9,49.4
120,49.4
59.1,49.4
37,49.4
58.9,49.4
48,49.4
39,49.4
59.5,49.4
5.6,49.4
37.1,49.4
54,49.4
36,49.4
85,49.4
37,49.4
32.7,49.4
8.2,49.4
22,49.4
31.5,49.4
170,49.4
340,49.4
103.5,49.4
37.2,49.4
52,49.4
9,49.4
6,49.4
20.6,49.4
29,49.4
50.1,49.4
13.9,49.4
8.2,109.0
212,109.0
6,109.0
31.5,109.0
85,109.0
52,109.0
54,109.0
32.7,109.0
37,109.0
170,11.05
120,11.05
9,11.05
37,11.05
157,11.05
34.3,11.05
20.6,11.05
39,11.05
59.5,11.05
1586,11.05
42.3,11.05
43.8,11.05
31.5,11.05
39,11.05
58.9,11.05
36.9,11.05
58.9,11.05
29,11.05
48,11.05
67.3,7.85
7.1,7.85
36,7.85
55.7,7.85
89.5,7.85
13.9,7.85
18,7.85
20.1,7.85
340,7.85
39.5,7.85
27.5,11.05
7.5,11.05
22,11.05
5.6,11.05
23,11.05
103.5,11.05
59.1,11.05
37.2,11.05
50.1,11.05
37.1,11.05
50.1,56.45
31.5,56.45
39,56.45
37,56.45
103.5,56.45
39,56.45
340,56.45
27.5,56.45
43.8,56.45
54,43.55
58.9,43.55
48,43.55
212,43.55
34.3,43.55
32.7,43.55
37.1,43.55
59.5,43.55
9,43.55
29,43.55
39.5,38.8
36.9,38.8
22,38.8
37,38.8
37.2,38.8
58.9,38.8
7.5,38.8
5.6,38.8
20.6,38.8
52,43.55
59.1,43.55
157,43.55
8.2,43.55
18,43.55
120,43.55
31.5,43.55
1586,43.55
36,43.55
13.9,43.55
6,43.55
89.5,43.55
67.3,43.55
55.7,43.55
7.1,43.55
85,43.55
42.3,43.55
170,43.55
20.1,43.55
23,43.55
