2410,3835.5
3167,3835.5
15233,3835.5
3401,3835.5
600,3835.5
145,3835.5
1184,3835.5
11165,3835.5
252,24355.28125
9234,24355.28125
1613,24355.28125
4224,24355.28125
4847,24355.28125
12556,24355.28125
3306,24355.28125
2459,24355.28125
784,25646.96875
1188,25646.96875
536,25646.96875
3193,25646.96875
3922,25646.96875
3069,25646.96875
19306,25646.96875
6590,25646.96875
840,25646.96875
148,4227.61111111
134,4227.61111111
3563,4227.61111111
947,4227.61111111
3558,4227.61111111
724,4227.61111111
451,4227.61111111
47493,4227.61111111
245,25695.703125
3238,25695.703125
2950,25695.703125
669,25695.703125
1488,25695.703125
22444,25695.703125
1597,25695.703125
40,25695.703125
3638,25695.703125
9234,2904.4375
1188,2904.4375
4847,2904.4375
3167,2904.4375
4224,2904.4375
252,2904.4375
3558,2904.4375
1613,2904.4375
947,3565.14705882
148,3565.14705882
12556,3565.14705882
47493,3565.14705882
40,3565.14705882
22444,3565.14705882
3563,3565.14705882
145,3565.14705882
2459,5488.42424242
134,5488.42424242
784,5488.42424242
15233,5488.42424242
451,5488.42424242
245,5488.42424242
3401,5488.42424242
1488,5488.42424242
3238,5488.42424242
2410,7694.5
669,7694.5
3193,7694.5
2950,7694.5
724,7694.5
6590,7694.5
3638,7694.5
3922,7694.5
3306,25858.5
1597,25858.5
600,25858.5
1184,25858.5
19306,25858.5
536,25858.5
840,25858.5
11165,25858.5
3069,25858.5
840,29329.0
2459,29329.0
1184,29329.0
3922,29329.0
148,29329.0
22444,29329.0
6590,29329.0
2950,29329.0
3306,5471.17647059
1597,5471.17647059
134,5471.17647059
9234,5471.17647059
3167,5471.17647059
1488,5471.17647059
3069,5471.17647059
536,5471.17647059
1613,2904.8125
947,2904.8125
40,2904.8125
669,2904.8125
47493,2904.8125
245,2904.8125
11165,2904.8125
724,2904.8125
252,2904.8125
600,3741.74404762
19306,3741.74404762
4224,3741.74404762
4847,3741.74404762
3401,3741.74404762
3563,3741.74404762
451,3741.74404762
784,3741.74404762
3638,7766.14285714
1188,7766.14285714
2410,7766.14285714
3558,7766.14285714
12556,7766.14285714
145,7766.14285714
15233,7766.14285714
3193,7766.14285714
3238,7766.14285714
3238,2511.75694444
40,2511.75694444
1613,2511.75694444
3069,2511.75694444
22444,2511.75694444
669,2511.75694444
6590,2511.75694444
252,2511.75694444
3558,2160.3125
2459,2160.3125
47493,2160.3125
11165,2160.3125
840,2160.3125
1597,2160.3125
3563,2160.3125
2950,2160.3125
600,5301.90909091
145,5301.90909091
1188,5301.90909091
784,5301.90909091
3638,5301.90909091
19306,5301.90909091
536,5301.90909091
3167,5301.90909091
4224,5301.90909091
4847,1561.2
3193,1561.2
245,1561.2
3401,1561.2
3306,1561.2
1184,1561.2
9234,1561.2
451,1561.2
12556,726.5
134,726.5
2410,726.5
947,726.5
724,726.5
148,726.5
1488,726.5
15233,726.5
3922,726.5
947,18572.96875
536,18572.96875
1488,18572.96875
3069,18572.96875
2459,18572.96875
784,18572.96875
724,18572.96875
600,18572.96875
1597,5317.5
3306,5317.5
15233,5317.5
4847,5317.5
451,5317.5
40,5317.5
669,5317.5
1613,5317.5
1188,2732.55448718
11165,2732.55448718
6590,2732.55448718
12556,2732.55448718
22444,2732.55448718
47493,2732.55448718
245,2732.55448718
145,2732.55448718
3638,2732.55448718
2410,5047.38235294
4224,5047.38235294
3922,5047.38235294
3238,5047.38235294
134,5047.38235294
19306,5047.38235294
3558,5047.38235294
148,5047.38235294
840,3852.375
252,3852.375
9234,3852.375
3167,3852.375
3563,3852.375
3401,3852.375
2950,3852.375
1184,3852.375
3193,3852.375
