61.2,39.1982043633
3.6,17.020338962
28.8,4.61320702676
10.8,25.370391762
8,-2.70742104818
11.1,-5.70060716612
12.9,9.30588794834
7.5,3.5045139258
15.8,10.9969272242
102.4,67.897606611
2.9,14.0027186091
12,35.8411456986
11.8,28.9880917775
0.5,7.55411648496
4.9,11.2307792245
38.1,56.1092505442
19,32.6682523131
8.9,15.0515891292
6.1,10.0547516821
18.3,19.9519642278
4.1,9.8341266186
10,17.9535452512
21.1,25.5646424552
105.2,96.9995788433
11.8,-8.57960818708
102.4,23.958316186
8,-0.217786628036
4.9,-1.00428540799
8.9,0.952238143813
12.9,-1.59866772965
11.1,-10.4451663747
28.8,-0.0156523171271
21.1,5.12497589934
10,20.2757248702
3.6,43.1960254291
19,67.8982060481
105.2,162.366809352
15.8,42.7337064753
12,16.947501395
10.8,9.31556217585
38.1,6.5439983276
2.9,10.1438225261
4.1,3.99745022453
18.3,38.3046818799
0.5,14.7254716725
6.1,25.7786476753
61.2,72.8438311408
7.5,46.7234190187
4.1,20.9148236964
11.1,49.7692845327
61.2,84.3169122451
8.9,30.8492241543
2.9,4.89281073217
4.9,2.87692168666
21.1,4.5425224697
0.5,1.86612267286
8,1.04189087528
15.8,2.32999073778
6.1,0.812986867271
19,12.4231730524
11.8,-5.8131065598
105.2,-14.1964156102
7.5,-23.4770450285
28.8,-19.7205066031
10.8,5.42008647992
10,-23.7888301498
12,-36.869799725
3.6,24.499714778
102.4,84.8310272094
18.3,31.3617899819
12.9,36.3925681478
38.1,58.8717860376
15.8,44.839691175
19,58.9813462918
6.1,28.4565285583
12,84.581545083
2.9,3.65449711548
12.9,9.00434440285
8,4.25438471149
18.3,3.2894214037
10,11.5737455471
4.9,-2.27409862963
61.2,-29.9459605466
8.9,-2.41686122849
21.1,-11.8970267956
28.8,3.45537355298
11.1,38.334979455
7.5,35.4923277872
105.2,168.507134014
10.8,46.6224766626
11.8,57.2285942464
4.1,16.6300561802
3.6,38.3997926265
38.1,89.6641386505
0.5,16.208089993
102.4,143.645180774
28.8,9.61104774433
21.1,3.90889544182
8,0.999043218003
38.1,-1.63040425952
102.4,90.5381722494
10.8,30.479739091
15.8,29.3472329407
10,26.2126926186
61.2,74.9799829317
0.5,-0.924273271791
7.5,-4.59687925395
18.3,-3.91523021295
105.2,-5.01169489562
4.9,1.12254697249
3.6,50.0210300842
2.9,27.1319864861
12,73.5517095022
6.1,27.3528458174
19,68.5664309545
11.8,51.8996718209
4.1,18.4450207465
12.9,50.52907704
11.1,25.0037827297
8.9,41.7096049383
