395,2894.375
374,2894.375
3148,2894.375
190,2894.375
11719,2894.375
1028,2894.375
7490,2894.375
237,2894.375
2971,2894.375
1916,2894.375
1249,2894.375
16042,2894.375
8227,2894.375
7824,2894.375
3566,2894.375
7263,2894.375
212,2894.375
1238,2894.375
687,2894.375
2321,2894.375
1278,2894.375
7060,2894.375
440,2894.375
1984,2894.375
1930,2894.375
729,2894.375
2446,2894.375
10200,2894.375
2999,2894.375
929,2894.375
5732,2894.375
4504,2894.375
817,2894.375
4150,2894.375
4164,2894.375
500,2894.375
6138,2894.375
1121,2894.375
448,2894.375
14520,2894.375
4158,2894.375
3800,2894.375
640,2894.375
1167,2894.375
2836,2894.375
54620,2894.375
1262,2894.375
903,2894.375
2540,2894.375
780,2894.375
3500,2894.375
5242,2894.375
2387,2894.375
950,2894.375
3133,2894.375
1061,2894.375
4622,2894.375
1134,2894.375
3437,2894.375
15165,2894.375
5333,2894.375
3214,2894.375
352,2894.375
2941,2894.375
1035,2894.375
9094,2894.375
619,2894.375
498,2894.375
883,2894.375
1434,2894.375
3655,2894.375
246,2894.375
1158,2894.375
8702,2894.375
570,2894.375
1704,2894.375
2108,2894.375
1532,2894.375
526,2894.375
941,2894.375
1451,2894.375
7575,2894.375
26,2894.375
3322,2894.375
553,2894.375
1741,2894.375
358,2894.375
3762,2894.375
601,2894.375
911,2894.375
10222,2894.375
2112,2894.375
1017,2894.375
2385,2894.375
2684,2894.375
1126,2894.375
700,2894.375
191,2894.375
1644,2894.375
3877,1120.5
1525,1120.5
3006,1120.5
300,1120.5
676,1120.5
183,1120.5
668,1120.5
705,1120.5
32760,1120.5
1293,1120.5
281,1120.5
2683,1120.5
1265,1120.5
2933,1120.5
1607,1120.5
176,1120.5
784,1120.5
2835,1120.5
540,1120.5
3612,1120.5
3431,1120.5
380,1120.5
3193,1120.5
3646,1120.5
5639,1120.5
720,1120.5
631,1120.5
2552,1120.5
2326,1120.5
5196,1120.5
28855,1120.5
25217,1120.5
736,1120.5
16921,1120.5
1788,1120.5
2109,1120.5
1661,1120.5
129,1120.5
17607,1120.5
16788,1120.5
646,1120.5
1007,1120.5
481,1120.5
406,1120.5
7505,1120.5
5053,1120.5
1171,1120.5
7762,1120.5
2002,1120.5
566,1120.5
2019,1120.5
252,1120.5
742,1120.5
25401,1120.5
943,1120.5
8549,1120.5
1514,1120.5
281,1120.5
4112,1120.5
665,1120.5
2988,1120.5
1785,1120.5
3630,1120.5
2994,1120.5
239,1120.5
286,1120.5
871,1120.5
22920,1120.5
5432,1120.5
247,1120.5
4723,1120.5
584,1120.5
2597,1120.5
893,1120.5
34085,1120.5
499,1120.5
440,1120.5
13130,1120.5
683,1120.5
1101,1120.5
338,1120.5
5400,1120.5
8470,1120.5
5532,1120.5
114,1120.5
408,1120.5
1211,1120.5
6068,1120.5
801,1120.5
334,1120.5
774,1120.5
4800,1120.5
500,1120.5
976,1120.5
3372,1120.5
973,1120.5
2496,1120.5
2400,1120.5
486,1120.5
564,1120.5
5533,951.5
2532,951.5
580,951.5
3238,951.5
2054,951.5
220,951.5
1464,951.5
893,951.5
770,951.5
6821,951.5
225,951.5
354,951.5
2038,951.5
1186,951.5
1039,951.5
1829,951.5
2027,951.5
410,951.5
2450,951.5
252,951.5
8663,951.5
2347,951.5
349,951.5
6844,951.5
2553,951.5
5103,951.5
2082,951.5
803,951.5
1139,951.5
201,951.5
400,951.5
1786,951.5
528,951.5
2856,951.5
2672,951.5
2362,951.5
605,951.5
3191,951.5
4086,951.5
246,951.5
2515,951.5
2333,951.5
450,951.5
2974,951.5
436,951.5
2185,951.5
3503,951.5
1200,951.5
1817,951.5
1333,951.5
3711,951.5
117,951.5
1243,951.5
5841,951.5
5597,951.5
43303,951.5
3532,951.5
19699,951.5
2566,951.5
3995,951.5
2435,951.5
1073,951.5
1210,951.5
27000,951.5
1584,951.5
1853,951.5
5800,951.5
3434,951.5
3585,951.5
2395,951.5
13528,951.5
2600,951.5
1076,951.5
300,951.5
140,951.5
1049,951.5
26408,951.5
1634,951.5
145,951.5
2459,951.5
16560,951.5
1417,951.5
1775,951.5
305,951.5
1248,951.5
7443,951.5
2520,951.5
249,951.5
387,951.5
1396,951.5
7091,951.5
296,951.5
3348,951.5
812,951.5
8046,951.5
8740,951.5
1869,951.5
976,951.5
80,951.5
6416,951.5
4416,2260.0
2310,2260.0
8716,2260.0
10942,2260.0
136,2260.0
417,2260.0
569,2260.0
534,2260.0
5727,2260.0
16357,2260.0
686,2260.0
752,2260.0
21014,2260.0
778,2260.0
392,2260.0
3189,2260.0
2551,2260.0
563,2260.0
4945,2260.0
1896,2260.0
2064,2260.0
1754,2260.0
3287,2260.0
3853,2260.0
2391,2260.0
3219,2260.0
1313,2260.0
2521,2260.0
2360,2260.0
1244,2260.0
4301,2260.0
1223,2260.0
3677,2260.0
211,2260.0
591,2260.0
1393,2260.0
140,2260.0
148,2260.0
667,2260.0
311,2260.0
1080,2260.0
503,2260.0
399,2260.0
3675,2260.0
1724,2260.0
997,2260.0
9720,2260.0
597,2260.0
49034,2260.0
14938,2260.0
198,2260.0
3546,2260.0
3201,2260.0
25482,2260.0
1238,2260.0
470,2260.0
2306,2260.0
1823,2260.0
2299,2260.0
701,2260.0
909,2260.0
2604,2260.0
600,2260.0
3303,2260.0
1686,2260.0
4054,2260.0
562,2260.0
477,2260.0
937,2260.0
544,2260.0
764,2260.0
5482,2260.0
601,2260.0
3088,2260.0
1001,2260.0
170,2260.0
293,2260.0
1694,2260.0
4019,2260.0
5864,2260.0
4695,2260.0
4947,2260.0
9409,2260.0
827,2260.0
560,2260.0
2933,2260.0
1404,2260.0
454,2260.0
763,2260.0
2890,2260.0
25054,2260.0
13919,2260.0
328,2260.0
2244,2260.0
2791,2260.0
2430,2260.0
1694,2260.0
1668,2260.0
241,2260.0
2445,2260.0
344,1456.6875
2565,1456.6875
3748,1456.6875
2184,1456.6875
3368,1456.6875
579,1456.6875
11388,1456.6875
29399,1456.6875
285,1456.6875
4630,1456.6875
391,1456.6875
494,1456.6875
12551,1456.6875
2508,1456.6875
4266,1456.6875
6765,1456.6875
1557,1456.6875
4867,1456.6875
7459,1456.6875
4900,1456.6875
11045,1456.6875
13752,1456.6875
776,1456.6875
3638,1456.6875
1482,1456.6875
1538,1456.6875
1801,1456.6875
1383,1456.6875
2741,1456.6875
594,1456.6875
2014,1456.6875
471,1456.6875
1727,1456.6875
1251,1456.6875
341,1456.6875
6063,1456.6875
3703,1456.6875
5650,1456.6875
1050,1456.6875
2952,1456.6875
1939,1456.6875
2040,1456.6875
9296,1456.6875
2640,1456.6875
702,1456.6875
4551,1456.6875
1358,1456.6875
906,1456.6875
404,1456.6875
11490,1456.6875
4955,1456.6875
442,1456.6875
1362,1456.6875
992,1456.6875
204,1456.6875
5757,1456.6875
789,1456.6875
3344,1456.6875
5876,1456.6875
3981,1456.6875
33028,1456.6875
2533,1456.6875
1586,1456.6875
5078,1456.6875
691,1456.6875
329,1456.6875
2194,1456.6875
8706,1456.6875
1440,1456.6875
2078,1456.6875
10080,1456.6875
2088,1456.6875
2639,1456.6875
3132,1456.6875
1708,1456.6875
4815,1456.6875
7816,1456.6875
915,1456.6875
762,1456.6875
3234,1456.6875
15039,1456.6875
899,1456.6875
8111,1456.6875
667,1456.6875
617,1456.6875
1213,1456.6875
10398,1456.6875
1817,1456.6875
2542,1456.6875
1512,1456.6875
16179,1456.6875
89,1456.6875
1579,1456.6875
2738,1456.6875
36046,1456.6875
22500,1456.6875
483,1456.6875
3986,1456.6875
338,1456.6875
1246,1456.6875
349,12368.5
498,12368.5
212,12368.5
129,12368.5
2002,12368.5
2835,12368.5
2310,12368.5
1708,12368.5
2306,12368.5
3148,12368.5
80,12368.5
691,12368.5
591,12368.5
665,12368.5
183,12368.5
380,12368.5
601,12368.5
3762,12368.5
499,12368.5
1238,12368.5
4112,12368.5
2941,12368.5
300,12368.5
1080,12368.5
683,12368.5
417,12368.5
1200,12368.5
600,12368.5
2566,12368.5
1293,12368.5
2988,12368.5
646,12368.5
778,12368.5
580,12368.5
883,12368.5
338,12368.5
2565,12368.5
6138,12368.5
540,12368.5
1211,12368.5
736,12368.5
2088,12368.5
25482,12368.5
4945,12368.5
2387,12368.5
5482,12368.5
503,12368.5
2738,12368.5
1243,12368.5
3532,12368.5
700,12368.5
2078,12368.5
701,12368.5
5078,12368.5
442,12368.5
6063,12368.5
3006,12368.5
9094,12368.5
1512,12368.5
1396,12368.5
190,12368.5
2385,12368.5
2639,12368.5
1440,12368.5
387,12368.5
2321,12368.5
8702,12368.5
471,12368.5
2600,12368.5
2890,12368.5
1417,12368.5
1186,12368.5
617,12368.5
1482,12368.5
281,12368.5
5597,12368.5
22500,12368.5
252,12368.5
4815,12368.5
3238,12368.5
5639,12368.5
601,12368.5
817,12368.5
2553,12368.5
1139,12368.5
1121,12368.5
400,12368.5
702,12368.5
211,12368.5
667,12368.5
2446,12368.5
4158,12368.5
4900,12368.5
1244,12368.5
89,12368.5
893,12368.5
486,12368.5
16179,12368.5
22920,12368.5
1028,1811.59765625
584,1811.59765625
328,1811.59765625
579,1811.59765625
2326,1811.59765625
1869,1811.59765625
5841,1811.59765625
1210,1811.59765625
2400,1811.59765625
1249,1811.59765625
1724,1811.59765625
5400,1811.59765625
2445,1811.59765625
3748,1811.59765625
801,1811.59765625
528,1811.59765625
3981,1811.59765625
903,1811.59765625
4504,1811.59765625
338,1811.59765625
241,1811.59765625
500,1811.59765625
21014,1811.59765625
6765,1811.59765625
3612,1811.59765625
560,1811.59765625
1434,1811.59765625
311,1811.59765625
5103,1811.59765625
2435,1811.59765625
11045,1811.59765625
1134,1811.59765625
329,1811.59765625
16921,1811.59765625
2952,1811.59765625
2994,1811.59765625
562,1811.59765625
399,1811.59765625
1694,1811.59765625
296,1811.59765625
5727,1811.59765625
406,1811.59765625
2856,1811.59765625
352,1811.59765625
5196,1811.59765625
5732,1811.59765625
2532,1811.59765625
4054,1811.59765625
687,1811.59765625
3201,1811.59765625
2064,1811.59765625
1073,1811.59765625
937,1811.59765625
5532,1811.59765625
2552,1811.59765625
2082,1811.59765625
570,1811.59765625
34085,1811.59765625
4019,1811.59765625
2496,1811.59765625
4695,1811.59765625
2109,1811.59765625
1167,1811.59765625
569,1811.59765625
198,1811.59765625
1464,1811.59765625
1668,1811.59765625
7816,1811.59765625
5432,1811.59765625
1916,1811.59765625
117,1811.59765625
667,1811.59765625
374,1811.59765625
1050,1811.59765625
5242,1811.59765625
871,1811.59765625
4723,1811.59765625
899,1811.59765625
1801,1811.59765625
2791,1811.59765625
10222,1811.59765625
7263,1811.59765625
1223,1811.59765625
43303,1811.59765625
2974,1811.59765625
1362,1811.59765625
1584,1811.59765625
3234,1811.59765625
454,1811.59765625
28855,1811.59765625
1823,1811.59765625
2515,1811.59765625
1001,1811.59765625
742,1811.59765625
2450,1811.59765625
148,1811.59765625
534,1811.59765625
7443,1811.59765625
2194,1811.59765625
803,1811.59765625
5650,2473.5
1853,2473.5
2672,2473.5
566,2473.5
114,2473.5
500,2473.5
3546,2473.5
27000,2473.5
2604,2473.5
3566,2473.5
1607,2473.5
812,2473.5
1984,2473.5
1007,2473.5
1930,2473.5
2933,2473.5
3646,2473.5
36046,2473.5
8470,2473.5
239,2473.5
676,2473.5
1049,2473.5
404,2473.5
1076,2473.5
201,2473.5
13528,2473.5
140,2473.5
640,2473.5
3344,2473.5
5757,2473.5
3214,2473.5
553,2473.5
15165,2473.5
789,2473.5
4164,2473.5
1514,2473.5
136,2473.5
997,2473.5
1313,2473.5
8227,2473.5
3995,2473.5
8716,2473.5
1333,2473.5
33028,2473.5
176,2473.5
8740,2473.5
763,2473.5
3372,2473.5
597,2473.5
16357,2473.5
3191,2473.5
1126,2473.5
4955,2473.5
17607,2473.5
9409,2473.5
14520,2473.5
1451,2473.5
3503,2473.5
2244,2473.5
2542,2473.5
440,2473.5
564,2473.5
2999,2473.5
10200,2473.5
470,2473.5
764,2473.5
976,2473.5
1213,2473.5
2038,2473.5
483,2473.5
915,2473.5
1634,2473.5
10080,2473.5
976,2473.5
1251,2473.5
5053,2473.5
526,2473.5
391,2473.5
720,2473.5
7505,2473.5
54620,2473.5
246,2473.5
13130,2473.5
249,2473.5
780,2473.5
2391,2473.5
893,2473.5
1404,2473.5
1896,2473.5
2362,2473.5
8549,2473.5
3585,2473.5
3431,2473.5
3437,2473.5
145,2473.5
140,2473.5
4622,2473.5
1644,2473.5
1278,2473.5
2108,2473.5
594,3587.5
1393,3587.5
1786,3587.5
1383,3587.5
8663,3587.5
25054,3587.5
729,3587.5
204,3587.5
237,3587.5
29399,3587.5
1661,3587.5
8706,3587.5
281,3587.5
8046,3587.5
1686,3587.5
1939,3587.5
11719,3587.5
247,3587.5
2112,3587.5
752,3587.5
4947,3587.5
300,3587.5
477,3587.5
1061,3587.5
3703,3587.5
943,3587.5
5533,3587.5
2683,3587.5
1101,3587.5
1586,3587.5
1246,3587.5
1265,3587.5
4800,3587.5
774,3587.5
2836,3587.5
2551,3587.5
1788,3587.5
1775,3587.5
4867,3587.5
4630,3587.5
4150,3587.5
3348,3587.5
1158,3587.5
2640,3587.5
3088,3587.5
1017,3587.5
2014,3587.5
1754,3587.5
408,3587.5
3877,3587.5
285,3587.5
1829,3587.5
9720,3587.5
1785,3587.5
2027,3587.5
3303,3587.5
2333,3587.5
3638,3587.5
354,3587.5
2185,3587.5
3193,3587.5
2360,3587.5
6416,3587.5
8111,3587.5
7762,3587.5
7575,3587.5
25217,3587.5
906,3587.5
2040,3587.5
2184,3587.5
1171,3587.5
448,3587.5
3219,3587.5
440,3587.5
4301,3587.5
7824,3587.5
3287,3587.5
191,3587.5
2508,3587.5
3133,3587.5
544,3587.5
1262,3587.5
4266,3587.5
3434,3587.5
1358,3587.5
7459,3587.5
2597,3587.5
26,3587.5
1238,3587.5
1704,3587.5
3322,3587.5
436,3587.5
3986,3587.5
5333,3587.5
1525,3587.5
1035,3587.5
25401,3587.5
4551,3587.5
619,3587.5
973,3587.5
11490,470.3125
1741,470.3125
341,470.3125
2395,470.3125
2347,470.3125
494,470.3125
941,470.3125
2520,470.3125
26408,470.3125
450,470.3125
686,470.3125
2540,470.3125
3711,470.3125
32760,470.3125
286,470.3125
13752,470.3125
631,470.3125
246,470.3125
3675,470.3125
358,470.3125
605,470.3125
3655,470.3125
392,470.3125
5864,470.3125
9296,470.3125
4086,470.3125
992,470.3125
395,470.3125
4416,470.3125
827,470.3125
1248,470.3125
668,470.3125
6821,470.3125
2971,470.3125
563,470.3125
293,470.3125
776,470.3125
1538,470.3125
12551,470.3125
334,470.3125
16560,470.3125
1039,470.3125
7091,470.3125
929,470.3125
7490,470.3125
5876,470.3125
2933,470.3125
950,470.3125
410,470.3125
3677,470.3125
3630,470.3125
481,470.3125
220,470.3125
19699,470.3125
3189,470.3125
16788,470.3125
1817,470.3125
3132,470.3125
344,470.3125
13919,470.3125
770,470.3125
909,470.3125
2430,470.3125
911,470.3125
7060,470.3125
10942,470.3125
252,470.3125
1817,470.3125
2521,470.3125
10398,470.3125
1694,470.3125
170,470.3125
1579,470.3125
14938,470.3125
2684,470.3125
762,470.3125
1727,470.3125
2741,470.3125
2299,470.3125
3368,470.3125
15039,470.3125
225,470.3125
5800,470.3125
2533,470.3125
2019,470.3125
49034,470.3125
1532,470.3125
305,470.3125
784,470.3125
3853,470.3125
2459,470.3125
11388,470.3125
6068,470.3125
2054,470.3125
16042,470.3125
705,470.3125
6844,470.3125
1557,470.3125
3800,470.3125
3500,470.3125
3877,7189.5
2988,7189.5
380,7189.5
4551,7189.5
2002,7189.5
2604,7189.5
2533,7189.5
705,7189.5
246,7189.5
3566,7189.5
1896,7189.5
477,7189.5
49034,7189.5
1383,7189.5
1121,7189.5
28855,7189.5
27000,7189.5
4416,7189.5
1538,7189.5
328,7189.5
4955,7189.5
329,7189.5
1801,7189.5
2741,7189.5
700,7189.5
1557,7189.5
311,7189.5
3348,7189.5
1101,7189.5
3201,7189.5
454,7189.5
7443,7189.5
170,7189.5
13919,7189.5
691,7189.5
1440,7189.5
2064,7189.5
1482,7189.5
2435,7189.5
148,7189.5
5757,7189.5
503,7189.5
281,7189.5
7263,7189.5
1525,7189.5
442,7189.5
436,7189.5
640,7189.5
5400,7189.5
1223,7189.5
619,7189.5
440,7189.5
780,7189.5
16560,7189.5
801,7189.5
4723,7189.5
2553,7189.5
1158,7189.5
2835,7189.5
3748,7189.5
2078,7189.5
5482,7189.5
374,7189.5
5597,7189.5
1775,7189.5
395,7189.5
114,7189.5
1246,7189.5
300,7189.5
16921,7189.5
601,7189.5
5876,7189.5
2391,7189.5
4164,7189.5
12551,7189.5
1817,7189.5
701,7189.5
145,7189.5
3322,7189.5
25401,7189.5
4086,7189.5
6416,7189.5
1661,7189.5
1634,7189.5
8702,7189.5
1293,7189.5
417,7189.5
2542,7189.5
25054,7189.5
601,7189.5
2532,7189.5
3986,7189.5
687,7189.5
344,7189.5
2014,7189.5
140,7189.5
1984,7189.5
400,7189.5
1238,7189.5
1238,5228.375
5053,5228.375
220,5228.375
15039,5228.375
1607,5228.375
2971,5228.375
2088,5228.375
2445,5228.375
3193,5228.375
3655,5228.375
5432,5228.375
17607,5228.375
249,5228.375
883,5228.375
3677,5228.375
594,5228.375
3995,5228.375
1167,5228.375
239,5228.375
440,5228.375
1333,5228.375
778,5228.375
4945,5228.375
2974,5228.375
1532,5228.375
943,5228.375
21014,5228.375
605,5228.375
591,5228.375
937,5228.375
992,5228.375
212,5228.375
7575,5228.375
247,5228.375
1754,5228.375
1393,5228.375
915,5228.375
198,5228.375
10080,5228.375
2038,5228.375
1251,5228.375
3006,5228.375
528,5228.375
1171,5228.375
448,5228.375
1686,5228.375
5532,5228.375
929,5228.375
4019,5228.375
3189,5228.375
2508,5228.375
5196,5228.375
544,5228.375
7091,5228.375
358,5228.375
293,5228.375
973,5228.375
1579,5228.375
646,5228.375
2360,5228.375
950,5228.375
9720,5228.375
729,5228.375
789,5228.375
597,5228.375
481,5228.375
1512,5228.375
1049,5228.375
899,5228.375
1080,5228.375
3853,5228.375
8111,5228.375
201,5228.375
774,5228.375
752,5228.375
1916,5228.375
6765,5228.375
3500,5228.375
1139,5228.375
2597,5228.375
2299,5228.375
8046,5228.375
2184,5228.375
2112,5228.375
7490,5228.375
3503,5228.375
5864,5228.375
580,5228.375
204,5228.375
1396,5228.375
354,5228.375
7824,5228.375
43303,5228.375
500,5228.375
3344,5228.375
736,5228.375
2108,5228.375
976,5228.375
3088,5228.375
2362,5228.375
2321,2331.125
2551,2331.125
1050,2331.125
562,2331.125
1213,2331.125
25482,2331.125
2640,2331.125
483,2331.125
3234,2331.125
117,2331.125
911,2331.125
8716,2331.125
286,2331.125
1035,2331.125
1829,2331.125
237,2331.125
2600,2331.125
305,2331.125
404,2331.125
190,2331.125
2565,2331.125
570,2331.125
1451,2331.125
10222,2331.125
5533,2331.125
4150,2331.125
2430,2331.125
392,2331.125
2890,2331.125
817,2331.125
5078,2331.125
3981,2331.125
387,2331.125
3630,2331.125
16042,2331.125
1741,2331.125
352,2331.125
2019,2331.125
3703,2331.125
80,2331.125
2400,2331.125
1788,2331.125
5333,2331.125
4301,2331.125
16788,2331.125
871,2331.125
617,2331.125
2446,2331.125
3646,2331.125
14938,2331.125
1007,2331.125
4266,2331.125
720,2331.125
5727,2331.125
5650,2331.125
997,2331.125
16179,2331.125
13528,2331.125
1708,2331.125
676,2331.125
296,2331.125
2738,2331.125
2520,2331.125
4158,2331.125
2994,2331.125
1243,2331.125
2082,2331.125
338,2331.125
1265,2331.125
33028,2331.125
3800,2331.125
893,2331.125
4815,2331.125
600,2331.125
391,2331.125
2933,2331.125
2684,2331.125
1704,2331.125
2999,2331.125
4800,2331.125
285,2331.125
2385,2331.125
8740,2331.125
2040,2331.125
8470,2331.125
9296,2331.125
534,2331.125
4947,2331.125
3148,2331.125
281,2331.125
3219,2331.125
4504,2331.125
2109,2331.125
7505,2331.125
1823,2331.125
7060,2331.125
11045,2331.125
500,2331.125
4630,2331.125
2941,2331.125
1073,1028.0
553,1028.0
2310,1028.0
16357,1028.0
22500,1028.0
191,1028.0
36046,1028.0
300,1028.0
5800,1028.0
2552,1028.0
26408,1028.0
8663,1028.0
2515,1028.0
252,1028.0
584,1028.0
3132,1028.0
3434,1028.0
25217,1028.0
1434,1028.0
1817,1028.0
827,1028.0
2496,1028.0
1464,1028.0
3638,1028.0
526,1028.0
1028,1028.0
6063,1028.0
566,1028.0
1939,1028.0
5841,1028.0
1417,1028.0
6138,1028.0
241,1028.0
3532,1028.0
667,1028.0
2326,1028.0
19699,1028.0
2856,1028.0
3133,1028.0
5103,1028.0
1017,1028.0
1785,1028.0
341,1028.0
8549,1028.0
334,1028.0
410,1028.0
3287,1028.0
4112,1028.0
1694,1028.0
6844,1028.0
3612,1028.0
2683,1028.0
4867,1028.0
471,1028.0
211,1028.0
498,1028.0
499,1028.0
1694,1028.0
2027,1028.0
2521,1028.0
909,1028.0
136,1028.0
2395,1028.0
246,1028.0
8227,1028.0
686,1028.0
10398,1028.0
784,1028.0
399,1028.0
406,1028.0
1786,1028.0
941,1028.0
34085,1028.0
10942,1028.0
3368,1028.0
1076,1028.0
2387,1028.0
4695,1028.0
5242,1028.0
225,1028.0
3238,1028.0
3431,1028.0
29399,1028.0
2836,1028.0
26,1028.0
812,1028.0
486,1028.0
4054,1028.0
1724,1028.0
976,1028.0
1869,1028.0
3303,1028.0
349,1028.0
11490,1028.0
1404,1028.0
15165,1028.0
1244,1028.0
9409,1028.0
450,1028.0
89,1028.0
1061,142.5
3546,142.5
2540,142.5
2952,142.5
776,142.5
3437,142.5
183,142.5
1249,142.5
893,142.5
3372,142.5
3214,142.5
1001,142.5
540,142.5
770,142.5
5732,142.5
3191,142.5
54620,142.5
2933,142.5
1586,142.5
762,142.5
6068,142.5
668,142.5
7762,142.5
1134,142.5
5639,142.5
1248,142.5
564,142.5
1358,142.5
631,142.5
11388,142.5
494,142.5
9094,142.5
2791,142.5
903,142.5
2054,142.5
13752,142.5
14520,142.5
470,142.5
140,142.5
3762,142.5
1262,142.5
2639,142.5
10200,142.5
560,142.5
906,142.5
742,142.5
7816,142.5
8706,142.5
32760,142.5
1039,142.5
2333,142.5
803,142.5
4622,142.5
7459,142.5
1644,142.5
667,142.5
6821,142.5
1668,142.5
563,142.5
4900,142.5
1126,142.5
1362,142.5
1186,142.5
579,142.5
2347,142.5
569,142.5
2459,142.5
1930,142.5
763,142.5
2244,142.5
1584,142.5
2672,142.5
1727,142.5
2450,142.5
665,142.5
1278,142.5
683,142.5
1200,142.5
702,142.5
2185,142.5
252,142.5
2566,142.5
129,142.5
3675,142.5
176,142.5
1853,142.5
22920,142.5
3711,142.5
11719,142.5
1210,142.5
1313,142.5
408,142.5
1514,142.5
1211,142.5
13130,142.5
3585,142.5
2194,142.5
2306,142.5
338,142.5
764,142.5
10222,1218.4375
584,1218.4375
9296,1218.4375
1930,1218.4375
1396,1218.4375
293,1218.4375
3238,1218.4375
4164,1218.4375
770,1218.4375
4112,1218.4375
25482,1218.4375
5400,1218.4375
1817,1218.4375
1134,1218.4375
1788,1218.4375
1243,1218.4375
13130,1218.4375
6068,1218.4375
579,1218.4375
526,1218.4375
204,1218.4375
3675,1218.4375
1200,1218.4375
2054,1218.4375
1482,1218.4375
6138,1218.4375
1869,1218.4375
973,1218.4375
909,1218.4375
1211,1218.4375
2683,1218.4375
3585,1218.4375
16179,1218.4375
13528,1218.4375
5650,1218.4375
380,1218.4375
4800,1218.4375
3133,1218.4375
500,1218.4375
3532,1218.4375
49034,1218.4375
400,1218.4375
3088,1218.4375
1741,1218.4375
1754,1218.4375
950,1218.4375
1050,1218.4375
300,1218.4375
801,1218.4375
2088,1218.4375
3981,1218.4375
3303,1218.4375
563,1218.4375
5597,1218.4375
667,1218.4375
569,1218.4375
305,1218.4375
1017,1218.4375
3986,1218.4375
296,1218.4375
3655,1218.4375
3191,1218.4375
3711,1218.4375
25401,1218.4375
1532,1218.4375
2306,1218.4375
486,1218.4375
1126,1218.4375
591,1218.4375
883,1218.4375
14520,1218.4375
3148,1218.4375
2027,1218.4375
893,1218.4375
2108,1218.4375
170,1218.4375
2542,1218.4375
2600,1218.4375
9094,1218.4375
3219,1218.4375
2604,1218.4375
1333,1218.4375
3189,1218.4375
252,1218.4375
10080,1218.4375
354,1218.4375
4695,1218.4375
5078,1218.4375
16560,1218.4375
4266,1218.4375
2430,1218.4375
1039,1218.4375
201,1218.4375
1801,1218.4375
404,1218.4375
481,1218.4375
7060,1218.4375
10942,1218.4375
2014,1218.4375
349,11211.375
702,11211.375
8227,11211.375
5757,11211.375
1278,11211.375
2400,11211.375
1694,11211.375
1362,11211.375
7091,11211.375
22920,11211.375
564,11211.375
3503,11211.375
1817,11211.375
16788,11211.375
1853,11211.375
560,11211.375
28855,11211.375
34085,11211.375
2064,11211.375
2333,11211.375
6416,11211.375
334,11211.375
7505,11211.375
5841,11211.375
776,11211.375
22500,11211.375
736,11211.375
778,11211.375
33028,11211.375
1584,11211.375
1823,11211.375
190,11211.375
9409,11211.375
3287,11211.375
742,11211.375
5482,11211.375
7816,11211.375
1249,11211.375
1434,11211.375
871,11211.375
1251,11211.375
7263,11211.375
148,11211.375
1210,11211.375
220,11211.375
1035,11211.375
812,11211.375
5732,11211.375
1223,11211.375
601,11211.375
7824,11211.375
8740,11211.375
4945,11211.375
762,11211.375
3800,11211.375
597,11211.375
3214,11211.375
1440,11211.375
2185,11211.375
1001,11211.375
27000,11211.375
2112,11211.375
8549,11211.375
4551,11211.375
1661,11211.375
1586,11211.375
311,11211.375
498,11211.375
2994,11211.375
780,11211.375
5196,11211.375
374,11211.375
2890,11211.375
2672,11211.375
2988,11211.375
7762,11211.375
686,11211.375
2532,11211.375
241,11211.375
11719,11211.375
3638,11211.375
2038,11211.375
566,11211.375
3434,11211.375
5876,11211.375
1775,11211.375
2299,11211.375
129,11211.375
80,11211.375
7459,11211.375
16357,11211.375
4630,11211.375
329,11211.375
1121,11211.375
1404,11211.375
26408,11211.375
2184,11211.375
246,11211.375
3437,11211.375
285,11211.375
646,425.0
11388,425.0
5800,425.0
1607,425.0
729,425.0
3677,425.0
1139,425.0
43303,425.0
8470,425.0
2385,425.0
899,425.0
1634,425.0
1724,425.0
3368,425.0
4900,425.0
2109,425.0
976,425.0
2553,425.0
25054,425.0
1451,425.0
534,425.0
477,425.0
640,425.0
701,425.0
1829,425.0
1785,425.0
281,425.0
239,425.0
1101,425.0
399,425.0
2450,425.0
976,425.0
1896,425.0
594,425.0
784,425.0
2565,425.0
8702,425.0
117,425.0
4815,425.0
752,425.0
911,425.0
5333,425.0
2446,425.0
540,425.0
553,425.0
7443,425.0
1358,425.0
252,425.0
4150,425.0
2040,425.0
338,425.0
2933,425.0
3877,425.0
358,425.0
36046,425.0
300,425.0
1238,425.0
3703,425.0
1171,425.0
191,425.0
774,425.0
2999,425.0
2836,425.0
929,425.0
2362,425.0
1262,425.0
5053,425.0
8663,425.0
15039,425.0
600,425.0
1644,425.0
1313,425.0
1704,425.0
617,425.0
19699,425.0
352,425.0
2835,425.0
454,425.0
436,425.0
3344,425.0
32760,425.0
2521,425.0
2395,425.0
544,425.0
2552,425.0
943,425.0
763,425.0
2078,425.0
2435,425.0
176,425.0
4867,425.0
2194,425.0
1708,425.0
212,425.0
29399,425.0
2347,425.0
1512,425.0
3853,425.0
2551,425.0
3748,425.0
1538,576.0
2597,576.0
9720,576.0
2741,576.0
471,576.0
13919,576.0
140,576.0
915,576.0
1694,576.0
1238,576.0
4622,576.0
16921,576.0
1073,576.0
17607,576.0
1916,576.0
803,576.0
1248,576.0
16042,576.0
4086,576.0
2738,576.0
1007,576.0
3234,576.0
225,576.0
1080,576.0
2952,576.0
1417,576.0
494,576.0
3193,576.0
391,576.0
395,576.0
2533,576.0
5532,576.0
211,576.0
2019,576.0
903,576.0
2459,576.0
3132,576.0
392,576.0
54620,576.0
328,576.0
2496,576.0
665,576.0
14938,576.0
448,576.0
2971,576.0
1213,576.0
1158,576.0
89,576.0
941,576.0
4301,576.0
827,576.0
2974,576.0
764,576.0
1244,576.0
2387,576.0
5727,576.0
1786,576.0
705,576.0
3322,576.0
1393,576.0
145,576.0
3566,576.0
817,576.0
2326,576.0
3612,576.0
2791,576.0
4504,576.0
6063,576.0
11490,576.0
4054,576.0
2684,576.0
140,576.0
470,576.0
683,576.0
789,576.0
406,576.0
440,576.0
3646,576.0
4723,576.0
1265,576.0
4955,576.0
1246,576.0
528,576.0
2566,576.0
3201,576.0
1061,576.0
13752,576.0
687,576.0
417,576.0
249,576.0
26,576.0
1076,576.0
2445,576.0
344,576.0
4158,576.0
4947,576.0
442,576.0
992,576.0
676,576.0
2391,576.0
114,1042.25
1984,1042.25
3372,1042.25
893,1042.25
286,1042.25
720,1042.25
3500,1042.25
7490,1042.25
605,1042.25
499,1042.25
2508,1042.25
2856,1042.25
483,1042.25
3006,1042.25
6765,1042.25
3546,1042.25
1167,1042.25
1727,1042.25
1939,1042.25
906,1042.25
1514,1042.25
3762,1042.25
8046,1042.25
562,1042.25
21014,1042.25
281,1042.25
500,1042.25
136,1042.25
1186,1042.25
937,1042.25
691,1042.25
10398,1042.25
6844,1042.25
4416,1042.25
440,1042.25
570,1042.25
3431,1042.25
3348,1042.25
15165,1042.25
450,1042.25
408,1042.25
1579,1042.25
237,1042.25
387,1042.25
668,1042.25
5103,1042.25
1293,1042.25
7575,1042.25
1049,1042.25
2941,1042.25
10200,1042.25
8111,1042.25
2002,1042.25
2520,1042.25
580,1042.25
1686,1042.25
2310,1042.25
6821,1042.25
410,1042.25
3995,1042.25
1525,1042.25
1383,1042.25
5533,1042.25
503,1042.25
25217,1042.25
5639,1042.25
2244,1042.25
631,1042.25
1028,1042.25
2933,1042.25
2540,1042.25
5864,1042.25
5242,1042.25
2640,1042.25
601,1042.25
2321,1042.25
5432,1042.25
183,1042.25
2360,1042.25
1557,1042.25
619,1042.25
2082,1042.25
11045,1042.25
4019,1042.25
1464,1042.25
246,1042.25
198,1042.25
247,1042.25
341,1042.25
1668,1042.25
700,1042.25
8716,1042.25
667,1042.25
2515,1042.25
8706,1042.25
12551,1042.25
338,1042.25
3630,1042.25
2639,1042.25
997,1042.25
1482,2660.0
7575,2660.0
477,2660.0
4695,2660.0
136,2660.0
4622,2660.0
2064,2660.0
2552,2660.0
285,2660.0
5732,2660.0
471,2660.0
2002,2660.0
1073,2660.0
1126,2660.0
2040,2660.0
241,2660.0
4723,2660.0
1238,2660.0
2521,2660.0
1817,2660.0
1464,2660.0
8716,2660.0
470,2660.0
170,2660.0
1001,2660.0
4416,2660.0
329,2660.0
943,2660.0
25401,2660.0
198,2660.0
54620,2660.0
498,2660.0
1211,2660.0
22500,2660.0
2496,2660.0
417,2660.0
903,2660.0
3877,2660.0
2244,2660.0
486,2660.0
3566,2660.0
3431,2660.0
4086,2660.0
2540,2660.0
1265,2660.0
16179,2660.0
503,2660.0
803,2660.0
2639,2660.0
220,2660.0
2553,2660.0
7762,2660.0
5597,2660.0
5533,2660.0
117,2660.0
640,2660.0
5333,2660.0
374,2660.0
387,2660.0
3503,2660.0
3132,2660.0
190,2660.0
1393,2660.0
1049,2660.0
776,2660.0
1823,2660.0
4164,2660.0
2310,2660.0
191,2660.0
770,2660.0
601,2660.0
2508,2660.0
3219,2660.0
9094,2660.0
338,2660.0
354,2660.0
5482,2660.0
1584,2660.0
5532,2660.0
140,2660.0
406,2660.0
1061,2660.0
4955,2660.0
201,2660.0
526,2660.0
667,2660.0
2738,2660.0
1007,2660.0
239,2660.0
729,2660.0
442,2660.0
1186,2660.0
1139,2660.0
3148,2660.0
7490,2660.0
992,2660.0
12551,2660.0
49034,2660.0
973,2660.0
1512,2857.5
448,2857.5
436,2857.5
1171,2857.5
3748,2857.5
762,2857.5
281,2857.5
1134,2857.5
3500,2857.5
3703,2857.5
5103,2857.5
534,2857.5
1984,2857.5
1293,2857.5
36046,2857.5
1916,2857.5
1158,2857.5
237,2857.5
3434,2857.5
3762,2857.5
8111,2857.5
13130,2857.5
2019,2857.5
691,2857.5
19699,2857.5
247,2857.5
6765,2857.5
2604,2857.5
2445,2857.5
1050,2857.5
812,2857.5
1694,2857.5
4551,2857.5
338,2857.5
281,2857.5
344,2857.5
1668,2857.5
4947,2857.5
2994,2857.5
13919,2857.5
1249,2857.5
5757,2857.5
1694,2857.5
22920,2857.5
296,2857.5
358,2857.5
2640,2857.5
148,2857.5
686,2857.5
11719,2857.5
5727,2857.5
2683,2857.5
915,2857.5
204,2857.5
553,2857.5
1939,2857.5
2395,2857.5
27000,2857.5
440,2857.5
736,2857.5
1727,2857.5
1579,2857.5
2551,2857.5
2082,2857.5
483,2857.5
2532,2857.5
3677,2857.5
5053,2857.5
997,2857.5
2027,2857.5
176,2857.5
2109,2857.5
499,2857.5
1538,2857.5
1251,2857.5
10942,2857.5
2450,2857.5
3303,2857.5
1785,2857.5
43303,2857.5
1039,2857.5
1661,2857.5
211,2857.5
1607,2857.5
395,2857.5
2112,2857.5
883,2857.5
1396,2857.5
11045,2857.5
1080,2857.5
4150,2857.5
563,2857.5
7816,2857.5
7443,2857.5
246,2857.5
569,2857.5
1440,2857.5
3546,2857.5
617,2857.5
2321,2857.5
1853,7476.75
778,7476.75
4019,7476.75
5650,7476.75
1896,7476.75
3437,7476.75
1586,7476.75
391,7476.75
2185,7476.75
17607,7476.75
2856,7476.75
11388,7476.75
2974,7476.75
4266,7476.75
454,7476.75
619,7476.75
3193,7476.75
2672,7476.75
481,7476.75
2014,7476.75
2459,7476.75
665,7476.75
7263,7476.75
5639,7476.75
774,7476.75
668,7476.75
252,7476.75
1246,7476.75
145,7476.75
8702,7476.75
11490,7476.75
4301,7476.75
5876,7476.75
705,7476.75
10398,7476.75
3368,7476.75
1200,7476.75
929,7476.75
10222,7476.75
789,7476.75
7091,7476.75
1514,7476.75
3585,7476.75
3675,7476.75
2890,7476.75
909,7476.75
2108,7476.75
1278,7476.75
494,7476.75
1775,7476.75
25054,7476.75
1213,7476.75
1223,7476.75
13752,7476.75
2054,7476.75
3189,7476.75
1434,7476.75
3006,7476.75
1708,7476.75
293,7476.75
2430,7476.75
16560,7476.75
3214,7476.75
817,7476.75
560,7476.75
3234,7476.75
7060,7476.75
2326,7476.75
7459,7476.75
500,7476.75
2988,7476.75
683,7476.75
2038,7476.75
3800,7476.75
252,7476.75
1313,7476.75
8227,7476.75
544,7476.75
6416,7476.75
2565,7476.75
1869,7476.75
16042,7476.75
8549,7476.75
1244,7476.75
700,7476.75
2333,7476.75
1358,7476.75
3133,7476.75
827,7476.75
5196,7476.75
352,7476.75
14520,7476.75
1028,7476.75
5432,7476.75
15039,7476.75
976,7476.75
1076,7476.75
34085,7476.75
566,7476.75
4630,7476.75
1417,766.0
4867,766.0
600,766.0
763,766.0
10080,766.0
3986,766.0
2533,766.0
2741,766.0
2306,766.0
580,766.0
1525,766.0
702,766.0
328,766.0
400,766.0
26,766.0
2184,766.0
5800,766.0
311,766.0
1829,766.0
3532,766.0
1262,766.0
183,766.0
1017,766.0
4945,766.0
899,766.0
2542,766.0
4504,766.0
7505,766.0
286,766.0
1557,766.0
676,766.0
3711,766.0
8470,766.0
5864,766.0
1724,766.0
5400,766.0
404,766.0
3322,766.0
941,766.0
1167,766.0
305,766.0
1404,766.0
1333,766.0
3655,766.0
129,766.0
1210,766.0
591,766.0
1121,766.0
4800,766.0
300,766.0
2684,766.0
893,766.0
450,766.0
2194,766.0
2435,766.0
1644,766.0
2446,766.0
8706,766.0
3348,766.0
950,766.0
1817,766.0
410,766.0
21014,766.0
911,766.0
2971,766.0
3981,766.0
2597,766.0
2078,766.0
6068,766.0
246,766.0
8046,766.0
9720,766.0
1248,766.0
28855,766.0
2360,766.0
9409,766.0
3344,766.0
3238,766.0
1532,766.0
25217,766.0
976,766.0
341,766.0
631,766.0
3630,766.0
300,766.0
114,766.0
2566,766.0
225,766.0
80,766.0
2362,766.0
2941,766.0
1704,766.0
720,766.0
26408,766.0
15165,766.0
564,766.0
29399,766.0
2347,766.0
1383,766.0
2387,766.0
3287,1390.625
871,1390.625
801,1390.625
500,1390.625
937,1390.625
3201,1390.625
906,1390.625
1801,1390.625
2835,1390.625
6138,1390.625
1741,1390.625
2088,1390.625
2391,1390.625
1035,1390.625
2400,1390.625
2600,1390.625
646,1390.625
764,1390.625
597,1390.625
1686,1390.625
893,1390.625
2933,1390.625
784,1390.625
6844,1390.625
380,1390.625
13528,1390.625
33028,1390.625
440,1390.625
667,1390.625
1788,1390.625
3612,1390.625
1362,1390.625
16357,1390.625
6063,1390.625
1451,1390.625
780,1390.625
392,1390.625
3995,1390.625
14938,1390.625
579,1390.625
4158,1390.625
2791,1390.625
570,1390.625
140,1390.625
752,1390.625
2933,1390.625
2836,1390.625
2385,1390.625
32760,1390.625
3853,1390.625
8740,1390.625
5078,1390.625
5841,1390.625
3646,1390.625
701,1390.625
3638,1390.625
1101,1390.625
9296,1390.625
349,1390.625
2952,1390.625
540,1390.625
8663,1390.625
2299,1390.625
5242,1390.625
594,1390.625
1786,1390.625
605,1390.625
25482,1390.625
4054,1390.625
399,1390.625
408,1390.625
528,1390.625
7824,1390.625
584,1390.625
249,1390.625
1634,1390.625
687,1390.625
6821,1390.625
1238,1390.625
212,1390.625
3191,1390.625
3372,1390.625
562,1390.625
1930,1390.625
4112,1390.625
2999,1390.625
1243,1390.625
89,1390.625
1754,1390.625
16788,1390.625
601,1390.625
3088,1390.625
16921,1390.625
742,1390.625
4900,1390.625
4815,1390.625
10200,1390.625
334,1390.625
2520,1390.625
2515,1390.625
