1518,1951
1261,2117
614,2148
1021,3556
5170,3106
10083,2691
3272,2633
1772,3127
3376,2268
12149,3065
921,2566
1087,3050
1807,3158
3268,3035
5208,2739
1273,3528
3280,3131
98,1580
87,2055
2274,2844
1856,3026
112,1437
672,2639
2134,3430
1530,3052
14453,2776
257,1714
452,2331
784,2728
1464,2636
7037,2654
800,3444
7327,2189
1806,2406
326,1398
441,2627
8490,2702
1856,2594
257,1312
112,1338
3272,2074
1518,1895
7327,2785
2274,2385
3268,1970
14453,2110
98,1453
5170,2319
1021,2754
5208,2496
8490,2831
12149,2578
3280,3272
452,1720
326,1750
1273,3806
7037,2809
1772,3343
1261,3145
1530,2820
614,1978
3376,2523
87,2084
921,3487
784,2506
1464,2820
1806,3570
672,2568
1087,2568
800,3167
2134,3339
10083,3858
441,2791
1807,2969
3376,2233
3280,2259
1273,2797
14453,2794
1807,2246
7327,2552
2134,2887
1856,2889
784,1991
921,3404
614,1764
1087,1991
1806,3562
10083,2955
672,2367
7037,2890
2274,2162
326,2056
1518,1602
5170,3242
8490,2793
98,1558
12149,3265
87,2208
1021,2949
1261,2861
3268,2534
452,2329
257,1712
1530,2588
441,2230
1772,3501
3272,3493
5208,3582
1464,3475
112,1343
800,3396
7037,2379
8490,2366
12149,2445
1807,2902
2134,1788
1261,1894
10083,2902
800,3067
441,2691
14453,2743
452,2326
87,2100
1518,2230
2274,2642
5208,3561
784,2251
257,1686
98,1675
326,2897
3280,3491
1772,3471
1530,2487
3268,2253
1856,3066
7327,2894
1021,3110
3272,3096
672,2169
5170,3478
1806,3447
921,3340
1464,2794
112,1421
1087,2404
1273,3830
614,2005
3376,2409
441,2422
1273,3921
1087,3353
3280,3396
1807,3262
1856,3164
7037,3206
614,1725
7327,2664
3376,2173
112,1455
452,1845
1021,2798
5208,2372
672,2040
1806,3551
98,1540
1464,2431
921,3490
800,3239
2134,3401
10083,3005
3272,2074
8490,2729
326,1667
2274,1735
1518,1890
14453,2655
12149,2741
1261,3333
784,3046
257,1681
1772,3982
87,2092
5170,3861
3268,3067
1530,3451
