61.2,65.5177779538
3.6,3.70295990944
28.8,3.28818249511
10.8,25.7917513018
8,3.85931599646
11.1,10.8074527214
12.9,26.9591182038
7.5,19.8367649256
15.8,18.3540417341
102.4,93.7311998785
2.9,11.1371768822
12,28.1144514989
11.8,21.2604236995
0.5,-4.0267545714
4.9,-10.1419376361
38.1,23.6059477564
19,29.8086130061
8.9,-1.15608603388
6.1,-0.284416355451
18.3,14.8105529379
4.1,6.89685421585
10,12.4496541844
21.1,23.1714995584
105.2,42.9394813646
11.8,23.9166940234
102.4,78.6880211146
8,6.95016105073
4.9,-3.60549458854
8.9,8.42129683998
12.9,19.8337732892
11.1,6.15684014364
28.8,6.53462802863
21.1,23.8879406737
10,11.8187041947
3.6,7.96465832189
19,27.8429597115
105.2,44.7431506261
15.8,14.5634720946
12,27.9261842461
10.8,23.7799242047
38.1,30.3517295141
2.9,11.7268194689
4.1,4.51666547901
18.3,15.8255753481
0.5,-10.7798316866
6.1,-7.50428777314
61.2,68.1525157058
7.5,19.7885372032
4.1,0.535953314502
11.1,7.31164165912
61.2,69.9188946534
8.9,4.03667242891
2.9,14.5656544166
4.9,-5.45147165372
21.1,22.9241936382
0.5,-7.27191311774
8,7.99447329657
15.8,14.5984493273
6.1,4.48199869314
19,28.1269227488
11.8,17.3636960915
105.2,50.4165008908
7.5,13.434945953
28.8,4.00770552736
10.8,24.6516819973
10,9.0934502241
12,30.967345663
3.6,2.63454126918
102.4,89.6701515066
18.3,17.8729337884
12.9,24.1011811614
38.1,30.7025986693
15.8,14.6361090935
19,28.5883568529
6.1,2.15808923423
12,29.9325175221
2.9,11.7653443048
12.9,25.3280658569
8,5.09398342616
18.3,17.2180709899
10,6.45926813489
4.9,-8.10742252024
61.2,72.1839239404
8.9,2.12709516595
21.1,23.1862846929
28.8,6.84930476243
11.1,-12.0502081482
7.5,15.9743796696
105.2,13.714852926
10.8,7.81552773064
11.8,8.30523011594
4.1,0.236638924626
3.6,1.90510072639
38.1,31.2006976618
0.5,-4.29404276219
102.4,85.3830083808
28.8,4.47515155095
21.1,23.3319088958
8,1.84845180079
38.1,39.8210723737
102.4,84.2126843015
10.8,21.9338933686
15.8,15.2600473153
10,3.7254842035
61.2,65.1251638813
0.5,-3.47327130224
7.5,17.6773383829
18.3,14.367857684
105.2,48.7701249154
4.9,-1.35772086876
3.6,6.10806805583
2.9,9.56365483011
12,29.5912215134
6.1,1.87728514373
19,27.8536232746
11.8,27.6356613282
4.1,-2.33232933979
12.9,29.1865103846
11.1,14.4246318259
8.9,3.07578143947
