4047,1739.5
1060,1739.5
25910,1739.5
4620,1739.5
845,1739.5
1520,1739.5
963,1739.5
5931,1739.5
1651,1739.5
796,1739.5
11039,1739.5
7105,1739.5
3600,3719.08333333
10000,3719.08333333
7871,3719.08333333
583,3719.08333333
7451,3719.08333333
5787,3719.08333333
4557,3719.08333333
1755,3719.08333333
63694,3719.08333333
13700,3719.08333333
1233,3719.08333333
1745,3719.08333333
11900,9171.25
5578,9171.25
1100,9171.25
7184,9171.25
37286,9171.25
14000,9171.25
5100,9171.25
8117,9171.25
18500,9171.25
3440,9171.25
3850,9171.25
2957,9171.25
9369,9171.25
6816,4812.5
1981,4812.5
4224,4812.5
4150,4812.5
39479,4812.5
3240,4812.5
9700,4812.5
5279,4812.5
2565,4812.5
2826,4812.5
1798,4812.5
1450,4812.5
21272,2505.0
2330,2505.0
8752,2505.0
9125,2505.0
4456,2505.0
15052,2505.0
4300,2505.0
900,2505.0
8710,2505.0
7320,2505.0
11023,2505.0
6800,2505.0
10447,2505.0
796,1066.5
845,1066.5
11039,1066.5
1745,1066.5
2957,1066.5
13700,1066.5
2565,1066.5
5279,1066.5
10000,1066.5
8752,1066.5
8117,1066.5
9700,1066.5
8710,5667.0
900,5667.0
63694,5667.0
6800,5667.0
4557,5667.0
21272,5667.0
1651,5667.0
7320,5667.0
11900,5667.0
39479,5667.0
4224,5667.0
5931,5667.0
4150,30375.5
6816,30375.5
3850,30375.5
7184,30375.5
4456,30375.5
1520,30375.5
5578,30375.5
2330,30375.5
18500,30375.5
9125,30375.5
3240,30375.5
7105,30375.5
4620,30375.5
3600,3102.5
963,3102.5
5100,3102.5
10447,3102.5
4047,3102.5
583,3102.5
1100,3102.5
15052,3102.5
2826,3102.5
37286,3102.5
14000,3102.5
7871,3102.5
25910,1234.0
4300,1234.0
3440,1234.0
9369,1234.0
5787,1234.0
11023,1234.0
1450,1234.0
7451,1234.0
1233,1234.0
1798,1234.0
1060,1234.0
1755,1234.0
1981,1234.0
2957,11344.875
8117,11344.875
1755,11344.875
4456,11344.875
11900,11344.875
13700,11344.875
4047,11344.875
7184,11344.875
3600,11344.875
4620,11344.875
2565,11344.875
900,11344.875
6800,11861.125
1233,11861.125
583,11861.125
1745,11861.125
6816,11861.125
5578,11861.125
5279,11861.125
1520,11861.125
3440,11861.125
9369,11861.125
1981,11861.125
11023,11861.125
796,7528.08125
3240,7528.08125
11039,7528.08125
2826,7528.08125
14000,7528.08125
5787,7528.08125
10447,7528.08125
2330,7528.08125
845,7528.08125
8752,7528.08125
1100,7528.08125
7451,7528.08125
4557,7528.08125
18500,4308.75
7105,4308.75
10000,4308.75
15052,4308.75
4150,4308.75
1651,4308.75
8710,4308.75
25910,4308.75
5100,4308.75
9125,4308.75
21272,4308.75
3850,4308.75
37286,7133.5
4224,7133.5
63694,7133.5
9700,7133.5
4300,7133.5
1798,7133.5
1450,7133.5
963,7133.5
39479,7133.5
7871,7133.5
5931,7133.5
1060,7133.5
7320,7133.5
10000,5967.0
8752,5967.0
845,5967.0
1100,5967.0
1745,5967.0
7105,5967.0
11900,5967.0
5578,5967.0
39479,5967.0
9700,5967.0
963,5967.0
13700,5967.0
4224,6243.25
63694,6243.25
1520,6243.25
2565,6243.25
4300,6243.25
3440,6243.25
1450,6243.25
2330,6243.25
4150,6243.25
3850,6243.25
25910,6243.25
1755,6243.25
21272,7442.79591837
37286,7442.79591837
7184,7442.79591837
6816,7442.79591837
15052,7442.79591837
4557,7442.79591837
14000,7442.79591837
3240,7442.79591837
9369,7442.79591837
5100,7442.79591837
5787,7442.79591837
4456,7442.79591837
11023,7442.79591837
18500,6620.0
3600,6620.0
7871,6620.0
2826,6620.0
11039,6620.0
6800,6620.0
4047,6620.0
4620,6620.0
8710,6620.0
7320,6620.0
1651,6620.0
10447,6620.0
5279,8400.0
8117,8400.0
2957,8400.0
583,8400.0
9125,8400.0
7451,8400.0
900,8400.0
1060,8400.0
1798,8400.0
1233,8400.0
1981,8400.0
796,8400.0
5931,8400.0
1520,7718.625
7451,7718.625
3240,7718.625
9700,7718.625
15052,7718.625
4300,7718.625
9125,7718.625
18500,7718.625
7871,7718.625
796,7718.625
1450,7718.625
5931,7718.625
6800,5844.39583333
7105,5844.39583333
4224,5844.39583333
10000,5844.39583333
1745,5844.39583333
11023,5844.39583333
8117,5844.39583333
8752,5844.39583333
3850,5844.39583333
1981,5844.39583333
2330,5844.39583333
13700,5844.39583333
3600,8151.3877551
7184,8151.3877551
6816,8151.3877551
4150,8151.3877551
39479,8151.3877551
2565,8151.3877551
9369,8151.3877551
10447,8151.3877551
7320,8151.3877551
5787,8151.3877551
5100,8151.3877551
4047,8151.3877551
4557,8151.3877551
25910,3926.625
21272,3926.625
8710,3926.625
2826,3926.625
1798,3926.625
845,3926.625
2957,3926.625
963,3926.625
1755,3926.625
11900,3926.625
4620,3926.625
11039,3926.625
900,7542.42857143
63694,7542.42857143
1060,7542.42857143
1233,7542.42857143
583,7542.42857143
3440,7542.42857143
5578,7542.42857143
4456,7542.42857143
14000,7542.42857143
1100,7542.42857143
37286,7542.42857143
1651,7542.42857143
5279,7542.42857143
