130.3,101.45
1107.31,226.15
287,211.6
82.5,78
69.9,135.05
336.3,611.655
23.2,83.25
116,194.5
246.9,194.5
86.9,208.65
230.7,188.6
157,107.15
72,106.4
84,52.85
258.7,123.15
230.7,188.6
86.9,208.65
157,107.15
82.5,85.45
72,107.15
23.2,107.15
130.3,101.45
69.9,135.05
287,211.6
84,52.85
1107.31,311.65
116,297.5
246.9,123.15
336.3,611.655
258.7,123.15
1107.31,226.15
69.9,188.6
258.7,181.45
116,297.5
246.9,172.8
130.3,172.8
230.7,201.95
86.9,208.65
72,83.25
84,47.6
82.5,101.15
287,108.6
23.2,83.25
157,157.35
336.3,611.655
336.3,611.655
246.9,123.15
258.7,123.15
23.2,83.25
230.7,201.95
287,108.6
86.9,208.65
72,106.4
84,52.85
69.9,135.05
130.3,101.45
1107.31,226.15
116,194.5
157,157.35
82.5,78
287,123.15
86.9,123.15
84,52.85
336.3,611.655
23.2,83.25
230.7,201.95
69.9,135.05
72,106.4
157,157.35
1107.31,226.15
130.3,186.95
258.7,181.45
246.9,194.5
82.5,78
116,194.5
