61.2,22.775
3.6,11.275
28.8,9.575
10.8,11.975
8,5.775
11.1,11.95
12.9,15.625
7.5,10.475
15.8,10.725
102.4,55.875
2.9,9.15
12,8.5
11.8,20.275
0.5,6.0
4.9,7.8
38.1,26.8
19,16.5
8.9,11.35
6.1,4.05
18.3,14.625
4.1,4.75
10,6.125
21.1,14.625
105.2,53.425
11.8,20.275
102.4,54.125
8,6.05
4.9,9.0
8.9,8.0
12.9,13.35
11.1,7.1
28.8,7.375
21.1,15.975
10,6.125
3.6,5.1
19,15.775
105.2,53.425
15.8,10.725
12,10.375
10.8,11.975
38.1,28.55
2.9,9.15
4.1,4.75
18.3,16.675
0.5,8.425
6.1,11.125
61.2,22.775
7.5,12.7
4.1,4.75
11.1,7.1
61.2,22.775
8.9,8.0
2.9,8.175
4.9,9.9
21.1,15.975
0.5,8.725
8,8.675
15.8,10.725
6.1,3.275
19,15.775
11.8,15.85
105.2,53.425
7.5,8.725
28.8,8.725
10.8,11.975
10,7.025
12,9.85
3.6,11.25
102.4,49.35
18.3,16.925
12.9,15.975
38.1,28.325
15.8,10.725
19,15.5
6.1,4.05
12,10.375
2.9,7.2
12.9,15.975
8,7.2
18.3,16.675
10,7.2
4.9,7.8
61.2,20.45
8.9,11.35
21.1,15.975
28.8,9.575
11.1,8.95
7.5,13.15
105.2,53.425
10.8,16.025
11.8,17.825
4.1,6.975
3.6,13.45
38.1,28.325
0.5,8.925
102.4,49.35
28.8,9.575
21.1,15.975
8,7.875
38.1,26.275
102.4,43.575
10.8,8.15
15.8,13.3
10,7.375
61.2,22.775
0.5,5.675
7.5,13.15
18.3,16.675
105.2,53.425
4.9,8.1
3.6,11.975
2.9,9.15
12,10.375
6.1,5.025
19,16.5
11.8,17.95
4.1,4.75
12.9,17.6
11.1,7.1
8.9,8.0
