395,2243.75
374,2243.75
3148,2243.75
190,2243.75
11719,2243.75
1028,2243.75
7490,2243.75
237,2243.75
2971,2243.75
1916,2243.75
1249,2243.75
16042,2243.75
8227,2243.75
7824,2243.75
3566,2243.75
7263,2243.75
212,2243.75
1238,2243.75
687,2243.75
2321,2243.75
1278,2243.75
7060,2243.75
440,2243.75
1984,2243.75
1930,2243.75
729,2243.75
2446,2243.75
10200,2243.75
2999,2243.75
929,2243.75
5732,2243.75
4504,2243.75
817,2243.75
4150,2243.75
4164,2243.75
500,2243.75
6138,2243.75
1121,2243.75
448,2243.75
14520,2243.75
4158,2243.75
3800,2243.75
640,2243.75
1167,2243.75
2836,2243.75
54620,2243.75
1262,2243.75
903,2243.75
2540,2243.75
780,2243.75
3500,2243.75
5242,2243.75
2387,2243.75
950,2243.75
3133,2243.75
1061,2243.75
4622,2243.75
1134,2243.75
3437,2243.75
15165,2243.75
5333,2243.75
3214,2243.75
352,2243.75
2941,2243.75
1035,2243.75
9094,2243.75
619,2243.75
498,2243.75
883,2243.75
1434,2243.75
3655,2243.75
246,2243.75
1158,2243.75
8702,2243.75
570,2243.75
1704,2243.75
2108,2243.75
1532,2243.75
526,2243.75
941,2243.75
1451,2243.75
7575,2243.75
26,2243.75
3322,2243.75
553,2243.75
1741,2243.75
358,2243.75
3762,2243.75
601,2243.75
911,2243.75
10222,2243.75
2112,2243.75
1017,2243.75
2385,2243.75
2684,2243.75
1126,2243.75
700,2243.75
191,2243.75
1644,2243.75
3877,421.5
1525,421.5
3006,421.5
300,421.5
676,421.5
183,421.5
668,421.5
705,421.5
32760,421.5
1293,421.5
281,421.5
2683,421.5
1265,421.5
2933,421.5
1607,421.5
176,421.5
784,421.5
2835,421.5
540,421.5
3612,421.5
3431,421.5
380,421.5
3193,421.5
3646,421.5
5639,421.5
720,421.5
631,421.5
2552,421.5
2326,421.5
5196,421.5
28855,421.5
25217,421.5
736,421.5
16921,421.5
1788,421.5
2109,421.5
1661,421.5
129,421.5
17607,421.5
16788,421.5
646,421.5
1007,421.5
481,421.5
406,421.5
7505,421.5
5053,421.5
1171,421.5
7762,421.5
2002,421.5
566,421.5
2019,421.5
252,421.5
742,421.5
25401,421.5
943,421.5
8549,421.5
1514,421.5
281,421.5
4112,421.5
665,421.5
2988,421.5
1785,421.5
3630,421.5
2994,421.5
239,421.5
286,421.5
871,421.5
22920,421.5
5432,421.5
247,421.5
4723,421.5
584,421.5
2597,421.5
893,421.5
34085,421.5
499,421.5
440,421.5
13130,421.5
683,421.5
1101,421.5
338,421.5
5400,421.5
8470,421.5
5532,421.5
114,421.5
408,421.5
1211,421.5
6068,421.5
801,421.5
334,421.5
774,421.5
4800,421.5
500,421.5
976,421.5
3372,421.5
973,421.5
2496,421.5
2400,421.5
486,421.5
564,421.5
5533,1142.5
2532,1142.5
580,1142.5
3238,1142.5
2054,1142.5
220,1142.5
1464,1142.5
893,1142.5
770,1142.5
6821,1142.5
225,1142.5
354,1142.5
2038,1142.5
1186,1142.5
1039,1142.5
1829,1142.5
2027,1142.5
410,1142.5
2450,1142.5
252,1142.5
8663,1142.5
2347,1142.5
349,1142.5
6844,1142.5
2553,1142.5
5103,1142.5
2082,1142.5
803,1142.5
1139,1142.5
201,1142.5
400,1142.5
1786,1142.5
528,1142.5
2856,1142.5
2672,1142.5
2362,1142.5
605,1142.5
3191,1142.5
4086,1142.5
246,1142.5
2515,1142.5
2333,1142.5
450,1142.5
2974,1142.5
436,1142.5
2185,1142.5
3503,1142.5
1200,1142.5
1817,1142.5
1333,1142.5
3711,1142.5
117,1142.5
1243,1142.5
5841,1142.5
5597,1142.5
43303,1142.5
3532,1142.5
19699,1142.5
2566,1142.5
3995,1142.5
2435,1142.5
1073,1142.5
1210,1142.5
27000,1142.5
1584,1142.5
1853,1142.5
5800,1142.5
3434,1142.5
3585,1142.5
2395,1142.5
13528,1142.5
2600,1142.5
1076,1142.5
300,1142.5
140,1142.5
1049,1142.5
26408,1142.5
1634,1142.5
145,1142.5
2459,1142.5
16560,1142.5
1417,1142.5
1775,1142.5
305,1142.5
1248,1142.5
7443,1142.5
2520,1142.5
249,1142.5
387,1142.5
1396,1142.5
7091,1142.5
296,1142.5
3348,1142.5
812,1142.5
8046,1142.5
8740,1142.5
1869,1142.5
976,1142.5
80,1142.5
6416,1142.5
4416,3452.5
2310,3452.5
8716,3452.5
10942,3452.5
136,3452.5
417,3452.5
569,3452.5
534,3452.5
5727,3452.5
16357,3452.5
686,3452.5
752,3452.5
21014,3452.5
778,3452.5
392,3452.5
3189,3452.5
2551,3452.5
563,3452.5
4945,3452.5
1896,3452.5
2064,3452.5
1754,3452.5
3287,3452.5
3853,3452.5
2391,3452.5
3219,3452.5
1313,3452.5
2521,3452.5
2360,3452.5
1244,3452.5
4301,3452.5
1223,3452.5
3677,3452.5
211,3452.5
591,3452.5
1393,3452.5
140,3452.5
148,3452.5
667,3452.5
311,3452.5
1080,3452.5
503,3452.5
399,3452.5
3675,3452.5
1724,3452.5
997,3452.5
9720,3452.5
597,3452.5
49034,3452.5
14938,3452.5
198,3452.5
3546,3452.5
3201,3452.5
25482,3452.5
1238,3452.5
470,3452.5
2306,3452.5
1823,3452.5
2299,3452.5
701,3452.5
909,3452.5
2604,3452.5
600,3452.5
3303,3452.5
1686,3452.5
4054,3452.5
562,3452.5
477,3452.5
937,3452.5
544,3452.5
764,3452.5
5482,3452.5
601,3452.5
3088,3452.5
1001,3452.5
170,3452.5
293,3452.5
1694,3452.5
4019,3452.5
5864,3452.5
4695,3452.5
4947,3452.5
9409,3452.5
827,3452.5
560,3452.5
2933,3452.5
1404,3452.5
454,3452.5
763,3452.5
2890,3452.5
25054,3452.5
13919,3452.5
328,3452.5
2244,3452.5
2791,3452.5
2430,3452.5
1694,3452.5
1668,3452.5
241,3452.5
2445,3452.5
344,2289.125
2565,2289.125
3748,2289.125
2184,2289.125
3368,2289.125
579,2289.125
11388,2289.125
29399,2289.125
285,2289.125
4630,2289.125
391,2289.125
494,2289.125
12551,2289.125
2508,2289.125
4266,2289.125
6765,2289.125
1557,2289.125
4867,2289.125
7459,2289.125
4900,2289.125
11045,2289.125
13752,2289.125
776,2289.125
3638,2289.125
1482,2289.125
1538,2289.125
1801,2289.125
1383,2289.125
2741,2289.125
594,2289.125
2014,2289.125
471,2289.125
1727,2289.125
1251,2289.125
341,2289.125
6063,2289.125
3703,2289.125
5650,2289.125
1050,2289.125
2952,2289.125
1939,2289.125
2040,2289.125
9296,2289.125
2640,2289.125
702,2289.125
4551,2289.125
1358,2289.125
906,2289.125
404,2289.125
11490,2289.125
4955,2289.125
442,2289.125
1362,2289.125
992,2289.125
204,2289.125
5757,2289.125
789,2289.125
3344,2289.125
5876,2289.125
3981,2289.125
33028,2289.125
2533,2289.125
1586,2289.125
5078,2289.125
691,2289.125
329,2289.125
2194,2289.125
8706,2289.125
1440,2289.125
2078,2289.125
10080,2289.125
2088,2289.125
2639,2289.125
3132,2289.125
1708,2289.125
4815,2289.125
7816,2289.125
915,2289.125
762,2289.125
3234,2289.125
15039,2289.125
899,2289.125
8111,2289.125
667,2289.125
617,2289.125
1213,2289.125
10398,2289.125
1817,2289.125
2542,2289.125
1512,2289.125
16179,2289.125
89,2289.125
1579,2289.125
2738,2289.125
36046,2289.125
22500,2289.125
483,2289.125
3986,2289.125
338,2289.125
1246,2289.125
349,27345.5
498,27345.5
212,27345.5
129,27345.5
2002,27345.5
2835,27345.5
2310,27345.5
1708,27345.5
2306,27345.5
3148,27345.5
80,27345.5
691,27345.5
591,27345.5
665,27345.5
183,27345.5
380,27345.5
601,27345.5
3762,27345.5
499,27345.5
1238,27345.5
4112,27345.5
2941,27345.5
300,27345.5
1080,27345.5
683,27345.5
417,27345.5
1200,27345.5
600,27345.5
2566,27345.5
1293,27345.5
2988,27345.5
646,27345.5
778,27345.5
580,27345.5
883,27345.5
338,27345.5
2565,27345.5
6138,27345.5
540,27345.5
1211,27345.5
736,27345.5
2088,27345.5
25482,27345.5
4945,27345.5
2387,27345.5
5482,27345.5
503,27345.5
2738,27345.5
1243,27345.5
3532,27345.5
700,27345.5
2078,27345.5
701,27345.5
5078,27345.5
442,27345.5
6063,27345.5
3006,27345.5
9094,27345.5
1512,27345.5
1396,27345.5
190,27345.5
2385,27345.5
2639,27345.5
1440,27345.5
387,27345.5
2321,27345.5
8702,27345.5
471,27345.5
2600,27345.5
2890,27345.5
1417,27345.5
1186,27345.5
617,27345.5
1482,27345.5
281,27345.5
5597,27345.5
22500,27345.5
252,27345.5
4815,27345.5
3238,27345.5
5639,27345.5
601,27345.5
817,27345.5
2553,27345.5
1139,27345.5
1121,27345.5
400,27345.5
702,27345.5
211,27345.5
667,27345.5
2446,27345.5
4158,27345.5
4900,27345.5
1244,27345.5
89,27345.5
893,27345.5
486,27345.5
16179,27345.5
22920,27345.5
1028,1239.5
584,1239.5
328,1239.5
579,1239.5
2326,1239.5
1869,1239.5
5841,1239.5
1210,1239.5
2400,1239.5
1249,1239.5
1724,1239.5
5400,1239.5
2445,1239.5
3748,1239.5
801,1239.5
528,1239.5
3981,1239.5
903,1239.5
4504,1239.5
338,1239.5
241,1239.5
500,1239.5
21014,1239.5
6765,1239.5
3612,1239.5
560,1239.5
1434,1239.5
311,1239.5
5103,1239.5
2435,1239.5
11045,1239.5
1134,1239.5
329,1239.5
16921,1239.5
2952,1239.5
2994,1239.5
562,1239.5
399,1239.5
1694,1239.5
296,1239.5
5727,1239.5
406,1239.5
2856,1239.5
352,1239.5
5196,1239.5
5732,1239.5
2532,1239.5
4054,1239.5
687,1239.5
3201,1239.5
2064,1239.5
1073,1239.5
937,1239.5
5532,1239.5
2552,1239.5
2082,1239.5
570,1239.5
34085,1239.5
4019,1239.5
2496,1239.5
4695,1239.5
2109,1239.5
1167,1239.5
569,1239.5
198,1239.5
1464,1239.5
1668,1239.5
7816,1239.5
5432,1239.5
1916,1239.5
117,1239.5
667,1239.5
374,1239.5
1050,1239.5
5242,1239.5
871,1239.5
4723,1239.5
899,1239.5
1801,1239.5
2791,1239.5
10222,1239.5
7263,1239.5
1223,1239.5
43303,1239.5
2974,1239.5
1362,1239.5
1584,1239.5
3234,1239.5
454,1239.5
28855,1239.5
1823,1239.5
2515,1239.5
1001,1239.5
742,1239.5
2450,1239.5
148,1239.5
534,1239.5
7443,1239.5
2194,1239.5
803,1239.5
5650,2612.88541667
1853,2612.88541667
2672,2612.88541667
566,2612.88541667
114,2612.88541667
500,2612.88541667
3546,2612.88541667
27000,2612.88541667
2604,2612.88541667
3566,2612.88541667
1607,2612.88541667
812,2612.88541667
1984,2612.88541667
1007,2612.88541667
1930,2612.88541667
2933,2612.88541667
3646,2612.88541667
36046,2612.88541667
8470,2612.88541667
239,2612.88541667
676,2612.88541667
1049,2612.88541667
404,2612.88541667
1076,2612.88541667
201,2612.88541667
13528,2612.88541667
140,2612.88541667
640,2612.88541667
3344,2612.88541667
5757,2612.88541667
3214,2612.88541667
553,2612.88541667
15165,2612.88541667
789,2612.88541667
4164,2612.88541667
1514,2612.88541667
136,2612.88541667
997,2612.88541667
1313,2612.88541667
8227,2612.88541667
3995,2612.88541667
8716,2612.88541667
1333,2612.88541667
33028,2612.88541667
176,2612.88541667
8740,2612.88541667
763,2612.88541667
3372,2612.88541667
597,2612.88541667
16357,2612.88541667
3191,2612.88541667
1126,2612.88541667
4955,2612.88541667
17607,2612.88541667
9409,2612.88541667
14520,2612.88541667
1451,2612.88541667
3503,2612.88541667
2244,2612.88541667
2542,2612.88541667
440,2612.88541667
564,2612.88541667
2999,2612.88541667
10200,2612.88541667
470,2612.88541667
764,2612.88541667
976,2612.88541667
1213,2612.88541667
2038,2612.88541667
483,2612.88541667
915,2612.88541667
1634,2612.88541667
10080,2612.88541667
976,2612.88541667
1251,2612.88541667
5053,2612.88541667
526,2612.88541667
391,2612.88541667
720,2612.88541667
7505,2612.88541667
54620,2612.88541667
246,2612.88541667
13130,2612.88541667
249,2612.88541667
780,2612.88541667
2391,2612.88541667
893,2612.88541667
1404,2612.88541667
1896,2612.88541667
2362,2612.88541667
8549,2612.88541667
3585,2612.88541667
3431,2612.88541667
3437,2612.88541667
145,2612.88541667
140,2612.88541667
4622,2612.88541667
1644,2612.88541667
1278,2612.88541667
2108,2612.88541667
594,7583.0
1393,7583.0
1786,7583.0
1383,7583.0
8663,7583.0
25054,7583.0
729,7583.0
204,7583.0
237,7583.0
29399,7583.0
1661,7583.0
8706,7583.0
281,7583.0
8046,7583.0
1686,7583.0
1939,7583.0
11719,7583.0
247,7583.0
2112,7583.0
752,7583.0
4947,7583.0
300,7583.0
477,7583.0
1061,7583.0
3703,7583.0
943,7583.0
5533,7583.0
2683,7583.0
1101,7583.0
1586,7583.0
1246,7583.0
1265,7583.0
4800,7583.0
774,7583.0
2836,7583.0
2551,7583.0
1788,7583.0
1775,7583.0
4867,7583.0
4630,7583.0
4150,7583.0
3348,7583.0
1158,7583.0
2640,7583.0
3088,7583.0
1017,7583.0
2014,7583.0
1754,7583.0
408,7583.0
3877,7583.0
285,7583.0
1829,7583.0
9720,7583.0
1785,7583.0
2027,7583.0
3303,7583.0
2333,7583.0
3638,7583.0
354,7583.0
2185,7583.0
3193,7583.0
2360,7583.0
6416,7583.0
8111,7583.0
7762,7583.0
7575,7583.0
25217,7583.0
906,7583.0
2040,7583.0
2184,7583.0
1171,7583.0
448,7583.0
3219,7583.0
440,7583.0
4301,7583.0
7824,7583.0
3287,7583.0
191,7583.0
2508,7583.0
3133,7583.0
544,7583.0
1262,7583.0
4266,7583.0
3434,7583.0
1358,7583.0
7459,7583.0
2597,7583.0
26,7583.0
1238,7583.0
1704,7583.0
3322,7583.0
436,7583.0
3986,7583.0
5333,7583.0
1525,7583.0
1035,7583.0
25401,7583.0
4551,7583.0
619,7583.0
973,7583.0
11490,2793.75
1741,2793.75
341,2793.75
2395,2793.75
2347,2793.75
494,2793.75
941,2793.75
2520,2793.75
26408,2793.75
450,2793.75
686,2793.75
2540,2793.75
3711,2793.75
32760,2793.75
286,2793.75
13752,2793.75
631,2793.75
246,2793.75
3675,2793.75
358,2793.75
605,2793.75
3655,2793.75
392,2793.75
5864,2793.75
9296,2793.75
4086,2793.75
992,2793.75
395,2793.75
4416,2793.75
827,2793.75
1248,2793.75
668,2793.75
6821,2793.75
2971,2793.75
563,2793.75
293,2793.75
776,2793.75
1538,2793.75
12551,2793.75
334,2793.75
16560,2793.75
1039,2793.75
7091,2793.75
929,2793.75
7490,2793.75
5876,2793.75
2933,2793.75
950,2793.75
410,2793.75
3677,2793.75
3630,2793.75
481,2793.75
220,2793.75
19699,2793.75
3189,2793.75
16788,2793.75
1817,2793.75
3132,2793.75
344,2793.75
13919,2793.75
770,2793.75
909,2793.75
2430,2793.75
911,2793.75
7060,2793.75
10942,2793.75
252,2793.75
1817,2793.75
2521,2793.75
10398,2793.75
1694,2793.75
170,2793.75
1579,2793.75
14938,2793.75
2684,2793.75
762,2793.75
1727,2793.75
2741,2793.75
2299,2793.75
3368,2793.75
15039,2793.75
225,2793.75
5800,2793.75
2533,2793.75
2019,2793.75
49034,2793.75
1532,2793.75
305,2793.75
784,2793.75
3853,2793.75
2459,2793.75
11388,2793.75
6068,2793.75
2054,2793.75
16042,2793.75
705,2793.75
6844,2793.75
1557,2793.75
3800,2793.75
3500,2793.75
3877,1861.125
2988,1861.125
380,1861.125
4551,1861.125
2002,1861.125
2604,1861.125
2533,1861.125
705,1861.125
246,1861.125
3566,1861.125
1896,1861.125
477,1861.125
49034,1861.125
1383,1861.125
1121,1861.125
28855,1861.125
27000,1861.125
4416,1861.125
1538,1861.125
328,1861.125
4955,1861.125
329,1861.125
1801,1861.125
2741,1861.125
700,1861.125
1557,1861.125
311,1861.125
3348,1861.125
1101,1861.125
3201,1861.125
454,1861.125
7443,1861.125
170,1861.125
13919,1861.125
691,1861.125
1440,1861.125
2064,1861.125
1482,1861.125
2435,1861.125
148,1861.125
5757,1861.125
503,1861.125
281,1861.125
7263,1861.125
1525,1861.125
442,1861.125
436,1861.125
640,1861.125
5400,1861.125
1223,1861.125
619,1861.125
440,1861.125
780,1861.125
16560,1861.125
801,1861.125
4723,1861.125
2553,1861.125
1158,1861.125
2835,1861.125
3748,1861.125
2078,1861.125
5482,1861.125
374,1861.125
5597,1861.125
1775,1861.125
395,1861.125
114,1861.125
1246,1861.125
300,1861.125
16921,1861.125
601,1861.125
5876,1861.125
2391,1861.125
4164,1861.125
12551,1861.125
1817,1861.125
701,1861.125
145,1861.125
3322,1861.125
25401,1861.125
4086,1861.125
6416,1861.125
1661,1861.125
1634,1861.125
8702,1861.125
1293,1861.125
417,1861.125
2542,1861.125
25054,1861.125
601,1861.125
2532,1861.125
3986,1861.125
687,1861.125
344,1861.125
2014,1861.125
140,1861.125
1984,1861.125
400,1861.125
1238,1861.125
1238,2090.765625
5053,2090.765625
220,2090.765625
15039,2090.765625
1607,2090.765625
2971,2090.765625
2088,2090.765625
2445,2090.765625
3193,2090.765625
3655,2090.765625
5432,2090.765625
17607,2090.765625
249,2090.765625
883,2090.765625
3677,2090.765625
594,2090.765625
3995,2090.765625
1167,2090.765625
239,2090.765625
440,2090.765625
1333,2090.765625
778,2090.765625
4945,2090.765625
2974,2090.765625
1532,2090.765625
943,2090.765625
21014,2090.765625
605,2090.765625
591,2090.765625
937,2090.765625
992,2090.765625
212,2090.765625
7575,2090.765625
247,2090.765625
1754,2090.765625
1393,2090.765625
915,2090.765625
198,2090.765625
10080,2090.765625
2038,2090.765625
1251,2090.765625
3006,2090.765625
528,2090.765625
1171,2090.765625
448,2090.765625
1686,2090.765625
5532,2090.765625
929,2090.765625
4019,2090.765625
3189,2090.765625
2508,2090.765625
5196,2090.765625
544,2090.765625
7091,2090.765625
358,2090.765625
293,2090.765625
973,2090.765625
1579,2090.765625
646,2090.765625
2360,2090.765625
950,2090.765625
9720,2090.765625
729,2090.765625
789,2090.765625
597,2090.765625
481,2090.765625
1512,2090.765625
1049,2090.765625
899,2090.765625
1080,2090.765625
3853,2090.765625
8111,2090.765625
201,2090.765625
774,2090.765625
752,2090.765625
1916,2090.765625
6765,2090.765625
3500,2090.765625
1139,2090.765625
2597,2090.765625
2299,2090.765625
8046,2090.765625
2184,2090.765625
2112,2090.765625
7490,2090.765625
3503,2090.765625
5864,2090.765625
580,2090.765625
204,2090.765625
1396,2090.765625
354,2090.765625
7824,2090.765625
43303,2090.765625
500,2090.765625
3344,2090.765625
736,2090.765625
2108,2090.765625
976,2090.765625
3088,2090.765625
2362,2090.765625
2321,4130.0
2551,4130.0
1050,4130.0
562,4130.0
1213,4130.0
25482,4130.0
2640,4130.0
483,4130.0
3234,4130.0
117,4130.0
911,4130.0
8716,4130.0
286,4130.0
1035,4130.0
1829,4130.0
237,4130.0
2600,4130.0
305,4130.0
404,4130.0
190,4130.0
2565,4130.0
570,4130.0
1451,4130.0
10222,4130.0
5533,4130.0
4150,4130.0
2430,4130.0
392,4130.0
2890,4130.0
817,4130.0
5078,4130.0
3981,4130.0
387,4130.0
3630,4130.0
16042,4130.0
1741,4130.0
352,4130.0
2019,4130.0
3703,4130.0
80,4130.0
2400,4130.0
1788,4130.0
5333,4130.0
4301,4130.0
16788,4130.0
871,4130.0
617,4130.0
2446,4130.0
3646,4130.0
14938,4130.0
1007,4130.0
4266,4130.0
720,4130.0
5727,4130.0
5650,4130.0
997,4130.0
16179,4130.0
13528,4130.0
1708,4130.0
676,4130.0
296,4130.0
2738,4130.0
2520,4130.0
4158,4130.0
2994,4130.0
1243,4130.0
2082,4130.0
338,4130.0
1265,4130.0
33028,4130.0
3800,4130.0
893,4130.0
4815,4130.0
600,4130.0
391,4130.0
2933,4130.0
2684,4130.0
1704,4130.0
2999,4130.0
4800,4130.0
285,4130.0
2385,4130.0
8740,4130.0
2040,4130.0
8470,4130.0
9296,4130.0
534,4130.0
4947,4130.0
3148,4130.0
281,4130.0
3219,4130.0
4504,4130.0
2109,4130.0
7505,4130.0
1823,4130.0
7060,4130.0
11045,4130.0
500,4130.0
4630,4130.0
2941,4130.0
1073,695.0
553,695.0
2310,695.0
16357,695.0
22500,695.0
191,695.0
36046,695.0
300,695.0
5800,695.0
2552,695.0
26408,695.0
8663,695.0
2515,695.0
252,695.0
584,695.0
3132,695.0
3434,695.0
25217,695.0
1434,695.0
1817,695.0
827,695.0
2496,695.0
1464,695.0
3638,695.0
526,695.0
1028,695.0
6063,695.0
566,695.0
1939,695.0
5841,695.0
1417,695.0
6138,695.0
241,695.0
3532,695.0
667,695.0
2326,695.0
19699,695.0
2856,695.0
3133,695.0
5103,695.0
1017,695.0
1785,695.0
341,695.0
8549,695.0
334,695.0
410,695.0
3287,695.0
4112,695.0
1694,695.0
6844,695.0
3612,695.0
2683,695.0
4867,695.0
471,695.0
211,695.0
498,695.0
499,695.0
1694,695.0
2027,695.0
2521,695.0
909,695.0
136,695.0
2395,695.0
246,695.0
8227,695.0
686,695.0
10398,695.0
784,695.0
399,695.0
406,695.0
1786,695.0
941,695.0
34085,695.0
10942,695.0
3368,695.0
1076,695.0
2387,695.0
4695,695.0
5242,695.0
225,695.0
3238,695.0
3431,695.0
29399,695.0
2836,695.0
26,695.0
812,695.0
486,695.0
4054,695.0
1724,695.0
976,695.0
1869,695.0
3303,695.0
349,695.0
11490,695.0
1404,695.0
15165,695.0
1244,695.0
9409,695.0
450,695.0
89,695.0
1061,3548.5
3546,3548.5
2540,3548.5
2952,3548.5
776,3548.5
3437,3548.5
183,3548.5
1249,3548.5
893,3548.5
3372,3548.5
3214,3548.5
1001,3548.5
540,3548.5
770,3548.5
5732,3548.5
3191,3548.5
54620,3548.5
2933,3548.5
1586,3548.5
762,3548.5
6068,3548.5
668,3548.5
7762,3548.5
1134,3548.5
5639,3548.5
1248,3548.5
564,3548.5
1358,3548.5
631,3548.5
11388,3548.5
494,3548.5
9094,3548.5
2791,3548.5
903,3548.5
2054,3548.5
13752,3548.5
14520,3548.5
470,3548.5
140,3548.5
3762,3548.5
1262,3548.5
2639,3548.5
10200,3548.5
560,3548.5
906,3548.5
742,3548.5
7816,3548.5
8706,3548.5
32760,3548.5
1039,3548.5
2333,3548.5
803,3548.5
4622,3548.5
7459,3548.5
1644,3548.5
667,3548.5
6821,3548.5
1668,3548.5
563,3548.5
4900,3548.5
1126,3548.5
1362,3548.5
1186,3548.5
579,3548.5
2347,3548.5
569,3548.5
2459,3548.5
1930,3548.5
763,3548.5
2244,3548.5
1584,3548.5
2672,3548.5
1727,3548.5
2450,3548.5
665,3548.5
1278,3548.5
683,3548.5
1200,3548.5
702,3548.5
2185,3548.5
252,3548.5
2566,3548.5
129,3548.5
3675,3548.5
176,3548.5
1853,3548.5
22920,3548.5
3711,3548.5
11719,3548.5
1210,3548.5
1313,3548.5
408,3548.5
1514,3548.5
1211,3548.5
13130,3548.5
3585,3548.5
2194,3548.5
2306,3548.5
338,3548.5
764,3548.5
10222,500.5
584,500.5
9296,500.5
1930,500.5
1396,500.5
293,500.5
3238,500.5
4164,500.5
770,500.5
4112,500.5
25482,500.5
5400,500.5
1817,500.5
1134,500.5
1788,500.5
1243,500.5
13130,500.5
6068,500.5
579,500.5
526,500.5
204,500.5
3675,500.5
1200,500.5
2054,500.5
1482,500.5
6138,500.5
1869,500.5
973,500.5
909,500.5
1211,500.5
2683,500.5
3585,500.5
16179,500.5
13528,500.5
5650,500.5
380,500.5
4800,500.5
3133,500.5
500,500.5
3532,500.5
49034,500.5
400,500.5
3088,500.5
1741,500.5
1754,500.5
950,500.5
1050,500.5
300,500.5
801,500.5
2088,500.5
3981,500.5
3303,500.5
563,500.5
5597,500.5
667,500.5
569,500.5
305,500.5
1017,500.5
3986,500.5
296,500.5
3655,500.5
3191,500.5
3711,500.5
25401,500.5
1532,500.5
2306,500.5
486,500.5
1126,500.5
591,500.5
883,500.5
14520,500.5
3148,500.5
2027,500.5
893,500.5
2108,500.5
170,500.5
2542,500.5
2600,500.5
9094,500.5
3219,500.5
2604,500.5
1333,500.5
3189,500.5
252,500.5
10080,500.5
354,500.5
4695,500.5
5078,500.5
16560,500.5
4266,500.5
2430,500.5
1039,500.5
201,500.5
1801,500.5
404,500.5
481,500.5
7060,500.5
10942,500.5
2014,500.5
349,10306.5
702,10306.5
8227,10306.5
5757,10306.5
1278,10306.5
2400,10306.5
1694,10306.5
1362,10306.5
7091,10306.5
22920,10306.5
564,10306.5
3503,10306.5
1817,10306.5
16788,10306.5
1853,10306.5
560,10306.5
28855,10306.5
34085,10306.5
2064,10306.5
2333,10306.5
6416,10306.5
334,10306.5
7505,10306.5
5841,10306.5
776,10306.5
22500,10306.5
736,10306.5
778,10306.5
33028,10306.5
1584,10306.5
1823,10306.5
190,10306.5
9409,10306.5
3287,10306.5
742,10306.5
5482,10306.5
7816,10306.5
1249,10306.5
1434,10306.5
871,10306.5
1251,10306.5
7263,10306.5
148,10306.5
1210,10306.5
220,10306.5
1035,10306.5
812,10306.5
5732,10306.5
1223,10306.5
601,10306.5
7824,10306.5
8740,10306.5
4945,10306.5
762,10306.5
3800,10306.5
597,10306.5
3214,10306.5
1440,10306.5
2185,10306.5
1001,10306.5
27000,10306.5
2112,10306.5
8549,10306.5
4551,10306.5
1661,10306.5
1586,10306.5
311,10306.5
498,10306.5
2994,10306.5
780,10306.5
5196,10306.5
374,10306.5
2890,10306.5
2672,10306.5
2988,10306.5
7762,10306.5
686,10306.5
2532,10306.5
241,10306.5
11719,10306.5
3638,10306.5
2038,10306.5
566,10306.5
3434,10306.5
5876,10306.5
1775,10306.5
2299,10306.5
129,10306.5
80,10306.5
7459,10306.5
16357,10306.5
4630,10306.5
329,10306.5
1121,10306.5
1404,10306.5
26408,10306.5
2184,10306.5
246,10306.5
3437,10306.5
285,10306.5
646,1933.5
11388,1933.5
5800,1933.5
1607,1933.5
729,1933.5
3677,1933.5
1139,1933.5
43303,1933.5
8470,1933.5
2385,1933.5
899,1933.5
1634,1933.5
1724,1933.5
3368,1933.5
4900,1933.5
2109,1933.5
976,1933.5
2553,1933.5
25054,1933.5
1451,1933.5
534,1933.5
477,1933.5
640,1933.5
701,1933.5
1829,1933.5
1785,1933.5
281,1933.5
239,1933.5
1101,1933.5
399,1933.5
2450,1933.5
976,1933.5
1896,1933.5
594,1933.5
784,1933.5
2565,1933.5
8702,1933.5
117,1933.5
4815,1933.5
752,1933.5
911,1933.5
5333,1933.5
2446,1933.5
540,1933.5
553,1933.5
7443,1933.5
1358,1933.5
252,1933.5
4150,1933.5
2040,1933.5
338,1933.5
2933,1933.5
3877,1933.5
358,1933.5
36046,1933.5
300,1933.5
1238,1933.5
3703,1933.5
1171,1933.5
191,1933.5
774,1933.5
2999,1933.5
2836,1933.5
929,1933.5
2362,1933.5
1262,1933.5
5053,1933.5
8663,1933.5
15039,1933.5
600,1933.5
1644,1933.5
1313,1933.5
1704,1933.5
617,1933.5
19699,1933.5
352,1933.5
2835,1933.5
454,1933.5
436,1933.5
3344,1933.5
32760,1933.5
2521,1933.5
2395,1933.5
544,1933.5
2552,1933.5
943,1933.5
763,1933.5
2078,1933.5
2435,1933.5
176,1933.5
4867,1933.5
2194,1933.5
1708,1933.5
212,1933.5
29399,1933.5
2347,1933.5
1512,1933.5
3853,1933.5
2551,1933.5
3748,1933.5
1538,8193.5
2597,8193.5
9720,8193.5
2741,8193.5
471,8193.5
13919,8193.5
140,8193.5
915,8193.5
1694,8193.5
1238,8193.5
4622,8193.5
16921,8193.5
1073,8193.5
17607,8193.5
1916,8193.5
803,8193.5
1248,8193.5
16042,8193.5
4086,8193.5
2738,8193.5
1007,8193.5
3234,8193.5
225,8193.5
1080,8193.5
2952,8193.5
1417,8193.5
494,8193.5
3193,8193.5
391,8193.5
395,8193.5
2533,8193.5
5532,8193.5
211,8193.5
2019,8193.5
903,8193.5
2459,8193.5
3132,8193.5
392,8193.5
54620,8193.5
328,8193.5
2496,8193.5
665,8193.5
14938,8193.5
448,8193.5
2971,8193.5
1213,8193.5
1158,8193.5
89,8193.5
941,8193.5
4301,8193.5
827,8193.5
2974,8193.5
764,8193.5
1244,8193.5
2387,8193.5
5727,8193.5
1786,8193.5
705,8193.5
3322,8193.5
1393,8193.5
145,8193.5
3566,8193.5
817,8193.5
2326,8193.5
3612,8193.5
2791,8193.5
4504,8193.5
6063,8193.5
11490,8193.5
4054,8193.5
2684,8193.5
140,8193.5
470,8193.5
683,8193.5
789,8193.5
406,8193.5
440,8193.5
3646,8193.5
4723,8193.5
1265,8193.5
4955,8193.5
1246,8193.5
528,8193.5
2566,8193.5
3201,8193.5
1061,8193.5
13752,8193.5
687,8193.5
417,8193.5
249,8193.5
26,8193.5
1076,8193.5
2445,8193.5
344,8193.5
4158,8193.5
4947,8193.5
442,8193.5
992,8193.5
676,8193.5
2391,8193.5
114,4527.5
1984,4527.5
3372,4527.5
893,4527.5
286,4527.5
720,4527.5
3500,4527.5
7490,4527.5
605,4527.5
499,4527.5
2508,4527.5
2856,4527.5
483,4527.5
3006,4527.5
6765,4527.5
3546,4527.5
1167,4527.5
1727,4527.5
1939,4527.5
906,4527.5
1514,4527.5
3762,4527.5
8046,4527.5
562,4527.5
21014,4527.5
281,4527.5
500,4527.5
136,4527.5
1186,4527.5
937,4527.5
691,4527.5
10398,4527.5
6844,4527.5
4416,4527.5
440,4527.5
570,4527.5
3431,4527.5
3348,4527.5
15165,4527.5
450,4527.5
408,4527.5
1579,4527.5
237,4527.5
387,4527.5
668,4527.5
5103,4527.5
1293,4527.5
7575,4527.5
1049,4527.5
2941,4527.5
10200,4527.5
8111,4527.5
2002,4527.5
2520,4527.5
580,4527.5
1686,4527.5
2310,4527.5
6821,4527.5
410,4527.5
3995,4527.5
1525,4527.5
1383,4527.5
5533,4527.5
503,4527.5
25217,4527.5
5639,4527.5
2244,4527.5
631,4527.5
1028,4527.5
2933,4527.5
2540,4527.5
5864,4527.5
5242,4527.5
2640,4527.5
601,4527.5
2321,4527.5
5432,4527.5
183,4527.5
2360,4527.5
1557,4527.5
619,4527.5
2082,4527.5
11045,4527.5
4019,4527.5
1464,4527.5
246,4527.5
198,4527.5
247,4527.5
341,4527.5
1668,4527.5
700,4527.5
8716,4527.5
667,4527.5
2515,4527.5
8706,4527.5
12551,4527.5
338,4527.5
3630,4527.5
2639,4527.5
997,4527.5
1482,744.25
7575,744.25
477,744.25
4695,744.25
136,744.25
4622,744.25
2064,744.25
2552,744.25
285,744.25
5732,744.25
471,744.25
2002,744.25
1073,744.25
1126,744.25
2040,744.25
241,744.25
4723,744.25
1238,744.25
2521,744.25
1817,744.25
1464,744.25
8716,744.25
470,744.25
170,744.25
1001,744.25
4416,744.25
329,744.25
943,744.25
25401,744.25
198,744.25
54620,744.25
498,744.25
1211,744.25
22500,744.25
2496,744.25
417,744.25
903,744.25
3877,744.25
2244,744.25
486,744.25
3566,744.25
3431,744.25
4086,744.25
2540,744.25
1265,744.25
16179,744.25
503,744.25
803,744.25
2639,744.25
220,744.25
2553,744.25
7762,744.25
5597,744.25
5533,744.25
117,744.25
640,744.25
5333,744.25
374,744.25
387,744.25
3503,744.25
3132,744.25
190,744.25
1393,744.25
1049,744.25
776,744.25
1823,744.25
4164,744.25
2310,744.25
191,744.25
770,744.25
601,744.25
2508,744.25
3219,744.25
9094,744.25
338,744.25
354,744.25
5482,744.25
1584,744.25
5532,744.25
140,744.25
406,744.25
1061,744.25
4955,744.25
201,744.25
526,744.25
667,744.25
2738,744.25
1007,744.25
239,744.25
729,744.25
442,744.25
1186,744.25
1139,744.25
3148,744.25
7490,744.25
992,744.25
12551,744.25
49034,744.25
973,744.25
1512,792.5
448,792.5
436,792.5
1171,792.5
3748,792.5
762,792.5
281,792.5
1134,792.5
3500,792.5
3703,792.5
5103,792.5
534,792.5
1984,792.5
1293,792.5
36046,792.5
1916,792.5
1158,792.5
237,792.5
3434,792.5
3762,792.5
8111,792.5
13130,792.5
2019,792.5
691,792.5
19699,792.5
247,792.5
6765,792.5
2604,792.5
2445,792.5
1050,792.5
812,792.5
1694,792.5
4551,792.5
338,792.5
281,792.5
344,792.5
1668,792.5
4947,792.5
2994,792.5
13919,792.5
1249,792.5
5757,792.5
1694,792.5
22920,792.5
296,792.5
358,792.5
2640,792.5
148,792.5
686,792.5
11719,792.5
5727,792.5
2683,792.5
915,792.5
204,792.5
553,792.5
1939,792.5
2395,792.5
27000,792.5
440,792.5
736,792.5
1727,792.5
1579,792.5
2551,792.5
2082,792.5
483,792.5
2532,792.5
3677,792.5
5053,792.5
997,792.5
2027,792.5
176,792.5
2109,792.5
499,792.5
1538,792.5
1251,792.5
10942,792.5
2450,792.5
3303,792.5
1785,792.5
43303,792.5
1039,792.5
1661,792.5
211,792.5
1607,792.5
395,792.5
2112,792.5
883,792.5
1396,792.5
11045,792.5
1080,792.5
4150,792.5
563,792.5
7816,792.5
7443,792.5
246,792.5
569,792.5
1440,792.5
3546,792.5
617,792.5
2321,792.5
1853,1430.5
778,1430.5
4019,1430.5
5650,1430.5
1896,1430.5
3437,1430.5
1586,1430.5
391,1430.5
2185,1430.5
17607,1430.5
2856,1430.5
11388,1430.5
2974,1430.5
4266,1430.5
454,1430.5
619,1430.5
3193,1430.5
2672,1430.5
481,1430.5
2014,1430.5
2459,1430.5
665,1430.5
7263,1430.5
5639,1430.5
774,1430.5
668,1430.5
252,1430.5
1246,1430.5
145,1430.5
8702,1430.5
11490,1430.5
4301,1430.5
5876,1430.5
705,1430.5
10398,1430.5
3368,1430.5
1200,1430.5
929,1430.5
10222,1430.5
789,1430.5
7091,1430.5
1514,1430.5
3585,1430.5
3675,1430.5
2890,1430.5
909,1430.5
2108,1430.5
1278,1430.5
494,1430.5
1775,1430.5
25054,1430.5
1213,1430.5
1223,1430.5
13752,1430.5
2054,1430.5
3189,1430.5
1434,1430.5
3006,1430.5
1708,1430.5
293,1430.5
2430,1430.5
16560,1430.5
3214,1430.5
817,1430.5
560,1430.5
3234,1430.5
7060,1430.5
2326,1430.5
7459,1430.5
500,1430.5
2988,1430.5
683,1430.5
2038,1430.5
3800,1430.5
252,1430.5
1313,1430.5
8227,1430.5
544,1430.5
6416,1430.5
2565,1430.5
1869,1430.5
16042,1430.5
8549,1430.5
1244,1430.5
700,1430.5
2333,1430.5
1358,1430.5
3133,1430.5
827,1430.5
5196,1430.5
352,1430.5
14520,1430.5
1028,1430.5
5432,1430.5
15039,1430.5
976,1430.5
1076,1430.5
34085,1430.5
566,1430.5
4630,1430.5
1417,1698.25
4867,1698.25
600,1698.25
763,1698.25
10080,1698.25
3986,1698.25
2533,1698.25
2741,1698.25
2306,1698.25
580,1698.25
1525,1698.25
702,1698.25
328,1698.25
400,1698.25
26,1698.25
2184,1698.25
5800,1698.25
311,1698.25
1829,1698.25
3532,1698.25
1262,1698.25
183,1698.25
1017,1698.25
4945,1698.25
899,1698.25
2542,1698.25
4504,1698.25
7505,1698.25
286,1698.25
1557,1698.25
676,1698.25
3711,1698.25
8470,1698.25
5864,1698.25
1724,1698.25
5400,1698.25
404,1698.25
3322,1698.25
941,1698.25
1167,1698.25
305,1698.25
1404,1698.25
1333,1698.25
3655,1698.25
129,1698.25
1210,1698.25
591,1698.25
1121,1698.25
4800,1698.25
300,1698.25
2684,1698.25
893,1698.25
450,1698.25
2194,1698.25
2435,1698.25
1644,1698.25
2446,1698.25
8706,1698.25
3348,1698.25
950,1698.25
1817,1698.25
410,1698.25
21014,1698.25
911,1698.25
2971,1698.25
3981,1698.25
2597,1698.25
2078,1698.25
6068,1698.25
246,1698.25
8046,1698.25
9720,1698.25
1248,1698.25
28855,1698.25
2360,1698.25
9409,1698.25
3344,1698.25
3238,1698.25
1532,1698.25
25217,1698.25
976,1698.25
341,1698.25
631,1698.25
3630,1698.25
300,1698.25
114,1698.25
2566,1698.25
225,1698.25
80,1698.25
2362,1698.25
2941,1698.25
1704,1698.25
720,1698.25
26408,1698.25
15165,1698.25
564,1698.25
29399,1698.25
2347,1698.25
1383,1698.25
2387,1698.25
3287,921.1015625
871,921.1015625
801,921.1015625
500,921.1015625
937,921.1015625
3201,921.1015625
906,921.1015625
1801,921.1015625
2835,921.1015625
6138,921.1015625
1741,921.1015625
2088,921.1015625
2391,921.1015625
1035,921.1015625
2400,921.1015625
2600,921.1015625
646,921.1015625
764,921.1015625
597,921.1015625
1686,921.1015625
893,921.1015625
2933,921.1015625
784,921.1015625
6844,921.1015625
380,921.1015625
13528,921.1015625
33028,921.1015625
440,921.1015625
667,921.1015625
1788,921.1015625
3612,921.1015625
1362,921.1015625
16357,921.1015625
6063,921.1015625
1451,921.1015625
780,921.1015625
392,921.1015625
3995,921.1015625
14938,921.1015625
579,921.1015625
4158,921.1015625
2791,921.1015625
570,921.1015625
140,921.1015625
752,921.1015625
2933,921.1015625
2836,921.1015625
2385,921.1015625
32760,921.1015625
3853,921.1015625
8740,921.1015625
5078,921.1015625
5841,921.1015625
3646,921.1015625
701,921.1015625
3638,921.1015625
1101,921.1015625
9296,921.1015625
349,921.1015625
2952,921.1015625
540,921.1015625
8663,921.1015625
2299,921.1015625
5242,921.1015625
594,921.1015625
1786,921.1015625
605,921.1015625
25482,921.1015625
4054,921.1015625
399,921.1015625
408,921.1015625
528,921.1015625
7824,921.1015625
584,921.1015625
249,921.1015625
1634,921.1015625
687,921.1015625
6821,921.1015625
1238,921.1015625
212,921.1015625
3191,921.1015625
3372,921.1015625
562,921.1015625
1930,921.1015625
4112,921.1015625
2999,921.1015625
1243,921.1015625
89,921.1015625
1754,921.1015625
16788,921.1015625
601,921.1015625
3088,921.1015625
16921,921.1015625
742,921.1015625
4900,921.1015625
4815,921.1015625
10200,921.1015625
334,921.1015625
2520,921.1015625
2515,921.1015625
