395,537
374,773
3148,1579
190,443
11719,5294
1028,1298
7490,7375
237,544
2971,2991
1916,1540
1249,1158
16042,7328
8227,4158
7824,5018
3566,2887
7263,5561
212,350
1238,969
687,542
2321,2512
1278,1535
7060,4584
440,348
1984,1831
1930,1850
729,1369
2446,2472
10200,3863
2999,1939
929,1536
5732,3468
4504,2628
817,1136
4150,1723
4164,1909
500,526
6138,2689
1121,1966
448,560
14520,7496
4158,2111
3800,2472
640,1441
1167,1158
2836,1566
54620,29273
1262,1062
903,1080
2540,4477
780,2284
3500,2158
5242,3638
2387,2964
950,698
3133,1300
1061,1961
4622,4446
1134,1453
3437,2845
15165,6711
5333,4584
3214,1930
352,910
2941,1750
1035,1285
9094,4821
619,1158
498,1540
883,2276
1434,1669
3655,3828
246,427
1158,1532
8702,4203
570,357
1704,2677
2108,2480
1532,1377
526,649
941,2077
1451,1048
7575,19695
26,300
3322,2411
553,442
1741,2784
358,348
3762,1285
601,862
911,559
10222,5916
2112,2472
1017,582
2385,1957
2684,2620
1126,1400
700,1298
191,2005
1644,1877
3877,2039
1525,1427
3006,3126
300,382
676,974
183,290
668,1042
705,700
32760,24148
1293,1059
281,1328
2683,1889
1265,2012
2933,1862
1607,3058
176,460
784,554
2835,3139
540,1187
3612,1576
3431,2293
380,2656
3193,3200
3646,1904
5639,4536
720,913
631,1788
2552,2711
2326,1742
5196,2709
28855,19709
25217,10839
736,2193
16921,14396
1788,1325
2109,1944
1661,1819
129,355
17607,8056
16788,8069
646,446
1007,2624
481,429
406,621
7505,2619
5053,2217
1171,779
7762,3770
2002,2793
566,1161
2019,1644
252,539
742,741
25401,11265
943,773
8549,4466
1514,1051
281,1215
4112,2065
665,973
2988,2675
1785,1239
3630,2967
2994,2581
239,1903
286,498
871,387
22920,8278
5432,3591
247,720
4723,3587
584,943
2597,2162
893,1149
34085,15120
499,799
440,1882
13130,6107
683,786
1101,1342
338,2656
5400,4849
8470,4017
5532,2278
114,1099
408,993
1211,1652
6068,4701
801,312
334,495
774,417
4800,3168
500,364
976,1159
3372,5377
973,535
2496,4847
2400,13495
486,527
564,1005
5533,6292
2532,2351
580,2928
3238,1342
2054,3057
220,487
1464,702
893,626
770,418
6821,6173
225,284
354,1002
2038,1451
1186,1192
1039,1274
1829,4692
2027,3435
410,598
2450,1917
252,322
8663,4017
2347,4875
349,700
6844,3984
2553,4059
5103,3280
2082,1400
803,702
1139,1051
201,487
400,520
1786,1231
528,1803
2856,3087
2672,1168
2362,1374
605,1408
3191,1813
4086,2242
246,416
2515,5359
2333,1158
450,501
2974,3928
436,720
2185,1344
3503,4298
1200,3023
1817,1547
1333,1319
3711,4150
117,808
1243,1232
5841,3568
5597,3618
43303,20861
3532,2562
19699,8955
2566,1360
3995,5753
2435,2013
1073,2944
1210,4569
27000,18888
1584,2997
1853,3106
5800,3283
3434,1901
3585,4990
2395,1002
13528,8592
2600,1766
1076,2071
300,484
140,454
1049,2080
26408,16886
1634,2039
145,1160
2459,1336
16560,8276
1417,2116
1775,1220
305,322
1248,2330
7443,6416
2520,1941
249,585
387,1074
1396,1936
7091,2951
296,3290
3348,5481
812,1208
8046,4218
8740,5187
1869,3496
976,893
80,518
6416,5669
4416,2690
2310,1033
8716,4808
10942,7023
136,297
417,429
569,934
534,1217
5727,3168
16357,8290
686,1670
752,2070
21014,15307
778,1347
392,677
3189,3203
2551,1834
563,1329
4945,5716
1896,2612
2064,2909
1754,1006
3287,1891
3853,5159
2391,884
3219,1469
1313,1622
2521,4255
2360,1326
1244,480
4301,1959
1223,3116
3677,4640
211,3028
591,1256
1393,850
140,1025
148,404
667,1338
311,341
1080,1589
503,827
399,489
3675,4198
1724,1706
997,1777
9720,6397
597,1359
49034,27352
14938,7045
198,533
3546,1016
3201,1498
25482,17313
1238,1359
470,438
2306,1747
1823,2143
2299,2516
701,427
909,611
2604,1427
600,1803
3303,4457
1686,1795
4054,1824
562,659
477,511
937,1905
544,601
764,1231
5482,3765
601,550
3088,3314
1001,598
170,1198
293,473
1694,2669
4019,5445
5864,3603
4695,2503
4947,3857
9409,5513
827,1709
560,666
2933,1925
1404,2475
454,585
763,1280
2890,2995
25054,13706
13919,8529
328,618
2244,771
2791,3553
2430,1882
1694,766
1668,1470
241,395
2445,2362
344,855
2565,1176
3748,3376
2184,1423
3368,1966
579,736
11388,6167
29399,20543
285,1388
4630,2368
391,622
494,366
12551,6101
2508,819
4266,13285
6765,5103
1557,1767
4867,4134
7459,2710
4900,3246
11045,4771
13752,8118
776,758
3638,3690
1482,1889
1538,3563
1801,2740
1383,1405
2741,850
594,1399
2014,581
471,1129
1727,1495
1251,1352
341,649
6063,3708
3703,2176
5650,4486
1050,1089
2952,2837
1939,2479
2040,1430
9296,3444
2640,1874
702,482
4551,2470
1358,2359
906,316
404,403
11490,7589
4955,2296
442,1271
1362,1460
992,1749
204,531
5757,3068
789,531
3344,3686
5876,2589
3981,1255
33028,16101
2533,1351
1586,600
5078,1731
691,976
329,771
2194,1819
8706,5536
1440,1574
2078,3292
10080,5560
2088,2409
2639,776
3132,4391
1708,1376
4815,1976
7816,4952
915,2538
762,4707
3234,1145
15039,5883
899,2061
8111,4536
667,1339
617,892
1213,1099
10398,4465
1817,4011
2542,2006
1512,1415
16179,5931
89,376
1579,1210
2738,4612
36046,15789
22500,6657
483,725
3986,2262
338,849
1246,2758
349,885
498,1679
212,391
129,330
2002,3157
2835,2505
2310,1119
1708,1415
2306,1472
3148,994
80,477
691,1688
591,1275
665,680
183,231
380,2274
601,579
3762,2614
499,748
1238,999
4112,2127
2941,1831
300,451
1080,1823
683,514
417,423
1200,2134
600,1280
2566,1036
1293,950
2988,3766
646,539
778,1315
580,3174
883,2461
338,761
2565,1093
6138,2486
540,1250
1211,1524
736,818
2088,2737
25482,18457
4945,5234
2387,3373
5482,3198
503,729
2738,3060
1243,1301
3532,2577
700,1634
2078,3061
701,506
5078,1789
442,1174
6063,3803
3006,1956
9094,4426
1512,1011
1396,2096
190,561
2385,2284
2639,1180
1440,1405
387,1157
2321,3326
8702,3724
471,1634
2600,1988
2890,2715
1417,2243
1186,1244
617,841
1482,1850
281,1671
5597,3822
22500,6940
252,401
4815,1834
3238,1449
5639,4937
601,838
817,1473
2553,3938
1139,1042
1121,1986
400,539
702,646
211,2747
667,1058
2446,3721
4158,2409
4900,1703
1244,720
89,443
893,1478
486,496
16179,8616
22920,8491
1028,905
584,951
328,638
579,667
2326,1916
1869,3151
5841,3775
1210,3312
2400,20653
1249,1263
1724,1372
5400,7230
2445,1719
3748,3466
801,362
528,1113
3981,2545
903,1107
4504,3121
338,2569
241,482
500,402
21014,15119
6765,5391
3612,1311
560,863
1434,1960
311,380
5103,3717
2435,1983
11045,6152
1134,1799
329,362
16921,14614
2952,1831
2994,2362
562,637
399,454
1694,2268
296,2032
5727,3295
406,478
2856,1929
352,1156
5196,2341
5732,3140
2532,2634
4054,2214
687,435
3201,1802
2064,2334
1073,2658
937,2368
5532,2885
2552,2800
2082,1528
570,400
34085,18141
4019,3883
2496,4975
4695,2756
2109,1896
1167,1263
569,1092
198,763
1464,636
1668,1304
7816,8234
5432,3798
1916,1613
117,982
667,1403
374,498
1050,1294
5242,3579
871,446
4723,3668
899,1675
1801,2253
2791,3097
10222,4941
7263,5254
1223,2993
43303,14487
2974,4438
1362,1373
1584,3077
3234,1021
454,562
28855,21445
1823,2078
2515,3659
1001,1273
742,942
2450,1374
148,654
534,1354
7443,6930
2194,2004
803,722
5650,3863
1853,2914
2672,1369
566,774
114,1087
500,474
3546,1748
27000,11499
2604,2239
3566,3002
1607,2116
812,1376
1984,1248
1007,2449
1930,1620
2933,1976
3646,1551
36046,19922
8470,3815
239,1949
676,730
1049,1829
404,455
1076,1289
201,418
13528,8862
140,1328
640,2136
3344,5524
5757,3255
3214,2506
553,523
15165,7605
789,657
4164,1791
1514,1078
136,287
997,1406
1313,1692
8227,4920
3995,5010
8716,4044
1333,1779
33028,20902
176,460
8740,5655
763,1226
3372,4394
597,1007
16357,6672
3191,1816
1126,1447
4955,3651
17607,8298
9409,6191
14520,5083
1451,1019
3503,2557
2244,732
2542,2028
440,395
564,882
2999,2796
10200,3657
470,411
764,969
976,1007
1213,1638
2038,1490
483,578
915,1639
1634,1480
10080,5696
976,1286
1251,1487
5053,1928
526,622
391,743
720,775
7505,4747
54620,28330
246,547
13130,6990
249,546
780,2160
2391,1212
893,670
1404,2204
1896,2407
2362,1495
8549,3780
3585,3589
3431,2833
3437,2724
145,1328
140,370
4622,4173
1644,2000
1278,1348
2108,2324
594,988
1393,971
1786,607
1383,1461
8663,4017
25054,11893
729,1307
204,484
237,523
29399,22361
1661,1306
8706,6763
281,1131
8046,4521
1686,1960
1939,1793
11719,5294
247,578
2112,2789
752,1028
4947,3714
300,394
477,487
1061,2105
3703,2139
943,1111
5533,4099
2683,1712
1101,1116
1586,518
1246,2409
1265,1097
4800,3032
774,417
2836,2137
2551,1990
1788,3438
1775,1163
4867,4383
4630,2915
4150,1532
3348,3942
1158,1434
2640,1656
3088,3913
1017,1040
2014,861
1754,895
408,638
3877,1919
285,1609
1829,2282
9720,6142
1785,819
2027,3067
3303,4675
2333,1587
3638,4087
354,1082
2185,1530
3193,2522
2360,766
6416,5002
8111,4470
7762,3660
7575,7317
25217,13169
906,458
2040,1050
2184,1446
1171,812
448,472
3219,2141
440,1702
4301,1591
7824,3390
3287,1361
191,3230
2508,1062
3133,930
544,436
1262,687
4266,5749
3434,2416
1358,2297
7459,3093
2597,5119
26,240
1238,3558
1704,3337
3322,1581
436,705
3986,3594
5333,3733
1525,1061
1035,1182
25401,10476
4551,2489
619,1333
973,1298
11490,6010
1741,2962
341,809
2395,1134
2347,3977
494,555
941,1740
2520,1769
26408,19889
450,476
686,1385
2540,5313
3711,4341
32760,18732
286,324
13752,7940
631,1393
246,312
3675,5982
358,422
605,1309
3655,3961
392,963
5864,3838
9296,4932
4086,2282
992,1609
395,539
4416,3101
827,1445
1248,2665
668,780
6821,4166
2971,2606
563,1119
293,591
776,767
1538,3387
12551,5016
334,408
16560,5640
1039,1379
7091,2729
929,1168
7490,6741
5876,3187
2933,1619
950,959
410,560
3677,5753
3630,1972
481,392
220,489
19699,10130
3189,4326
16788,5150
1817,4066
3132,4515
344,844
13919,6715
770,596
909,515
2430,2071
911,515
7060,3859
10942,7035
252,513
1817,1608
2521,4626
10398,2914
1694,935
170,789
1579,1044
14938,7089
2684,2873
762,5705
1727,1327
2741,1003
2299,3408
3368,2288
15039,4675
225,245
5800,3168
2533,1306
2019,1975
49034,24235
1532,2322
305,469
784,397
3853,4129
2459,912
11388,6167
6068,4272
2054,2370
16042,4764
705,787
6844,4157
1557,1860
3800,2731
3500,2566
3877,2465
2988,3376
380,2331
4551,3179
2002,3289
2604,2438
2533,1451
705,583
246,749
3566,2766
1896,2401
477,553
49034,25844
1383,1345
1121,1673
28855,24312
27000,18789
4416,2310
1538,3604
328,701
4955,3067
329,657
1801,3240
2741,1003
700,1123
1557,1798
311,388
3348,4947
1101,1764
3201,2492
454,517
7443,6484
170,1254
13919,8723
691,1355
1440,1653
2064,2909
1482,1524
2435,2013
148,414
5757,3515
503,822
281,1612
7263,5541
1525,1450
442,1540
436,961
640,2506
5400,5775
1223,3275
619,1259
440,1866
780,2186
16560,8290
801,424
4723,3529
2553,4423
1158,1804
2835,3097
3748,3547
2078,3326
5482,2737
374,525
5597,4489
1775,1575
395,535
114,1333
1246,2588
300,475
16921,17630
601,579
5876,3246
2391,858
4164,1920
12551,8178
1817,1470
701,263
145,1540
3322,2272
25401,11265
4086,2426
6416,3483
1661,2013
1634,2039
8702,3292
1293,1244
417,493
2542,1641
25054,12713
601,892
2532,2341
3986,3047
687,545
344,1025
2014,688
140,1342
1984,1660
400,534
1238,811
1238,1273
5053,1705
220,579
15039,5592
1607,3651
2971,3144
2088,2505
2445,2385
3193,3581
3655,4398
5432,2811
17607,10515
249,611
883,1898
3677,4721
594,1383
3995,5310
1167,1331
239,3252
440,490
1333,1852
778,1184
4945,5300
2974,4388
1532,1875
943,579
21014,17403
605,795
591,1724
937,2302
992,2072
212,436
7575,7936
247,636
1754,975
1393,653
915,1582
198,665
10080,5409
2038,1809
1251,1442
3006,2379
528,2206
1171,834
448,457
1686,2063
5532,2913
929,1221
4019,4956
3189,4057
2508,1002
5196,2696
544,661
7091,3256
358,468
293,505
973,477
1579,1056
646,428
2360,1276
950,1024
9720,6804
729,1573
789,476
597,1273
481,302
1512,1411
1049,2010
899,1977
1080,1946
3853,4935
8111,3992
201,618
774,566
752,1848
1916,2216
6765,4923
3500,2548
1139,958
2597,2101
2299,4351
8046,3868
2184,1721
2112,2165
7490,6550
3503,3863
5864,3954
580,3291
204,437
1396,2298
354,1573
7824,3777
43303,21846
500,486
3344,3818
736,1013
2108,2466
976,1222
3088,3277
2362,1500
2321,1972
2551,1947
1050,1367
562,542
1213,1038
25482,19798
2640,1430
483,916
3234,1083
117,989
911,612
8716,3957
286,423
1035,1108
1829,3030
237,549
2600,2092
305,517
404,403
190,489
2565,913
570,464
1451,1068
10222,6429
5533,4750
4150,1369
2430,1499
392,1112
2890,2623
817,1736
5078,2660
3981,2229
387,1284
3630,1903
16042,5935
1741,3377
352,1104
2019,1551
3703,2335
80,473
2400,11747
1788,2248
5333,4096
4301,2234
16788,6321
871,509
617,1331
2446,3601
3646,1969
14938,7239
1007,2445
4266,8283
720,1287
5727,3168
5650,4610
997,1316
16179,7538
13528,8592
1708,1494
676,765
296,2775
2738,4395
2520,1705
4158,4054
2994,2542
1243,1471
2082,1113
338,2569
1265,1898
33028,24317
3800,3601
893,1262
4815,1955
600,1139
391,534
2933,1693
2684,2904
1704,3433
2999,1773
4800,3447
285,1660
2385,1139
8740,5634
2040,1085
8470,3564
9296,3766
534,1592
4947,4210
3148,1238
281,1350
3219,1774
4504,2594
2109,1978
7505,2956
1823,2062
7060,4458
11045,5926
500,517
4630,2219
2941,1266
1073,2713
553,464
2310,1044
16357,7320
22500,5408
191,2951
36046,12467
300,416
5800,3559
2552,4533
26408,12432
8663,3862
2515,5202
252,596
584,1031
3132,4429
3434,2332
25217,12283
1434,2018
1817,3234
827,1261
2496,4953
1464,531
3638,3715
526,510
1028,1510
6063,2896
566,1064
1939,1895
5841,3116
1417,2434
6138,2585
241,596
3532,2419
667,1286
2326,2860
19699,6853
2856,2190
3133,935
5103,2358
1017,839
1785,1249
341,682
8549,3753
334,495
410,536
3287,1591
4112,2046
1694,1294
6844,3170
3612,1481
2683,1742
4867,4029
471,1500
211,2228
498,1679
499,742
1694,1230
2027,3869
2521,3249
909,912
136,315
2395,1095
246,341
8227,4401
686,1179
10398,4650
784,382
399,540
406,566
1786,1390
941,987
34085,15599
10942,6344
3368,2519
1076,1605
2387,3124
4695,2914
5242,2615
225,276
3238,1244
3431,2552
29399,18226
2836,1826
26,272
812,1002
486,518
4054,2179
1724,1304
976,1033
1869,3366
3303,5825
349,492
11490,5736
1404,2309
15165,4347
1244,472
9409,4734
450,507
89,477
1061,2094
3546,2156
2540,3794
2952,2506
776,378
3437,2616
183,283
1249,964
893,464
3372,4467
3214,2596
1001,507
540,870
770,401
5732,3102
3191,2017
54620,29273
2933,1365
1586,844
762,4044
6068,4226
668,706
7762,3503
1134,1282
5639,5159
1248,2054
564,724
1358,2401
631,1530
11388,6148
494,393
9094,4885
2791,2378
903,992
2054,2401
13752,7973
14520,5813
470,574
140,359
3762,1297
1262,927
2639,1252
10200,4001
560,717
906,496
742,421
7816,6870
8706,5094
32760,24819
1039,989
2333,1417
803,699
4622,3966
7459,3355
1644,1951
667,768
6821,4268
1668,1740
563,1187
4900,6808
1126,1316
1362,1082
1186,1193
579,642
2347,5001
569,710
2459,1212
1930,2066
763,1143
2244,716
1584,3061
2672,1268
1727,756
2450,1884
665,623
1278,1869
683,563
1200,6887
702,493
2185,1209
252,336
2566,1511
129,330
3675,5778
176,497
1853,2583
22920,9474
3711,3632
11719,5612
1210,5105
1313,2097
408,535
1514,1103
1211,1520
13130,8747
3585,3589
2194,1356
2306,1740
338,531
764,964
10222,6187
584,1016
9296,3286
1930,2233
1396,1885
293,599
3238,1389
4164,1630
770,389
4112,2075
25482,18954
5400,5317
1817,1848
1134,1620
1788,2092
1243,1126
13130,4784
6068,2632
579,658
526,676
204,456
3675,4982
1200,2910
2054,2370
1482,1631
6138,2328
1869,3001
973,634
909,518
1211,1356
2683,1639
3585,5625
16179,7869
13528,6148
5650,4746
380,2506
4800,3650
3133,1179
500,472
3532,2011
49034,26354
400,528
3088,3386
1741,3820
1754,928
950,591
1050,1202
300,423
801,403
2088,1938
3981,2652
3303,6086
563,1023
5597,3618
667,1389
569,947
305,293
1017,691
3986,3105
296,2849
3655,4234
3191,1816
3711,4060
25401,10232
1532,2696
2306,1343
486,518
1126,1276
591,1006
883,1960
14520,2463
3148,956
2027,4006
893,603
2108,3370
170,789
2542,983
2600,1972
9094,4403
3219,1697
2604,1860
1333,1401
3189,3288
252,276
10080,5328
354,1467
4695,2784
5078,1867
16560,5626
4266,8409
2430,1855
1039,1274
201,356
1801,3194
404,516
481,318
7060,2220
10942,6595
2014,737
349,539
702,945
8227,3551
5757,3350
1278,1749
2400,8757
1694,1101
1362,1554
7091,1724
22920,9203
564,993
3503,3520
1817,3120
16788,7521
1853,2476
560,976
28855,23242
34085,18147
2064,2483
2333,1560
6416,6095
334,455
7505,4038
5841,4178
776,889
22500,7089
736,2020
778,1192
33028,22559
1584,3049
1823,2462
190,498
9409,4576
3287,1090
742,896
5482,2985
7816,5321
1249,1037
1434,2587
871,543
1251,1577
7263,5178
148,482
1210,2566
220,387
1035,1408
812,1224
5732,2508
1223,3565
601,802
7824,3812
8740,5465
4945,5234
762,3943
3800,2680
597,1037
3214,2037
1440,1296
2185,1226
1001,1005
27000,20259
2112,2369
8549,3030
4551,3039
1661,1965
1586,949
311,355
498,1692
2994,2644
780,1822
5196,3188
374,492
2890,2476
2672,1787
2988,2978
7762,4123
686,1463
2532,2525
241,516
11719,5674
3638,4924
2038,1988
566,1099
3434,2634
5876,2760
1775,1364
2299,3072
129,338
80,486
7459,2530
16357,8895
4630,2362
329,485
1121,1770
1404,2455
26408,12997
2184,1634
246,589
3437,1799
285,1859
646,453
11388,6126
5800,3530
1607,3626
729,1576
3677,4963
1139,1132
43303,19052
8470,4495
2385,2267
899,1957
1634,1480
1724,1598
3368,2519
4900,3053
2109,1236
976,1094
2553,4423
25054,11978
1451,1182
534,1308
477,465
640,2888
701,394
1829,5061
1785,984
281,1337
239,2825
1101,1622
399,456
2450,1602
976,1033
1896,2566
594,1344
784,583
2565,934
8702,3374
117,809
4815,2895
752,1863
911,598
5333,4728
2446,2782
540,1148
553,459
7443,6600
1358,2803
252,629
4150,1533
2040,1183
338,2888
2933,2158
3877,2311
358,409
36046,19354
300,416
1238,1033
3703,2172
1171,889
191,2473
774,633
2999,2351
2836,2267
929,1499
2362,1604
1262,707
5053,1566
8663,3183
15039,6536
600,1450
1644,2094
1313,1476
1704,4180
617,892
19699,8955
352,1173
2835,2593
454,573
436,684
3344,3326
32760,22959
2521,4503
2395,1095
544,645
2552,2322
943,734
763,1398
2078,3153
2435,1851
176,667
4867,6334
2194,1819
1708,1222
212,411
29399,22804
2347,4898
1512,1411
3853,5252
2551,1513
3748,3376
1538,4596
2597,1558
9720,5530
2741,948
471,1336
13919,7989
140,349
915,1364
1694,2445
1238,1091
4622,4061
16921,17565
1073,1791
17607,8049
1916,1399
803,688
1248,2375
16042,6120
4086,2352
2738,4221
1007,2615
3234,1516
225,276
1080,1670
2952,2837
1417,2068
494,438
3193,4635
391,587
395,418
2533,1567
5532,3926
211,2360
2019,1772
903,1190
2459,1755
3132,4036
392,716
54620,27656
328,688
2496,4847
665,806
14938,8199
448,573
2971,2663
1213,1504
1158,1794
89,376
941,2247
4301,2380
827,1586
2974,2657
764,990
1244,1045
2387,2705
5727,3439
1786,1202
705,466
3322,2247
1393,532
145,1317
3566,3094
817,1387
2326,1919
3612,1635
2791,2444
4504,3487
6063,3862
11490,6712
4054,2950
2684,2704
140,1317
470,564
683,621
789,523
406,725
440,1446
3646,1690
4723,3531
1265,1594
4955,3980
1246,2876
528,1741
2566,1574
3201,2145
1061,2229
13752,8118
687,542
417,386
249,494
26,284
1076,1334
2445,1889
344,876
4158,2934
4947,4036
442,1317
992,1199
676,723
2391,1365
114,872
1984,1537
3372,4184
893,1078
286,365
720,866
3500,2299
7490,5105
605,708
499,894
2508,931
2856,2278
483,783
3006,2146
6765,3590
3546,1741
1167,1329
1727,455
1939,1970
906,550
1514,1002
3762,2195
8046,5423
562,493
21014,18751
281,1055
500,535
136,310
1186,1824
937,1921
691,1689
10398,5292
6844,3335
4416,2716
440,410
570,451
3431,2878
3348,3499
15165,7081
450,524
408,647
1579,1306
237,634
387,710
668,552
5103,3585
1293,745
7575,8437
1049,2110
2941,1715
10200,3343
8111,4213
2002,2795
2520,2587
580,2713
1686,1587
2310,1141
6821,4166
410,584
3995,4881
1525,1231
1383,1800
5533,5309
503,764
25217,12976
5639,5133
2244,976
631,1461
1028,1340
2933,1941
2540,6288
5864,2822
5242,2937
2640,1561
601,930
2321,2771
5432,3712
183,276
2360,1122
1557,740
619,1231
2082,1543
11045,5173
4019,5234
1464,515
246,298
198,508
247,565
341,571
1668,1165
700,1436
8716,3791
667,1023
2515,3608
8706,4639
12551,7737
338,650
3630,2182
2639,691
997,1224
1482,1692
7575,17860
477,408
4695,3016
136,282
4622,4331
2064,2524
2552,6017
285,1126
5732,2749
471,1427
2002,3319
1073,1921
1126,1316
2040,1123
241,442
4723,4032
1238,1389
2521,3998
1817,1690
1464,765
8716,4698
470,479
170,1004
1001,550
4416,4002
329,687
943,433
25401,7185
198,566
54620,26329
498,1779
1211,1435
22500,10590
2496,4619
417,365
903,947
3877,2545
2244,693
486,634
3566,3034
3431,2524
4086,2244
2540,5112
1265,1382
16179,9284
503,671
803,699
2639,809
220,532
2553,3870
7762,3695
5597,3802
5533,4475
117,563
640,2584
5333,6331
374,665
387,805
3503,3301
3132,4391
190,496
1393,590
1049,1710
776,492
1823,1913
4164,1996
2310,1155
191,2229
770,380
601,584
2508,848
3219,1852
9094,4621
338,841
354,1564
5482,3470
1584,2989
5532,3005
140,360
406,563
1061,1618
4955,3980
201,466
526,669
667,1180
2738,3757
1007,2753
239,1859
729,1470
442,947
1186,868
1139,974
3148,1507
7490,6176
992,1799
12551,6884
49034,25183
973,565
1512,1386
448,782
436,910
1171,1098
3748,3178
762,3246
281,1691
1134,1211
3500,2131
3703,2060
5103,3486
534,1177
1984,1726
1293,1389
36046,21996
1916,1533
1158,1423
237,675
3434,2540
3762,2682
8111,3763
13130,5906
2019,1994
691,1305
19699,11764
247,600
6765,4520
2604,2530
2445,2248
1050,1210
812,1382
1694,935
4551,3090
338,2518
281,1423
344,941
1668,1945
4947,4253
2994,2781
13919,8183
1249,902
5757,3350
1694,1722
22920,8396
296,2356
358,473
2640,1772
148,391
686,1550
11719,4010
5727,3047
2683,1811
915,2527
204,572
553,495
1939,2443
2395,1202
27000,15510
440,1933
736,918
1727,1199
1579,1083
2551,1373
2082,1495
483,768
2532,2454
3677,4098
5053,1794
997,1671
2027,3619
176,463
2109,1202
499,766
1538,4041
1251,1803
10942,7812
2450,1686
3303,3747
1785,1058
43303,19514
1039,1335
1661,1998
211,2943
1607,3116
395,782
2112,2942
883,2496
1396,2301
11045,5250
1080,1811
4150,1803
563,1139
7816,5041
7443,6408
246,688
569,941
1440,1275
3546,1002
617,1100
2321,3277
1853,2983
778,1340
4019,5030
5650,4050
1896,2637
3437,2177
1586,912
391,400
2185,1471
17607,9638
2856,2795
11388,5775
2974,4197
4266,11834
454,577
619,1043
3193,3545
2672,1347
481,326
2014,633
2459,1341
665,667
7263,3441
5639,4937
774,585
668,596
252,614
1246,1702
145,839
8702,3619
11490,6474
4301,2144
5876,3246
705,775
10398,3284
3368,2069
1200,2033
929,1496
10222,5142
789,476
7091,3429
1514,1087
3585,2887
3675,5569
2890,2983
909,556
2108,2240
1278,1323
494,409
1775,1468
25054,12371
1213,1449
1223,3577
13752,7892
2054,3088
3189,3755
1434,2150
3006,1701
1708,1489
293,603
2430,1704
16560,5282
3214,1525
817,1612
560,880
3234,1557
7060,4386
2326,2457
7459,3224
500,486
2988,3034
683,701
2038,1728
3800,2107
252,363
1313,1728
8227,5004
544,441
6416,5318
2565,1176
1869,2921
16042,6744
8549,3100
1244,522
700,1371
2333,1469
1358,2941
3133,1230
827,1637
5196,2628
352,1294
14520,5650
1028,1125
5432,3558
15039,4934
976,1252
1076,2181
34085,21006
566,1015
4630,2357
1417,2377
4867,4946
600,1207
763,945
10080,4862
3986,4578
2533,1170
2741,911
2306,1591
580,3195
1525,1150
702,531
328,598
400,501
26,284
2184,1224
5800,2684
311,483
1829,3588
3532,1724
1262,910
183,404
1017,1053
4945,5234
899,1758
2542,1437
4504,2253
7505,2648
286,564
1557,1508
676,983
3711,4588
8470,3962
5864,2282
1724,1452
5400,2479
404,556
3322,2272
941,990
1167,1284
305,440
1404,2094
1333,1284
3655,1837
129,365
1210,3746
591,850
1121,1761
4800,2913
300,598
2684,2783
893,894
450,470
2194,1468
2435,1495
1644,2005
2446,2880
8706,5776
3348,3298
950,845
1817,4281
410,578
21014,15848
911,586
2971,3032
3981,4628
2597,2719
2078,3026
6068,6212
246,329
8046,5728
9720,7357
1248,2763
28855,21308
2360,1029
9409,4993
3344,6391
3238,1160
1532,2178
25217,14401
976,1295
341,664
631,1373
3630,2206
300,573
114,866
2566,1647
225,353
80,520
2362,1152
2941,1715
1704,2448
720,1099
26408,15934
15165,7081
564,786
29399,23277
2347,4960
1383,1911
2387,3488
3287,1141
871,415
801,337
500,509
937,2276
3201,2128
906,328
1801,2444
2835,2405
6138,2879
1741,3432
2088,2251
2391,1120
1035,1525
2400,16951
2600,2324
646,351
764,1126
597,1336
1686,1587
893,1563
2933,1450
784,510
6844,4296
380,1720
13528,9470
33028,24039
440,364
667,1257
1788,1671
3612,1169
1362,1306
16357,7835
6063,3385
1451,731
780,2813
392,743
3995,5498
14938,6297
579,795
4158,3883
2791,2998
570,442
140,1241
752,2043
2933,1881
2836,1986
2385,1474
32760,19368
3853,6472
8740,5796
5078,2515
5841,4382
3646,1943
701,432
3638,4330
1101,1216
9296,5315
349,449
2952,2324
540,1301
8663,3983
2299,2552
5242,2978
594,882
1786,1431
605,1592
25482,18299
4054,2225
399,457
408,1526
528,2168
7824,3812
584,1212
249,705
1634,2221
687,739
6821,5951
1238,609
212,565
3191,1913
3372,5190
562,543
1930,2163
4112,1932
2999,1216
1243,1546
89,288
1754,1072
16788,7636
601,896
3088,3816
16921,12411
742,768
4900,3730
4815,2593
10200,3481
334,537
2520,2147
2515,3608
