1518,2297.625
1261,2297.625
614,2297.625
1021,2297.625
5170,2297.625
10083,2297.625
3272,2297.625
1772,8154.5
3376,8154.5
12149,8154.5
921,8154.5
1087,8154.5
1807,8154.5
3268,8154.5
5208,2522.0
1273,2522.0
3280,2522.0
98,2522.0
87,2522.0
2274,2522.0
1856,2522.0
112,2522.0
672,1300.0
2134,1300.0
1530,1300.0
14453,1300.0
257,1300.0
452,1300.0
784,1300.0
1464,2820.31034483
7037,2820.31034483
800,2820.31034483
7327,2820.31034483
1806,2820.31034483
326,2820.31034483
441,2820.31034483
8490,2820.31034483
1856,1637.25
257,1637.25
112,1637.25
3272,1637.25
1518,1637.25
7327,1637.25
2274,1637.25
3268,2095.91666667
14453,2095.91666667
98,2095.91666667
5170,2095.91666667
1021,2095.91666667
5208,2095.91666667
8490,2095.91666667
12149,2804.6547619
3280,2804.6547619
452,2804.6547619
326,2804.6547619
1273,2804.6547619
7037,2804.6547619
1772,2804.6547619
1261,2804.6547619
1530,3728.25
614,3728.25
3376,3728.25
87,3728.25
921,3728.25
784,3728.25
1464,3728.25
1806,815.0
672,815.0
1087,815.0
800,815.0
2134,815.0
10083,815.0
441,815.0
1807,815.0
3376,2527.66666667
3280,2527.66666667
1273,2527.66666667
14453,2527.66666667
1807,2527.66666667
7327,2527.66666667
2134,2527.66666667
1856,1301.0
784,1301.0
921,1301.0
614,1301.0
1087,1301.0
1806,1301.0
10083,1301.0
672,2028.0
7037,2028.0
2274,2028.0
326,2028.0
1518,2028.0
5170,2028.0
8490,2028.0
98,2028.0
12149,3147.5
87,3147.5
1021,3147.5
1261,3147.5
3268,3147.5
452,3147.5
257,3147.5
1530,1418.625
441,1418.625
1772,1418.625
3272,1418.625
5208,1418.625
1464,1418.625
112,1418.625
800,1418.625
7037,1320.0
8490,1320.0
12149,1320.0
1807,1320.0
2134,1320.0
1261,1320.0
10083,1320.0
800,1103.6875
441,1103.6875
14453,1103.6875
452,1103.6875
87,1103.6875
1518,1103.6875
2274,1103.6875
5208,1037.875
784,1037.875
257,1037.875
98,1037.875
326,1037.875
3280,1037.875
1772,1037.875
1530,1037.875
3268,2967.75
1856,2967.75
7327,2967.75
1021,2967.75
3272,2967.75
672,2967.75
5170,2967.75
1806,2977.0
921,2977.0
1464,2977.0
112,2977.0
1087,2977.0
1273,2977.0
614,2977.0
3376,2977.0
441,1080.08333333
1273,1080.08333333
1087,1080.08333333
3280,1080.08333333
1807,1080.08333333
1856,1080.08333333
7037,1080.08333333
614,1373.85714286
7327,1373.85714286
3376,1373.85714286
112,1373.85714286
452,1373.85714286
1021,1373.85714286
5208,1373.85714286
672,3155.24137931
1806,3155.24137931
98,3155.24137931
1464,3155.24137931
921,3155.24137931
800,3155.24137931
2134,3155.24137931
10083,3155.24137931
3272,2616.0
8490,2616.0
326,2616.0
2274,2616.0
1518,2616.0
14453,2616.0
12149,2616.0
1261,2371.25
784,2371.25
257,2371.25
1772,2371.25
87,2371.25
5170,2371.25
3268,2371.25
1530,2371.25
