4047,5243.25
1060,5243.25
25910,5243.25
4620,5243.25
845,5243.25
1520,5243.25
963,5243.25
5931,5243.25
1651,5243.25
796,5243.25
11039,5243.25
7105,5243.25
3600,3982.25
10000,3982.25
7871,3982.25
583,3982.25
7451,3982.25
5787,3982.25
4557,3982.25
1755,3982.25
63694,3982.25
13700,3982.25
1233,3982.25
1745,3982.25
11900,1886.78125
5578,1886.78125
1100,1886.78125
7184,1886.78125
37286,1886.78125
14000,1886.78125
5100,1886.78125
8117,1886.78125
18500,1886.78125
3440,1886.78125
3850,1886.78125
2957,1886.78125
9369,1886.78125
6816,1914.375
1981,1914.375
4224,1914.375
4150,1914.375
39479,1914.375
3240,1914.375
9700,1914.375
5279,1914.375
2565,1914.375
2826,1914.375
1798,1914.375
1450,1914.375
21272,2560.0
2330,2560.0
8752,2560.0
9125,2560.0
4456,2560.0
15052,2560.0
4300,2560.0
900,2560.0
8710,2560.0
7320,2560.0
11023,2560.0
6800,2560.0
10447,2560.0
796,7638.58333333
845,7638.58333333
11039,7638.58333333
1745,7638.58333333
2957,7638.58333333
13700,7638.58333333
2565,7638.58333333
5279,7638.58333333
10000,7638.58333333
8752,7638.58333333
8117,7638.58333333
9700,7638.58333333
8710,13045.5
900,13045.5
63694,13045.5
6800,13045.5
4557,13045.5
21272,13045.5
1651,13045.5
7320,13045.5
11900,13045.5
39479,13045.5
4224,13045.5
5931,13045.5
4150,8650.0
6816,8650.0
3850,8650.0
7184,8650.0
4456,8650.0
1520,8650.0
5578,8650.0
2330,8650.0
18500,8650.0
9125,8650.0
3240,8650.0
7105,8650.0
4620,8650.0
3600,13780.5
963,13780.5
5100,13780.5
10447,13780.5
4047,13780.5
583,13780.5
1100,13780.5
15052,13780.5
2826,13780.5
37286,13780.5
14000,13780.5
7871,13780.5
25910,5671.0
4300,5671.0
3440,5671.0
9369,5671.0
5787,5671.0
11023,5671.0
1450,5671.0
7451,5671.0
1233,5671.0
1798,5671.0
1060,5671.0
1755,5671.0
1981,5671.0
2957,4882.5
8117,4882.5
1755,4882.5
4456,4882.5
11900,4882.5
13700,4882.5
4047,4882.5
7184,4882.5
3600,4882.5
4620,4882.5
2565,4882.5
900,4882.5
6800,4372.0
1233,4372.0
583,4372.0
1745,4372.0
6816,4372.0
5578,4372.0
5279,4372.0
1520,4372.0
3440,4372.0
9369,4372.0
1981,4372.0
11023,4372.0
796,20565.0
3240,20565.0
11039,20565.0
2826,20565.0
14000,20565.0
5787,20565.0
10447,20565.0
2330,20565.0
845,20565.0
8752,20565.0
1100,20565.0
7451,20565.0
4557,20565.0
18500,7661.5
7105,7661.5
10000,7661.5
15052,7661.5
4150,7661.5
1651,7661.5
8710,7661.5
25910,7661.5
5100,7661.5
9125,7661.5
21272,7661.5
3850,7661.5
37286,3952.625
4224,3952.625
63694,3952.625
9700,3952.625
4300,3952.625
1798,3952.625
1450,3952.625
963,3952.625
39479,3952.625
7871,3952.625
5931,3952.625
1060,3952.625
7320,3952.625
10000,5358.375
8752,5358.375
845,5358.375
1100,5358.375
1745,5358.375
7105,5358.375
11900,5358.375
5578,5358.375
39479,5358.375
9700,5358.375
963,5358.375
13700,5358.375
4224,1354.0
63694,1354.0
1520,1354.0
2565,1354.0
4300,1354.0
3440,1354.0
1450,1354.0
2330,1354.0
4150,1354.0
3850,1354.0
25910,1354.0
1755,1354.0
21272,8400.0
37286,8400.0
7184,8400.0
6816,8400.0
15052,8400.0
4557,8400.0
14000,8400.0
3240,8400.0
9369,8400.0
5100,8400.0
5787,8400.0
4456,8400.0
11023,8400.0
18500,1300.0
3600,1300.0
7871,1300.0
2826,1300.0
11039,1300.0
6800,1300.0
4047,1300.0
4620,1300.0
8710,1300.0
7320,1300.0
1651,1300.0
10447,1300.0
5279,28989.5
8117,28989.5
2957,28989.5
583,28989.5
9125,28989.5
7451,28989.5
900,28989.5
1060,28989.5
1798,28989.5
1233,28989.5
1981,28989.5
796,28989.5
5931,28989.5
1520,2553.5
7451,2553.5
3240,2553.5
9700,2553.5
15052,2553.5
4300,2553.5
9125,2553.5
18500,2553.5
7871,2553.5
796,2553.5
1450,2553.5
5931,2553.5
6800,2560.0
7105,2560.0
4224,2560.0
10000,2560.0
1745,2560.0
11023,2560.0
8117,2560.0
8752,2560.0
3850,2560.0
1981,2560.0
2330,2560.0
13700,2560.0
3600,8378.28125
7184,8378.28125
6816,8378.28125
4150,8378.28125
39479,8378.28125
2565,8378.28125
9369,8378.28125
10447,8378.28125
7320,8378.28125
5787,8378.28125
5100,8378.28125
4047,8378.28125
4557,8378.28125
25910,2560.0
21272,2560.0
8710,2560.0
2826,2560.0
1798,2560.0
845,2560.0
2957,2560.0
963,2560.0
1755,2560.0
11900,2560.0
4620,2560.0
11039,2560.0
900,9355.0
63694,9355.0
1060,9355.0
1233,9355.0
583,9355.0
3440,9355.0
5578,9355.0
4456,9355.0
14000,9355.0
1100,9355.0
37286,9355.0
1651,9355.0
5279,9355.0
