12,56.0307533259
702,3682.78204971
423,264.652794939
130,3988.41495384
106,247.40724497
1063,1337.84594173
387,-103.793640326
605,2614.06743044
6400,3350.36785562
82,908.976727493
539,527.025538422
40,1300.53007252
7.3,-268.104890598
126,-146.903534454
70,-187.579673441
9,557.219938653
230,298.948571959
6,-1149.07151513
38,-874.206924768
47,-428.76244618
523,1181.88698022
55,-61.8735266684
14,-88.4442002535
83,241.11211459
11400,2830.86499826
45,174.404607806
958,1134.47265096
43,-693.997331261
6600,8783.74425949
240,1202.34348576
2040,2586.64040816
98,2140.52657645
176,846.592990136
36,157.128926461
1075,1430.31926071
61,1719.82688138
18,-803.730571016
1600,2801.85540289
57,1817.32437601
73,1231.659078
218,-446.387693235
8,-1325.42467695
122,1373.4727549
321,-476.718674305
237,1090.31704527
156,-146.186467066
87,809.906168547
88,-928.851334308
41,852.23008259
8,-166.48925286
15,-1290.68646299
453,-916.121333821
79,-232.102129781
20,-1614.81203017
8,295.950289598
5.9,-170.383185988
724,1242.47672935
201,-84.7224078825
1272,2210.69172066
33,1491.17586169
2455,2111.7483765
243,1367.01926391
50,-827.466200124
201,287.329305145
79,652.868456054
130,3272.23862905
87,697.770903713
8,966.403766122
38,-2846.7083298
83,633.006128842
1063,346.123217988
88,-878.946235024
1600,3718.35065681
70,-791.293271318
702,4308.98796473
6600,13962.6310388
9,365.875333087
724,1119.97537525
156,25.4679764583
176,804.088107424
1272,5538.37108564
7.3,-152.448391756
122,1023.62422778
539,634.063039775
218,62.6604564701
387,-487.184898718
126,796.792604731
20,-1042.16687262
230,1504.83432217
8,-721.51769142
523,2419.40874188
36,251.903536626
106,403.663798549
605,1716.07673983
2455,3047.57098348
243,1780.8126338
240,1939.56537098
958,1028.24445797
55,561.914403016
57,1216.79702418
15,-1422.7307312
41,550.578005426
45,171.865261226
6400,3275.74508434
33,1806.60101557
43,377.310309442
1075,1485.16869342
5.9,286.432675089
2040,2801.30505538
40,1823.5093785
98,1882.79142273
423,299.037795647
73,2478.24500025
237,1065.27713569
47,-366.954073222
453,384.169249294
8,-936.086365448
18,-614.745569112
321,481.528932914
11400,2551.05277587
82,-264.17785206
61,1733.21965335
50,-681.7607027
12,-92.6281706122
14,65.2440220955
6,-1106.36736769
122,1145.00587028
83,424.999287143
724,693.493149755
8,1112.95640907
40,868.966465615
453,-581.362931027
88,-636.89497533
61,956.142366792
82,891.58546221
2455,2192.33152976
7.3,-645.057977186
1063,703.784294234
156,515.747591896
1272,2385.35241956
18,65.8852700138
6400,2256.40984736
130,80.0772407776
240,1128.91631045
57,-4.33313529061
321,34.7203139329
230,441.066414464
702,2532.26511846
243,1097.89699519
9,284.67537206
11400,2410.80883938
47,-1393.9801532
539,569.273393106
14,288.57718751
958,818.787431234
218,-491.162592425
20,-1202.7208556
36,98.1300470016
605,1854.75368457
70,-464.88760934
126,537.698796599
201,-281.247160757
523,1845.14480741
8,-483.039740434
8,-1359.21707315
106,-42.7298077455
15,-1286.49656079
6600,9526.38516951
387,-82.797080119
45,82.0552768285
50,-1150.03126682
12,-610.839993427
87,439.60193751
33,379.128040583
2040,2505.83388472
6,-2153.72383493
55,-202.16496352
38,-1518.05421759
73,1238.99275946
41,490.831312397
43,-637.719308452
98,2082.15899309
176,772.319024568
5.9,126.257452226
1600,3150.41737752
423,96.9595884254
237,577.434597711
79,393.412581669
1075,957.223714299
958,735.898882607
130,185.655438816
122,872.858560949
87,28.744876732
57,628.141357684
453,35.5027699361
201,480.635631528
230,305.066067935
702,2815.12926271
8,1149.39088336
43,-434.281093086
11400,2930.69987505
605,2246.14572453
70,-511.950895724
321,-1039.34841426
106,151.08936467
218,-1015.75472391
8,-662.167461043
12,-83.9416491738
38,-2327.43855802
1600,3290.90009685
523,1986.7522699
176,1049.40164724
41,181.284337837
539,810.229112399
240,1165.63822817
73,2347.59408251
2455,2907.91987733
243,987.953165129
47,-1479.19722974
6600,9299.34493149
8,-1082.47275652
40,1616.5629271
15,-1271.43562863
98,1932.0145041
55,-399.511425216
50,-1040.72096976
33,1301.36816308
2040,2208.76795337
423,125.871778397
20,-1406.49857015
9,334.870218744
88,-955.873481121
45,498.35456838
14,183.942220161
5.9,138.258464131
1272,2110.09325274
1063,853.318165237
83,582.013276672
7.3,-123.620913871
18,-562.939468367
82,538.768093456
6,-2018.04892305
156,-497.113304538
6400,3510.04576657
237,88.3892396476
126,337.55393436
1075,1722.54714816
61,881.669915557
724,832.362762056
36,-729.666716176
79,114.583234068
387,138.614804924
9,151.184152544
387,-374.930578706
20,-1315.1600202
106,560.993379391
83,559.523909768
98,2033.26197918
321,-376.172791771
6600,8188.48672701
88,-655.945371073
14,192.043476119
122,1104.58212005
130,2705.09313167
1063,584.970774098
18,141.555541259
61,970.025354022
702,4097.61411888
958,879.639089025
7.3,-698.863307038
73,1729.13063378
605,1285.50794677
55,-312.060710723
40,1319.62006866
724,990.417028365
36,250.257223006
8,910.040889584
8,-230.469354237
45,403.185581349
1075,2133.39604556
6,-2437.77544422
8,-1046.19341459
240,1676.13437943
218,-438.683644441
33,204.068622949
70,-879.734498052
237,455.134158836
156,-281.243842956
43,-703.307904797
230,-280.141897127
1600,1191.76705601
453,891.819500108
11400,1538.68358583
539,52.8893511467
126,319.535656014
6400,1630.74147887
2040,255.129043119
41,-214.770057984
523,495.05793225
1272,2590.97491189
87,269.498708863
82,-14.8740514422
79,-134.35993707
243,831.469577673
50,-1245.591355
57,1319.23745516
2455,2047.18212789
176,1141.82687913
15,-1406.06603627
47,-1304.39104626
5.9,181.673206826
201,-86.6727648001
12,-460.889128301
423,-397.429943981
38,-2644.97727983
