43.8,134.1875
37,134.1875
52,134.1875
31.5,134.1875
1586,134.1875
20.1,134.1875
39,134.1875
42.3,134.1875
39.5,134.1875
212,59.08125
8.2,59.08125
59.1,59.08125
29,59.08125
36,59.08125
36.9,59.08125
31.5,59.08125
9,59.08125
54,59.08125
58.9,59.08125
89.5,41.4
22,41.4
85,41.4
55.7,41.4
13.9,41.4
34.3,41.4
18,41.4
7.5,41.4
103.5,41.4
50.1,57.95625
5.6,57.95625
20.6,57.95625
37.1,57.95625
23,57.95625
27.5,57.95625
157,57.95625
120,57.95625
48,57.95625
37,57.95625
6,55.55
170,55.55
32.7,55.55
7.1,55.55
340,55.55
67.3,55.55
59.5,55.55
39,55.55
58.9,55.55
37.2,55.55
5.6,33.7125
59.1,33.7125
48,33.7125
37,33.7125
52,33.7125
67.3,33.7125
9,33.7125
7.1,33.7125
39,33.7125
103.5,6.35
89.5,6.35
58.9,6.35
37.1,6.35
31.5,6.35
6,6.35
50.1,6.35
34.3,6.35
39,6.35
20.6,6.35
120,6.35
7.5,6.35
42.3,6.35
22,6.35
58.9,6.35
39.5,6.35
23,6.35
157,6.35
36,6.35
59.5,34.225
55.7,34.225
8.2,34.225
37.2,34.225
37,34.225
1586,34.225
18,34.225
85,34.225
54,34.225
170,34.225
36.9,6.35
27.5,6.35
20.1,6.35
32.7,6.35
212,6.35
13.9,6.35
340,6.35
29,6.35
31.5,6.35
43.8,6.35
67.3,59.1104166667
157,59.1104166667
1586,59.1104166667
55.7,59.1104166667
23,59.1104166667
34.3,59.1104166667
27.5,59.1104166667
42.3,59.1104166667
20.1,59.1104166667
212,87.1983333333
18,87.1983333333
7.5,87.1983333333
43.8,87.1983333333
39.5,87.1983333333
7.1,87.1983333333
36.9,87.1983333333
89.5,87.1983333333
31.5,87.1983333333
39,87.1983333333
58.9,57.309375
120,57.309375
59.1,57.309375
37,57.309375
58.9,57.309375
48,57.309375
39,57.309375
59.5,57.309375
5.6,57.309375
37.1,49.4
54,49.4
36,49.4
85,49.4
37,49.4
32.7,49.4
8.2,49.4
22,49.4
31.5,49.4
170,49.4
340,45.81875
103.5,45.81875
37.2,45.81875
52,45.81875
9,45.81875
6,45.81875
20.6,45.81875
29,45.81875
50.1,45.81875
13.9,45.81875
8.2,48.79375
212,48.79375
6,48.79375
31.5,48.79375
85,48.79375
52,48.79375
54,48.79375
32.7,48.79375
37,48.79375
170,23.775
120,23.775
9,23.775
37,23.775
157,23.775
34.3,23.775
20.6,23.775
39,23.775
59.5,23.775
1586,23.775
42.3,21.1375
43.8,21.1375
31.5,21.1375
39,21.1375
58.9,21.1375
36.9,21.1375
58.9,21.1375
29,21.1375
48,21.1375
67.3,32.2375
7.1,32.2375
36,32.2375
55.7,32.2375
89.5,32.2375
13.9,32.2375
18,32.2375
20.1,32.2375
340,32.2375
39.5,32.2375
27.5,20.1625
7.5,20.1625
22,20.1625
5.6,20.1625
23,20.1625
103.5,20.1625
59.1,20.1625
37.2,20.1625
50.1,20.1625
37.1,20.1625
50.1,43.19375
31.5,43.19375
39,43.19375
37,43.19375
103.5,43.19375
39,43.19375
340,43.19375
27.5,43.19375
43.8,43.19375
54,43.55
58.9,43.55
48,43.55
212,43.55
34.3,43.55
32.7,43.55
37.1,43.55
59.5,43.55
9,43.55
29,43.55
39.5,21.5
36.9,21.5
22,21.5
37,21.5
37.2,21.5
58.9,21.5
7.5,21.5
5.6,21.5
20.6,21.5
52,43.55
59.1,43.55
157,43.55
8.2,43.55
18,43.55
120,43.55
31.5,43.55
1586,43.55
36,43.55
13.9,43.55
6,43.55
89.5,43.55
67.3,43.55
55.7,43.55
7.1,43.55
85,43.55
42.3,43.55
170,43.55
20.1,43.55
23,43.55
