444,51.0
18,51.0
8211,51.0
352.8,51.0
38,51.0
636,51.0
973,51.0
120,51.0
215,51.0
60,51.0
10.8,51.0
756,51.0
370,51.0
12,51.0
444,51.0
170,51.0
1772.5,51.0
90,51.0
8.4,647.716216216
599,647.716216216
278,647.716216216
882,647.716216216
1200,647.716216216
72,647.716216216
480,647.716216216
36,647.716216216
8.4,647.716216216
252,647.716216216
600,647.716216216
300,647.716216216
117.6,647.716216216
150,647.716216216
2400,647.716216216
703,647.716216216
300,647.716216216
1645.9,647.716216216
107,647.716216216
31.2,186.0
430,186.0
72,186.0
48,186.0
70,186.0
750,186.0
1248,186.0
432,186.0
648,186.0
42,186.0
82,186.0
114,186.0
48,186.0
2120,186.0
155,186.0
576,186.0
1368,186.0
24,186.0
48,52.5
1924.5,52.5
60,52.5
192,52.5
324,52.5
4178.2,52.5
4560,52.5
62,52.5
420,52.5
210,52.5
97,52.5
300,52.5
458,52.5
409,52.5
117.6,52.5
162,52.5
2400,52.5
2460,52.5
239,52.5
72,6194.6
360,6194.6
60,6194.6
42,6194.6
240,6194.6
720,6194.6
25.2,6194.6
36,6194.6
50,6194.6
1181,6194.6
60,6194.6
480,6194.6
1350,6194.6
400,6194.6
571.4,6194.6
98.8,6194.6
360,6194.6
192,6194.6
60,6194.6
324,262.907627119
210,262.907627119
480,262.907627119
4178.2,262.907627119
42,262.907627119
12,262.907627119
150,262.907627119
70,262.907627119
60,262.907627119
36,262.907627119
300,262.907627119
48,262.907627119
370,262.907627119
8.4,262.907627119
444,262.907627119
400,262.907627119
62,262.907627119
31.2,262.907627119
82,300.0
98.8,300.0
8.4,300.0
72,300.0
120,300.0
72,300.0
192,300.0
2400,300.0
215,300.0
117.6,300.0
48,300.0
60,300.0
352.8,300.0
599,300.0
480,300.0
1248,300.0
432,300.0
458,300.0
360,300.0
8211,243.0
38,243.0
170,243.0
600,243.0
90,243.0
24,243.0
2400,243.0
703,243.0
162,243.0
1645.9,243.0
756,243.0
60,243.0
60,243.0
1772.5,243.0
2120,243.0
192,243.0
1200,243.0
117.6,243.0
155,350.1125
239,350.1125
252,350.1125
1368,350.1125
973,350.1125
72,350.1125
420,350.1125
1924.5,350.1125
648,350.1125
42,350.1125
300,350.1125
2460,350.1125
882,350.1125
444,350.1125
25.2,350.1125
278,350.1125
576,350.1125
18,350.1125
97,350.1125
720,296.0
48,296.0
50,296.0
750,296.0
409,296.0
571.4,296.0
114,296.0
10.8,296.0
430,296.0
60,296.0
300,296.0
1350,296.0
36,296.0
4560,296.0
360,296.0
1181,296.0
107,296.0
240,296.0
636,296.0
4560,216.0
82,216.0
2400,216.0
300,216.0
720,216.0
420,216.0
1181,216.0
98.8,216.0
458,216.0
300,216.0
444,216.0
36,216.0
117.6,216.0
1200,216.0
155,216.0
370,216.0
60,216.0
192,216.0
48,186.0
1368,186.0
1350,186.0
25.2,186.0
8211,186.0
430,186.0
107,186.0
170,186.0
162,186.0
2120,186.0
239,186.0
62,186.0
8.4,186.0
36,186.0
480,186.0
360,186.0
1924.5,186.0
360,186.0
432,186.0
38,336.0
97,336.0
70,336.0
703,336.0
324,336.0
18,336.0
882,336.0
48,336.0
600,336.0
636,336.0
114,336.0
756,336.0
192,336.0
1248,336.0
60,336.0
571.4,336.0
444,336.0
409,336.0
72,162.0
120,162.0
60,162.0
278,162.0
42,162.0
2400,162.0
599,162.0
72,162.0
1772.5,162.0
60,162.0
750,162.0
210,162.0
42,162.0
576,162.0
4178.2,162.0
8.4,162.0
12,162.0
480,162.0
50,162.0
117.6,186.0
648,186.0
72,186.0
240,186.0
31.2,186.0
300,186.0
24,186.0
352.8,186.0
252,186.0
1645.9,186.0
400,186.0
90,186.0
215,186.0
2460,186.0
10.8,186.0
150,186.0
973,186.0
60,186.0
48,186.0
210,36.0
117.6,36.0
192,36.0
60,36.0
720,36.0
90,36.0
1368,36.0
2460,36.0
576,36.0
1200,36.0
4560,36.0
107,36.0
10.8,36.0
62,36.0
60,36.0
48,36.0
25.2,36.0
38,36.0
2400,663.0
1645.9,663.0
8211,663.0
8.4,663.0
360,663.0
12,663.0
170,663.0
72,663.0
42,663.0
82,663.0
36,663.0
97,663.0
300,663.0
98.8,663.0
571.4,663.0
48,663.0
1181,663.0
70,663.0
430,663.0
636,629.817333333
192,629.817333333
458,629.817333333
155,629.817333333
1924.5,629.817333333
150,629.817333333
60,629.817333333
370,629.817333333
444,629.817333333
2400,629.817333333
60,629.817333333
400,629.817333333
1772.5,629.817333333
120,629.817333333
162,629.817333333
300,629.817333333
480,629.817333333
750,629.817333333
72,9.6
31.2,9.6
60,9.6
114,9.6
300,9.6
2120,9.6
324,9.6
239,9.6
240,9.6
409,9.6
432,9.6
648,9.6
215,9.6
18,9.6
117.6,9.6
72,9.6
278,9.6
42,9.6
444,9.6
420,78.0
50,78.0
252,78.0
1350,78.0
973,78.0
1248,78.0
8.4,78.0
599,78.0
703,78.0
480,78.0
36,78.0
48,78.0
600,78.0
360,78.0
882,78.0
24,78.0
756,78.0
4178.2,78.0
352.8,78.0
120,181.8
1368,181.8
210,181.8
750,181.8
72,181.8
1181,181.8
62,181.8
150,181.8
599,181.8
60,181.8
162,181.8
70,181.8
239,181.8
400,181.8
170,181.8
600,181.8
82,181.8
48,181.8
430,129.0
117.6,129.0
50,129.0
90,129.0
2460,129.0
480,129.0
97,129.0
60,129.0
60,129.0
117.6,129.0
25.2,129.0
31.2,129.0
12,129.0
114,129.0
8.4,129.0
60,129.0
420,129.0
636,129.0
240,129.0
155,3535.16666667
324,3535.16666667
4178.2,3535.16666667
278,3535.16666667
42,3535.16666667
409,3535.16666667
360,3535.16666667
432,3535.16666667
42,3535.16666667
703,3535.16666667
300,3535.16666667
720,3535.16666667
8.4,3535.16666667
300,3535.16666667
2120,3535.16666667
2400,3535.16666667
215,3535.16666667
192,3535.16666667
1645.9,580.622972973
1350,580.622972973
72,580.622972973
352.8,580.622972973
370,580.622972973
444,580.622972973
4560,580.622972973
360,580.622972973
107,580.622972973
38,580.622972973
18,580.622972973
300,580.622972973
1200,580.622972973
1772.5,580.622972973
192,580.622972973
882,580.622972973
36,580.622972973
756,580.622972973
648,580.622972973
48,390.0
480,390.0
444,390.0
1924.5,390.0
571.4,390.0
48,390.0
24,390.0
973,390.0
36,390.0
10.8,390.0
2400,390.0
252,390.0
60,390.0
98.8,390.0
8211,390.0
576,390.0
1248,390.0
72,390.0
458,390.0
