130.3,140.84996326
1107.31,269.942803799
287,-44.8514470697
82.5,243.618320524
69.9,93.8672139688
336.3,340.569816275
23.2,-34.1977033641
116,414.720171316
246.9,183.283137668
86.9,129.989598543
230.7,241.669367255
157,256.468473908
72,-539.201251114
84,98.9852826719
258.7,211.172062636
230.7,241.669367255
86.9,129.989598543
157,256.468473908
82.5,166.050095488
72,-542.065223032
23.2,-105.200751585
130.3,194.350392161
69.9,140.356993972
287,285.184857851
84,64.8588011531
1107.31,409.654631447
116,291.107910802
246.9,122.710832179
336.3,465.425914923
258.7,333.950600494
1107.31,288.770373472
69.9,-4.7999774108
258.7,171.441804922
116,427.474745685
246.9,159.600797209
130.3,243.532835004
230.7,340.479802805
86.9,165.437171345
72,-550.569141735
84,566.97286161
82.5,568.089321345
287,-31.7926199999
23.2,62.7543849702
157,299.503628848
336.3,503.76236747
336.3,465.425914923
246.9,122.710832179
258.7,333.950600494
23.2,-33.7869192749
230.7,89.0341133895
287,133.072930747
86.9,141.476226347
72,-519.184949764
84,103.506731672
69.9,38.4859600496
130.3,171.089113498
1107.31,341.96006702
116,410.841771076
157,258.58333036
82.5,156.129435335
287,131.557223469
86.9,112.321546471
84,258.039141133
336.3,483.466270255
23.2,11.8306834797
230.7,110.511910394
69.9,365.852264984
72,-554.300904115
157,145.951104927
1107.31,305.07738065
130.3,157.702602197
258.7,188.125197159
246.9,168.240297799
82.5,179.10305083
116,395.47675188
