2,3.14391136357
1.2,4.91570662837
4,4.66836662291
22,7.40681769639
4,5.44736504787
2,3.98873114087
1,1.71675454865
18,49.7160186221
5,13.666003839
3,4.39285386917
4.5,3.63642859781
2.1,0.910264217778
2.1,0.954235399605
1,1.15245267595
22,7.33783810411
4,3.75778362776
1.2,6.21575823385
2,5.58502506488
5,7.82956975565
4.5,1.97246282604
18,40.6606313526
2,3.22780694114
3,4.71776863463
4,5.93280083077
2,2.94801272873
4,5.20677550673
1.2,4.76006147175
1,1.34085954781
3,4.89577012841
2,4.10349503113
4.5,4.2033557411
4,8.6440641893
18,42.8274264673
22,7.45737797873
5,5.93536597868
2.1,0.995905342963
3,4.70947111148
5,7.68976643169
2.1,-2.39400228709
18,42.2726767292
1.2,3.27164816091
2,2.94326823753
22,7.6671184009
4,5.7215896205
4.5,3.3533732437
1,2.04723806341
2,3.13105736221
4,5.27376207224
4,5.7215896205
4.5,3.3533732437
2,4.19583127763
3,4.96415207129
22,6.25205891552
2,2.261798469
18,13.9997975916
2.1,0.152416308629
1.2,5.10633693492
4,5.38838963197
5,7.8439869475
1,2.26031949746
