2,3.25
1.2,3.25
4,3.5
22,3.5
4,6.86666666667
2,6.86666666667
1,6.86666666667
18,2.56666666667
5,2.56666666667
3,6.57777777778
4.5,6.57777777778
2.1,6.57777777778
2.1,5.3625
1,5.3625
22,4.28
4,4.28
1.2,6.73333333333
2,6.73333333333
5,6.73333333333
4.5,2.8625
18,2.8625
2,6.64444444444
3,6.64444444444
4,6.64444444444
2,2.55
4,2.55
1.2,6.66
1,6.66
3,5.46666666667
2,5.46666666667
4.5,5.46666666667
4,1.6
18,1.6
22,10.35625
5,10.35625
2.1,10.35625
3,9.53333333333
5,9.53333333333
2.1,4.725
18,4.725
1.2,2.55
2,2.55
22,2.55
4,6.03
4.5,6.03
1,13.5666666667
2,13.5666666667
4,13.5666666667
4,6.03
4.5,6.03
2,4.975
3,4.975
22,2.9725
2,2.9725
18,2.9725
2.1,6.55
1.2,6.55
4,3.75
5,3.75
1,3.75
