61.2,24.725
3.6,10.75
28.8,9.74375
10.8,10.30625
8,12.55625
11.1,12.55625
12.9,12.55625
7.5,12.55625
15.8,12.55625
102.4,23.575
2.9,11.93125
12,14.00625
11.8,11.93125
0.5,11.93125
4.9,11.2
38.1,20.74375
19,14.4
8.9,11.2
6.1,11.2
18.3,10.2875
4.1,10.2875
10,10.2875
21.1,12.4875
105.2,21.98125
11.8,11.4625
102.4,24.01875
8,10.9
4.9,11.3375
8.9,10.8375
12.9,10.8375
11.1,10.8375
28.8,10.8375
21.1,14.0375
10,10.60625
3.6,10.60625
19,16.13125
105.2,22.54375
15.8,10.60625
12,11.76875
10.8,11.76875
38.1,20.86875
2.9,11.76875
4.1,11.76875
18.3,13.3625
0.5,11.60625
6.1,11.60625
61.2,25.65625
7.5,11.60625
4.1,10.9375
11.1,10.9375
61.2,26.14375
8.9,11.5
2.9,13.675
4.9,13.675
21.1,16.875
0.5,13.675
8,13.675
15.8,10.3375
6.1,10.3375
19,15.7375
11.8,15.6625
105.2,22.03125
7.5,11.69375
28.8,11.69375
10.8,11.69375
10,11.69375
12,11.69375
3.6,11.275
102.4,21.14375
18.3,10.83125
12.9,11.275
38.1,21.14375
15.8,10.325
19,15.725
6.1,10.325
12,12.675
2.9,12.75625
12.9,12.75625
8,12.75625
18.3,12.75625
10,12.75625
4.9,9.65
61.2,23.7
8.9,9.65
21.1,11.40625
28.8,9.65
11.1,11.05625
7.5,11.05625
105.2,22.99375
10.8,11.05625
11.8,16.38125
4.1,12.36875
3.6,12.9375
38.1,16.2625
0.5,12.36875
102.4,22.53125
28.8,8.825
21.1,13.03125
8,8.825
38.1,19.175
102.4,19.5875
10.8,11.1625
15.8,11.1625
10,10.025
61.2,19.3625
0.5,11.68125
7.5,11.68125
18.3,13.4375
105.2,23.025
4.9,11.68125
3.6,13.2875
2.9,13.2875
12,13.2875
6.1,13.2875
19,16.4875
11.8,12.9625
4.1,12.9625
12.9,12.9625
11.1,12.9625
8.9,12.9625
