4047,5234.5
1060,5234.5
25910,5234.5
4620,5234.5
845,5234.5
1520,5234.5
963,5234.5
5931,5234.5
1651,5234.5
796,5234.5
11039,5234.5
7105,5234.5
3600,9179.5
10000,9179.5
7871,9179.5
583,9179.5
7451,9179.5
5787,9179.5
4557,9179.5
1755,9179.5
63694,9179.5
13700,9179.5
1233,9179.5
1745,9179.5
11900,2553.5
5578,2553.5
1100,2553.5
7184,2553.5
37286,2553.5
14000,2553.5
5100,2553.5
8117,2553.5
18500,2553.5
3440,2553.5
3850,2553.5
2957,2553.5
9369,2553.5
6816,952.5
1981,952.5
4224,952.5
4150,952.5
39479,952.5
3240,952.5
9700,952.5
5279,952.5
2565,952.5
2826,952.5
1798,952.5
1450,952.5
21272,7749.0
2330,7749.0
8752,7749.0
9125,7749.0
4456,7749.0
15052,7749.0
4300,7749.0
900,7749.0
8710,7749.0
7320,7749.0
11023,7749.0
6800,7749.0
10447,7749.0
796,39373.0
845,39373.0
11039,39373.0
1745,39373.0
2957,39373.0
13700,39373.0
2565,39373.0
5279,39373.0
10000,39373.0
8752,39373.0
8117,39373.0
9700,39373.0
8710,1388.5
900,1388.5
63694,1388.5
6800,1388.5
4557,1388.5
21272,1388.5
1651,1388.5
7320,1388.5
11900,1388.5
39479,1388.5
4224,1388.5
5931,1388.5
4150,952.5
6816,952.5
3850,952.5
7184,952.5
4456,952.5
1520,952.5
5578,952.5
2330,952.5
18500,952.5
9125,952.5
3240,952.5
7105,952.5
4620,952.5
3600,4675.0
963,4675.0
5100,4675.0
10447,4675.0
4047,4675.0
583,4675.0
1100,4675.0
15052,4675.0
2826,4675.0
37286,4675.0
14000,4675.0
7871,4675.0
25910,2510.0
4300,2510.0
3440,2510.0
9369,2510.0
5787,2510.0
11023,2510.0
1450,2510.0
7451,2510.0
1233,2510.0
1798,2510.0
1060,2510.0
1755,2510.0
1981,2510.0
2957,8400.0
8117,8400.0
1755,8400.0
4456,8400.0
11900,8400.0
13700,8400.0
4047,8400.0
7184,8400.0
3600,8400.0
4620,8400.0
2565,8400.0
900,8400.0
6800,1615.0
1233,1615.0
583,1615.0
1745,1615.0
6816,1615.0
5578,1615.0
5279,1615.0
1520,1615.0
3440,1615.0
9369,1615.0
1981,1615.0
11023,1615.0
796,1407.5
3240,1407.5
11039,1407.5
2826,1407.5
14000,1407.5
5787,1407.5
10447,1407.5
2330,1407.5
845,1407.5
8752,1407.5
1100,1407.5
7451,1407.5
4557,1407.5
18500,1407.5
7105,1407.5
10000,1407.5
15052,1407.5
4150,1407.5
1651,1407.5
8710,1407.5
25910,1407.5
5100,1407.5
9125,1407.5
21272,1407.5
3850,1407.5
37286,4812.5
4224,4812.5
63694,4812.5
9700,4812.5
4300,4812.5
1798,4812.5
1450,4812.5
963,4812.5
39479,4812.5
7871,4812.5
5931,4812.5
1060,4812.5
7320,4812.5
10000,8413.5
8752,8413.5
845,8413.5
1100,8413.5
1745,8413.5
7105,8413.5
11900,8413.5
5578,8413.5
39479,8413.5
9700,8413.5
963,8413.5
13700,8413.5
4224,5555.5
63694,5555.5
1520,5555.5
2565,5555.5
4300,5555.5
3440,5555.5
1450,5555.5
2330,5555.5
4150,5555.5
3850,5555.5
25910,5555.5
1755,5555.5
21272,8400.0
37286,8400.0
7184,8400.0
6816,8400.0
15052,8400.0
4557,8400.0
14000,8400.0
3240,8400.0
9369,8400.0
5100,8400.0
5787,8400.0
4456,8400.0
11023,8400.0
18500,6620.0
3600,6620.0
7871,6620.0
2826,6620.0
11039,6620.0
6800,6620.0
4047,6620.0
4620,6620.0
8710,6620.0
7320,6620.0
1651,6620.0
10447,6620.0
5279,6096.0
8117,6096.0
2957,6096.0
583,6096.0
9125,6096.0
7451,6096.0
900,6096.0
1060,6096.0
1798,6096.0
1233,6096.0
1981,6096.0
796,6096.0
5931,6096.0
1520,8400.0
7451,8400.0
3240,8400.0
9700,8400.0
15052,8400.0
4300,8400.0
9125,8400.0
18500,8400.0
7871,8400.0
796,8400.0
1450,8400.0
5931,8400.0
6800,2560.0
7105,2560.0
4224,2560.0
10000,2560.0
1745,2560.0
11023,2560.0
8117,2560.0
8752,2560.0
3850,2560.0
1981,2560.0
2330,2560.0
13700,2560.0
3600,6712.5
7184,6712.5
6816,6712.5
4150,6712.5
39479,6712.5
2565,6712.5
9369,6712.5
10447,6712.5
7320,6712.5
5787,6712.5
5100,6712.5
4047,6712.5
4557,6712.5
25910,39373.0
21272,39373.0
8710,39373.0
2826,39373.0
1798,39373.0
845,39373.0
2957,39373.0
963,39373.0
1755,39373.0
11900,39373.0
4620,39373.0
11039,39373.0
900,2560.0
63694,2560.0
1060,2560.0
1233,2560.0
583,2560.0
3440,2560.0
5578,2560.0
4456,2560.0
14000,2560.0
1100,2560.0
37286,2560.0
1651,2560.0
5279,2560.0
