13635,10314.163072
3319,3460.45396573
1631,3016.74706081
1143,1489.20160683
4115,4659.79823596
380,461.943622611
593,1039.35122721
1173,1337.30574656
718,877.794332101
2223,2866.58121935
2634,4068.7613925
6607,6033.67292926
324,937.441383674
2265,2648.74271568
1428,3053.63815267
5816,6727.3136426
669,816.849340312
580,1021.14498505
1252,2782.23471552
2570,3367.74970044
1557,2224.54124269
2895,4115.20397718
988,1342.85355246
676,977.421834634
1113,1349.06422208
583,914.467864589
2860,2841.6749615
2591,1531.43058467
1079,1018.33528809
3189,4858.09623488
5249,5485.29896052
652,1032.66204561
5359,5052.86150003
8600,10505.0118248
570,1000.11522562
887,1791.49735168
2356,3756.28871019
12646,16938.1228926
3555,5030.51240437
4494,7823.13063806
3483,4314.9472445
955,3688.41999718
1304,1955.61852419
718,64.7563098743
1532,1950.72200246
2393,5663.10281116
1722,2024.99556233
1388,1893.77065271
1832,2448.18570596
1328,1707.20550526
990,1747.63194803
3088,3389.2145217
989,826.580616743
5927,8913.47710528
219,288.35903426
630,897.445594317
4414,5437.6125751
1413,1766.98282733
502,973.937061052
5456,4396.89174102
15673,14013.3743417
1432,2724.51075441
3050,2713.12160268
1003,1097.17426566
1742,1770.68170793
995,1199.7557666
2972,5758.08666747
286,1917.84545478
2172,2112.98130235
2037,2725.68761419
220,260.671252462
322,466.58117979
928,1346.67562252
113930,85853.655146
896,987.8745572
3966,4010.58817289
7649,4706.32458644
3504,3518.01224554
1877,2757.44230167
2170,2132.91085728
763,1090.52213079
1737,2569.85114191
321,909.245386772
750,1127.6272198
1455,2436.62197153
339,588.415824931
1884,2062.25199132
557,930.937602796
892,1883.64710136
1318,2172.11669137
4009,3855.46561636
6307,8549.85534229
485,649.93466499
1066,2183.78845408
585,1012.93370202
2029,2398.35037835
5094,5255.14019153
1280,1985.88207952
4068,5337.9301689
726,849.87702368
1940,2435.24278141
1650,3124.88702952
570,223.254484575
313,408.705166702
1016,1759.70891175
5927,5237.52784958
1584,2232.90231231
693,786.293675678
1698,2339.30665317
1431,2887.32511218
3826,5283.18234202
2964,4611.17818884
2203,2771.74964839
8509,7659.16138175
4824,6905.21428388
1122,1890.9836943
1860,3203.87730773
2408,3203.56184698
254,382.121735365
1693,1121.88756842
1425,2916.48061408
2663,2756.30725214
980,1240.98700217
1401,1167.90359935
437,543.173410655
1868,2976.06551587
654,876.577860398
1660,2306.47296784
1040,1572.5405349
464,730.223678637
2224,3617.21210158
1832,3888.07246688
5646,6962.62697926
5192,6965.63469487
1939,2362.31122506
2480,2909.08023748
302,562.152314318
655,1234.30847467
8656,11389.2261767
698,823.167579243
1159,1718.18623012
1024,1396.23183874
1576,2001.21622688
874,1557.5434191
322,662.68046234
570,870.874414658
990,1386.60400107
1940,1942.11439633
6307,6723.59411953
3966,3931.32643639
980,1034.05360094
219,403.463255489
1557,1865.2554334
989,842.877175085
2356,3030.11069333
339,527.739742015
1328,1521.78701399
380,444.584600571
2964,3659.95158986
2408,2564.70370439
5646,5520.16337443
1693,995.107151641
1455,2379.19032425
13635,8536.65060384
464,685.156661832
113930,83091.5671448
1832,1983.80328627
286,1745.71795238
1122,1592.75489239
1388,1767.1718276
693,718.554770335
2172,2083.25333067
2170,2165.09512657
1877,2677.8431806
15673,17882.1483769
887,1941.90068878
302,594.217044854
1939,2388.20623542
1304,2060.16497007
718,177.284774374
3826,5304.20704164
557,1008.02088184
2037,3473.10599326
1024,1409.08906558
324,1028.16770481
8656,11449.3237269
1860,3275.08901863
1318,2241.41932777
1576,2021.07937058
896,1075.24323526
2570,3522.09276536
995,1451.07193511
583,1001.22835264
322,480.767568524
502,1207.74488088
1650,3196.98033555
437,581.521853225
254,422.522370244
1252,2967.10105603
928,1667.18567212
7649,5478.04504155
2029,2360.52395588
718,990.531034861
2972,7302.00858018
1428,3201.28699646
988,1440.84441956
669,939.287794207
2591,1959.51044237
750,1412.34751091
5094,5581.41941785
1280,2063.87325752
2860,3059.00233144
3050,3435.025051
698,902.731359079
2223,3185.58936929
874,2191.9523025
3088,3509.79458383
1425,2968.47224053
322,731.347187812
1016,1860.83703517
1584,2414.13998142
1742,2195.13600784
1413,1809.67871787
726,1175.39160576
1868,3008.74750781
585,1209.75192768
1040,1939.28512633
4115,4892.50221468
321,893.289658102
4068,5377.63245176
12646,16773.0656452
5927,5570.7936044
6607,6096.31445542
3504,4345.92862761
892,1752.31624705
2663,2675.33025806
4414,5124.72238767
2895,3970.16482392
630,865.862597494
4009,3772.14367974
570,139.095503561
763,1148.45426797
2203,2711.63903081
1003,1187.76056287
1401,1069.60314455
2224,3386.52830745
955,3591.94960347
655,1168.03255357
1431,2803.44903966
313,368.324490399
1066,2134.21688212
220,249.985943602
1432,2975.62001727
4824,6745.8293847
580,800.222457942
1832,3781.58294488
3319,3059.76272218
2265,2690.55190852
1143,1498.25213912
652,985.811135
5927,8370.44472432
1631,3069.01596361
1722,2649.23919772
3555,5200.09177055
593,1068.15812532
1737,3003.60687045
1884,2416.05082888
1698,2261.42708973
2634,4081.1378469
654,771.750304806
1159,1709.83214242
2393,5090.27350154
1079,1026.71482452
8600,10039.4896417
1113,1381.48672917
3189,4583.9760621
485,657.764468804
5816,6797.12530589
1173,1337.39421063
676,1013.01307189
2480,2795.35918625
4494,8518.97582545
5192,6753.78515767
1660,2283.36853319
1532,1775.89245968
5249,5532.02246755
8509,7637.12203829
5359,5028.52502204
5456,5368.42780105
3483,4103.74421714
324,882.62574929
1113,1359.27660277
1428,3110.84898673
2029,2405.99788011
5094,5260.85272674
887,1886.84711248
2634,3858.2427108
655,1165.54245052
1318,2123.84191499
5192,6777.04480479
1832,3783.57560936
1884,2446.03235404
1173,1401.34137046
693,724.062568278
2480,2777.90076989
1877,3290.35204197
1868,2933.70825682
12646,16564.8863567
2172,2545.93537369
2393,5333.81310722
2203,2699.8800734
1631,2934.41350325
1939,2295.12518444
570,920.667878575
7649,5624.10481486
980,1126.47535907
988,1267.93398693
1431,2832.62669695
15673,17510.3172127
557,970.484842037
6307,8652.88993805
4068,5255.15300743
580,1396.07662939
1079,1146.23660055
339,777.809375774
1122,2088.43101873
3189,4677.52923128
726,1003.4508418
302,763.479523625
321,1454.10588803
322,847.12211895
2356,3555.10904901
718,406.286447912
2860,3014.40186221
4494,9013.10680627
2170,2527.41584499
1860,3199.67474072
8656,11207.9595184
874,2837.85546955
5927,5436.90800578
2224,3400.64393849
1066,2151.51429718
5359,5089.65900501
5646,6570.85267015
1693,1359.87549685
3555,5413.57084614
8600,10145.7839267
3826,5614.69247108
928,1363.50651658
955,3119.75281819
990,1418.6634887
3966,4097.45968015
4115,3927.68783269
669,781.763906061
1425,2401.47191539
502,989.402242448
1650,2600.959701
1737,2649.91697032
113930,87250.0892235
3504,3606.76136184
485,594.88909045
1940,2022.61091982
5927,7137.51701096
1280,1678.70403545
1584,1992.04881673
892,1570.3377565
1832,2032.38730276
750,1155.6233857
1304,1720.50042776
4824,5588.06945387
3483,3491.59891389
1159,1469.40041869
630,761.156184379
1401,997.827353776
2037,2793.72125692
2265,2407.06914196
3319,2973.24539657
3088,3246.78135938
1698,2276.29663123
896,980.958775659
6607,6111.12153935
585,924.980238858
2964,4584.2414773
2663,2661.60188015
593,966.363816112
989,792.080946118
1016,1703.56754516
437,494.302918715
1742,2006.21203456
1413,1746.56871366
286,1736.78422391
570,164.022066624
2570,3364.28809501
4009,3749.55976653
2895,3994.84137258
2223,2872.77655178
1388,1709.12769515
322,404.413666039
583,914.029818073
5249,5353.61061191
464,662.581003331
1722,2338.70598572
1328,1739.26799224
2972,6800.87718531
1143,1490.73191996
1455,2763.82400356
1003,1138.38648924
676,911.595571301
5816,6739.36519923
1576,1883.02576576
8509,7578.85757909
1532,1819.78670861
1432,2760.49672704
13635,10510.0078983
652,988.817111666
2591,1322.59018286
995,1289.81481983
219,196.306721722
4414,5165.44625742
1040,1190.3925027
1024,1336.42564621
1660,2081.8553472
313,306.05475273
1557,2241.53391915
763,1095.00630517
254,257.282922197
5456,5277.93575783
718,784.027175694
220,236.108273327
2408,3112.44845933
1252,2827.92668672
698,689.185025136
654,585.481437666
3050,3247.06578292
380,422.756308558
1737,2921.29227608
1401,1160.22670737
2029,2618.71670861
1159,1754.80852096
676,1083.25741726
1024,1260.14950008
652,988.882901463
1173,1789.98547805
887,2080.58825134
1698,2313.25295813
380,534.312380132
1388,2148.85617799
989,941.080160519
2895,4223.52882729
892,1721.11463369
5456,5467.19039299
1650,3147.3074675
3966,4928.19077125
219,405.274052293
750,1370.09387301
302,731.991983871
5249,5751.11163225
2170,2495.06978956
5192,6849.75179256
1016,1812.88698423
1455,2972.06523741
2265,2697.29442992
5816,6767.76392594
1742,2054.91967693
2408,3128.03644105
990,1611.57315803
313,383.367972306
1660,2207.8701244
2037,3410.39128723
3319,3094.37441348
1252,2849.33494329
485,634.253358603
2203,2737.86233032
4494,8144.4368243
1428,3163.06435916
718,137.742338822
2634,3814.66867008
2223,2899.5686181
322,381.511624776
1432,3007.58562625
896,967.912365647
2663,2696.63085069
254,318.078613684
1940,2386.25578034
2393,5404.1051453
8656,11356.4258497
5359,5012.34401885
13635,10490.0118017
874,1397.79751513
8600,10202.800879
1868,2940.40482758
5927,8511.46764156
3826,5279.44979258
654,831.826379165
1631,2574.97655978
1413,1404.96312091
5646,5459.37110451
1860,2556.66848503
2591,1632.19518792
3088,2812.36892143
4414,4370.08703514
15673,13996.3826002
669,745.15512999
693,628.155394588
1431,2287.72816892
1584,1949.63276642
4068,4199.73896236
4824,5476.72738868
580,687.051928827
1576,1655.21249651
3504,3558.51985798
585,955.862977377
1939,1903.19781629
570,216.188241475
113930,85497.6689389
2224,2902.04998322
286,1567.84719985
955,2998.77070731
5094,4446.57923332
220,249.736861305
6307,6893.61892206
1693,916.632811713
1066,2200.39333954
630,893.443167163
557,930.090965943
718,908.639064413
1532,1929.10878168
2964,4563.87681333
1143,1551.12800607
980,1212.88426575
1832,3818.54700724
928,1575.8791143
1280,2002.02208734
1722,2216.65089602
339,543.613985177
2480,2896.97480022
1122,1888.86204887
726,861.189967446
583,949.257216002
3050,3364.66550175
4009,3884.22435061
655,1242.04159047
2860,2866.44575356
464,676.196505253
8509,7688.11039495
2356,3713.02608127
12646,16782.1212015
1328,1724.18808111
763,1192.34149533
1557,2317.1952625
6607,6419.7165697
437,590.76296906
324,1074.5992885
1003,1371.96626813
3555,5206.70573669
7649,5712.8597338
698,893.232438193
1425,2972.52632737
3189,4888.91178312
3483,4316.51411379
2972,7280.24543148
593,1263.36067069
1304,2070.61801854
1318,2271.69839047
570,1083.66858554
1113,1480.53658036
988,1405.76661006
1832,2517.26713194
1884,2610.23006809
5927,5561.29140008
322,688.07171579
4115,4897.62451006
2172,2686.69536988
1079,1280.20718698
502,1195.21631021
995,1483.34404135
1877,3449.2496868
2570,3564.00896104
321,724.920111446
1040,1733.45567533
1431,2339.38191384
1113,1238.27980769
1455,2493.38800438
322,489.76849353
580,890.314429214
2037,2803.63615097
5456,4499.322924
5816,5474.96817724
652,859.581149078
2223,2579.43474432
654,868.22226123
995,1229.59823493
698,782.468934856
113930,87647.3083101
3189,3962.39559598
669,782.802668665
2408,2666.12619242
6307,7027.18098449
3555,4304.77341532
2570,2950.90310436
485,584.617492637
1940,2044.02962893
12646,13438.1943934
1698,1933.62201616
1040,1690.66321682
5094,4472.04357491
655,1045.10009356
585,1045.93740298
1860,2682.95933976
593,737.144425041
5249,5109.3572404
2972,7068.85561592
502,1069.24437679
1832,3655.88682982
693,660.227194249
1425,2741.00886741
7649,5438.31536387
1159,1568.35637441
2895,3898.59552031
1304,1763.212236
220,207.976042283
313,300.619429439
1432,2868.29868534
8509,7580.81875786
321,625.090866019
1650,2967.05323657
4494,8132.0767462
8656,11306.5051201
570,29.8293962604
630,829.284405094
3826,5142.14499388
1328,1594.13255595
4824,6755.56884984
4115,4580.59594313
887,1827.12818886
2591,1105.00661277
15673,17581.6430488
3483,4079.8084276
2224,3380.50322147
5927,5115.2341632
989,722.403126812
5646,6549.53834017
1868,2889.78029392
324,848.47576541
4068,5160.59397111
8600,10030.1312557
2172,2494.9687002
1066,2112.44718427
1693,1012.11719644
1428,3041.21873289
1939,2258.76286694
3050,3192.17251481
464,589.372625873
5359,4934.24785953
1143,1480.77008071
1003,1182.20252856
1122,1851.68182139
1318,2085.82190305
896,906.941646797
2203,2664.46279838
1388,1757.49652266
1024,1275.80944878
302,264.122683
1832,2227.6434011
928,1483.69503028
3319,3070.87886911
13635,10359.911427
557,752.492653268
1173,1147.89774479
437,379.581953132
286,1638.96228598
1576,1817.04207822
955,3414.71610872
2964,4420.70524864
4009,3656.37898234
1532,1730.82414616
583,838.424806151
4414,4983.8944147
1079,945.811516978
6607,6059.09100074
1877,3172.55743408
1016,1671.16216283
219,118.306348744
2265,2616.56355665
380,412.064012297
1722,2308.1362072
990,1588.10738066
763,1042.2150536
2170,2510.1183672
750,1209.50465888
322,652.262903698
1584,1990.14335257
1631,2710.12268293
339,527.100163551
718,753.933486284
1660,2051.71389292
2480,2820.41983066
1884,2509.82605512
570,930.426672957
5192,6787.11569235
980,1151.13236211
2029,2182.6033272
2356,3606.43729366
5927,8688.85098295
676,909.193069817
1742,1991.47801018
2860,2714.21566153
726,625.830028243
1413,1719.66783632
874,747.892358477
3504,4371.01227681
892,1855.65109373
1737,3181.75293244
2393,5521.76354787
3088,3263.11968173
1252,2867.29993371
988,1198.0728292
2663,2612.47069461
254,238.242250738
2634,3473.49898004
3966,4887.92561196
1557,2254.20050075
1401,1069.26429187
718,21.973909673
1280,1940.89542271
