43.8,64.8125
37,25.4625
52,47.09375
31.5,49.875
1586,97.78125
20.1,23.61875
39,36.75
42.3,26.81875
39.5,35.93125
212,90.11875
8.2,26.15
59.1,32.24375
29,29.95
36,66.5625
36.9,29.16875
31.5,46.4375
9,30.0625
54,42.50625
58.9,36.50625
89.5,48.1
22,30.63125
85,44.1125
55.7,34.7375
13.9,30.64375
34.3,36.1
18,43.45625
7.5,28.80625
103.5,41.63125
50.1,30.05
5.6,30.0
20.6,35.16875
37.1,49.51875
23,33.8
27.5,30.05
157,88.33125
120,43.09375
48,55.3125
37,30.05
6,34.8125
170,55.8625
32.7,55.925
7.1,28.64375
340,66.86875
67.3,48.55
59.5,48.69375
39,67.4
58.9,39.66875
37.2,39.6375
5.6,31.5875
59.1,30.4375
48,48.99375
37,31.6375
52,33.5875
67.3,65.475
9,31.5875
7.1,31.5875
39,84.25
103.5,44.23125
89.5,50.4
58.9,36.1625
37.1,46.14375
31.5,41.5125
6,36.05
50.1,28.1375
34.3,30.61875
39,33.975
20.6,37.45625
120,42.40625
7.5,27.30625
42.3,29.93125
22,30.60625
58.9,39.375
39.5,38.7125
23,32.50625
157,89.43125
36,48.1875
59.5,41.63125
55.7,40.45
8.2,26.8
37.2,28.31875
37,28.65
1586,88.7
18,50.4125
85,45.63125
54,39.14375
170,89.375
36.9,32.7375
27.5,32.99375
20.1,30.18125
32.7,57.18125
212,72.18125
13.9,29.975
340,59.275
29,30.875
31.5,49.8375
43.8,69.14375
67.3,67.3
157,88.50625
1586,88.46875
55.7,43.9625
23,28.2
34.3,29.28125
27.5,29.25625
42.3,32.41875
20.1,23.475
212,90.78125
18,51.85625
7.5,28.725
43.8,90.78125
39.5,46.88125
7.1,31.85625
36.9,31.81875
89.5,53.08125
31.5,48.10625
39,84.56875
58.9,31.18125
120,40.13125
59.1,26.025
37,28.49375
58.9,33.0625
48,42.2375
39,28.34375
59.5,43.46875
5.6,26.475
37.1,49.0875
54,42.5875
36,65.2
85,49.34375
37,31.98125
32.7,72.70625
8.2,24.71875
22,30.89375
31.5,43.11875
170,62.0
340,65.8
103.5,48.56875
37.2,40.58125
52,47.325
9,31.1375
6,39.275
20.6,37.5625
29,30.1375
50.1,37.33125
13.9,32.225
8.2,25.71875
212,87.48125
6,36.1875
31.5,47.99375
85,50.475
52,40.4625
54,43.25
32.7,73.65
37,32.8875
170,78.5375
120,46.7875
9,28.775
37,28.775
157,76.0875
34.3,28.91875
20.6,36.5625
39,43.81875
59.5,42.95625
1586,79.23125
42.3,27.50625
43.8,90.81875
31.5,43.45
39,84.60625
58.9,37.98125
36.9,29.94375
58.9,35.99375
29,26.06875
48,47.75625
67.3,45.6875
7.1,30.4625
36,45.575
55.7,34.53125
89.5,52.39375
13.9,29.25
18,53.25
20.1,29.76875
340,64.00625
39.5,47.99375
27.5,38.11875
7.5,29.375
22,32.49375
5.6,29.61875
23,33.66875
103.5,45.325
59.1,33.79375
37.2,40.5
50.1,37.6875
37.1,46.94375
50.1,29.93125
31.5,42.30625
39,63.56875
37,28.9
103.5,47.00625
39,32.68125
340,63.56875
27.5,29.93125
43.8,69.78125
54,44.00625
58.9,38.48125
48,50.2125
212,89.40625
34.3,32.9875
32.7,73.725
37.1,50.50625
59.5,45.44375
9,27.61875
29,28.33125
39.5,45.625
36.9,32.13125
22,32.1375
37,37.2
37.2,40.0625
58.9,38.79375
7.5,28.95
5.6,32.1375
20.6,33.69375
52,42.58125
59.1,28.71875
157,91.9875
8.2,26.875
18,51.03125
120,44.2875
31.5,46.75625
1586,89.2
36,49.8875
13.9,26.875
6,35.06875
89.5,50.2
67.3,62.21875
55.7,34.85
7.1,29.6875
85,49.6
42.3,32.36875
170,59.15
20.1,28.88125
23,34.93125
