4047,5180.79919523
1060,2670.75197571
25910,33509.3630808
4620,-2071.97475606
845,641.255815829
1520,5641.03936484
963,522.966763119
5931,20242.0857717
1651,4619.98977004
796,-28778.5480745
11039,8740.77486392
7105,6868.25789344
3600,6793.82010661
10000,12232.5400857
7871,12383.6755547
583,3253.30234001
7451,8708.84831701
5787,3488.30182953
4557,1970.87095706
1755,-4216.7454466
63694,36160.4429075
13700,10534.0043212
1233,-237.389403221
1745,-1162.12003057
11900,13913.3272962
5578,606.703385117
1100,842.091446353
7184,2178.87522234
37286,40211.2916316
14000,31960.3659919
5100,753.232613392
8117,11990.074666
18500,33988.1929706
3440,924.509407083
3850,9664.58344655
2957,6170.94149244
9369,3124.16496969
6816,1087.33627732
1981,-2950.47510934
4224,-3090.68602169
4150,6692.43440791
39479,37378.7540487
3240,3060.26390128
9700,1558.84859367
5279,-942.958998384
2565,12170.7658794
2826,-6757.62402878
1798,4947.19913493
1450,-1649.83318043
21272,11835.0851758
2330,9621.9283498
8752,5787.19423771
9125,10786.2340338
4456,-1935.50274607
15052,21390.912628
4300,13902.7485931
900,-11577.86532
8710,11091.4911193
7320,12384.2253045
11023,11974.3937428
6800,3018.0935548
10447,10897.0976234
796,-27689.5269606
845,-250.824706474
11039,7963.98903814
1745,-3147.53154591
2957,4356.11582305
13700,13293.1329664
2565,8704.88115804
5279,-2007.69261139
10000,14341.1002027
8752,5137.8610535
8117,11187.3210809
9700,3499.49384426
8710,10302.3079497
900,-3986.02907022
63694,33094.5262123
6800,6170.31173819
4557,-37.6219939757
21272,8415.61400573
1651,79.3797553719
7320,9364.89065987
11900,17542.1679936
39479,26430.9755355
4224,2245.42502372
5931,14243.6729595
4150,-1027.74173204
6816,8456.88309537
3850,4262.25136238
7184,-3022.25508257
4456,717.468471796
1520,5555.61168879
5578,4250.56912326
2330,7373.81048208
18500,40988.3959564
9125,8307.59163449
3240,-4264.33309185
7105,1979.819942
4620,-4139.23557306
3600,9286.55274567
963,-774.805360553
5100,-1474.98080309
10447,11222.733698
4047,835.394536903
583,14349.3372347
1100,17815.8938604
15052,22055.8515736
2826,438.802473865
37286,35474.4965625
14000,33576.3005428
7871,18286.1250698
25910,34665.1319443
4300,9819.89024254
3440,3078.71571829
9369,1367.23209205
5787,3358.07452619
11023,-1256.58159905
1450,-1842.42867601
7451,-172.0626828
1233,-1400.43491145
1798,-360.213764296
1060,126.288936187
1755,-7781.54025746
1981,-2523.0462815
2957,7539.00398336
8117,11185.0837874
1755,-2029.72963855
4456,1487.09136305
11900,20796.91274
13700,12856.5464159
4047,4689.04468704
7184,3631.04492737
3600,11741.6189649
4620,-3136.68615169
2565,11958.3282086
900,-5729.99165283
6800,4722.38198441
1233,1868.91898252
583,-3415.713138
1745,-4996.98928734
6816,2818.64914129
5578,1648.91479571
5279,-1917.07774608
1520,5202.45024556
3440,2214.5012138
9369,3999.55152402
1981,-2865.44676467
11023,4483.43485582
796,-14944.7180792
3240,825.33698622
11039,9061.98264414
2826,-2219.32677195
14000,27999.3169589
5787,9427.59838898
10447,11281.8997849
2330,7960.98299949
845,-1293.26862363
8752,6433.16665866
1100,3102.51571114
7451,4162.37496778
4557,3396.9292008
18500,36754.9900018
7105,10806.979758
10000,16210.3811069
15052,19704.4287087
4150,2943.10917855
1651,-74.848653584
8710,15981.1443301
25910,31483.5469821
5100,2817.10536735
9125,7786.00459719
21272,16411.8354479
3850,4240.66952757
37286,25450.0536922
4224,5280.42703631
63694,30641.2906786
9700,6659.55859758
4300,5188.18059371
1798,7219.83031691
1450,-685.137303885
963,3078.81280437
39479,21570.4930724
7871,13167.8934141
5931,12220.3128644
1060,4688.32413388
7320,11087.5981779
10000,14849.3041785
8752,7060.36173119
845,-584.159288369
1100,6648.3229393
1745,-2091.27947064
7105,8273.44766255
11900,23703.2545991
5578,2967.63003433
39479,39996.7862947
9700,3624.6689334
963,-2510.73208475
13700,12030.1545429
4224,908.872007733
63694,37151.4275772
1520,4858.09596345
2565,8300.68711347
4300,11431.7176001
3440,4308.52227504
1450,2558.91283858
2330,12328.0712701
4150,41.9148632797
3850,6695.44609757
25910,28479.7060953
1755,23.2684071226
21272,14791.896544
37286,39988.5530516
7184,4526.99234472
6816,2311.69483788
15052,20442.39908
4557,6335.0253445
14000,31558.9200814
3240,3114.06364498
9369,3434.96589749
5100,-1954.3928423
5787,8098.76353503
4456,2261.72379105
11023,9444.27246355
18500,40612.7773964
3600,10842.0865533
7871,12165.1905892
2826,-6126.10243365
11039,6474.84330057
6800,4505.49577593
4047,4654.17259749
4620,-863.945607951
8710,14740.7602594
7320,8499.70857024
1651,3533.39243123
10447,11132.4410561
5279,-826.040603944
8117,10294.8162937
2957,4908.39216216
583,13212.7401779
9125,12056.3250459
7451,4570.53224288
900,16530.8980681
1060,1741.12417476
1798,5559.49121301
1233,1688.01761837
1981,-2750.18993819
796,-66599.3440258
5931,21484.3259621
1520,5662.14199082
7451,928.527231111
3240,-1303.20018021
9700,15643.6190446
15052,18564.7369594
4300,4628.3732236
9125,10795.2039602
18500,40198.8370916
7871,9082.98840717
796,-14196.2558549
1450,-5393.02722317
5931,21288.9645581
6800,7567.42649293
7105,10095.2613022
4224,1108.85925172
10000,15045.7273032
1745,-5879.41638441
11023,5205.13408311
8117,12706.5930034
8752,5632.55636199
3850,5898.00778403
1981,-1501.86675946
2330,10551.1245055
13700,9974.41037862
3600,11780.3478204
7184,1082.88165165
6816,5847.03277779
4150,-4796.48569304
39479,41579.9160508
2565,11468.9490436
9369,3709.60177947
10447,12466.3513813
7320,12192.2740435
5787,7377.264403
5100,-414.866566869
4047,5468.66087576
4557,5490.74715791
25910,32238.1726173
21272,13522.2924527
8710,12277.3603331
2826,-3253.3733611
1798,1082.12302349
845,-3205.93112903
2957,6507.54922687
963,-2309.71160054
1755,-6326.29492924
11900,26495.9446893
4620,2165.59872026
11039,6494.39154625
900,-746.943759004
63694,36082.6656974
1060,-258.431372948
1233,-288.321528682
583,8679.07169141
3440,3695.02551667
5578,2461.47566417
4456,6914.02250732
14000,21529.1541424
1100,12384.2801262
37286,29440.3741124
1651,-826.462704229
5279,-115.159599824
