3647,3293.5
546,3293.5
2275,3293.5
7252,3293.5
2331,3293.5
4494,3293.5
3472,3293.5
1435,3293.5
4067,3293.5
2422,3293.5
9100,3293.5
1575,3293.5
2282,3293.5
710,3293.5
2174,3293.5
3136,3293.5
2989,3461.5
2821,3461.5
19894,3461.5
13860,3461.5
847,3461.5
14973,3461.5
9135,3461.5
2583,3461.5
1603,3461.5
6405,3461.5
595,3461.5
1617,3461.5
4004,3461.5
3948,3461.5
3542,3461.5
2800,3461.5
2548,570.5
4620,570.5
6699,570.5
5152,570.5
5775,570.5
1400,570.5
2429,570.5
3829,570.5
5880,570.5
14434,570.5
9520,570.5
8050,570.5
3164,570.5
2926,570.5
1267,570.5
1155,570.5
2569,570.5
2723,570.5
5817,570.5
4277,570.5
14987,570.5
651,570.5
8232,570.5
3927,570.5
3983,570.5
3626,570.5
3437,570.5
9051,570.5
2149,570.5
5180,570.5
12824,570.5
4172,570.5
2520,6380.5
6783,6380.5
3913,6380.5
3276,6380.5
23940,6380.5
10577,6380.5
2352,6380.5
3192,6380.5
5635,6380.5
805,6380.5
3941,6380.5
4977,6380.5
1876,6380.5
7854,6380.5
840,6380.5
5922,6380.5
11361,6380.5
7854,628.0
1400,628.0
3276,628.0
2352,628.0
6783,628.0
1155,628.0
1876,628.0
9051,628.0
3913,628.0
4977,628.0
3948,628.0
5180,628.0
5922,628.0
595,628.0
10577,628.0
9135,628.0
2275,4581.5
4004,4581.5
3829,4581.5
2174,4581.5
14434,4581.5
805,4581.5
4172,4581.5
1575,4581.5
2723,4581.5
3136,4581.5
3164,4581.5
14987,4581.5
2429,4581.5
5635,4581.5
4067,4581.5
3192,4581.5
11361,8452.5
3472,8452.5
3927,8452.5
5152,8452.5
1435,8452.5
12824,8452.5
3626,8452.5
2149,8452.5
13860,8452.5
5880,8452.5
9100,8452.5
8232,8452.5
3437,8452.5
3647,8452.5
5775,8452.5
2569,8452.5
23940,9002.0
8050,9002.0
6405,9002.0
2548,9002.0
4494,9002.0
847,9002.0
2520,9002.0
1617,9002.0
2422,9002.0
840,9002.0
9520,9002.0
14973,9002.0
6699,9002.0
2331,9002.0
2821,9002.0
4277,9002.0
7252,4785.375
3983,4785.375
710,4785.375
1603,4785.375
3542,4785.375
2989,4785.375
1267,4785.375
19894,4785.375
2926,4785.375
2800,4785.375
3941,4785.375
546,4785.375
4620,4785.375
2282,4785.375
2583,4785.375
651,4785.375
5817,4785.375
4977,10368.3125
2331,10368.3125
3136,10368.3125
2989,10368.3125
3647,10368.3125
5152,10368.3125
9051,10368.3125
1435,10368.3125
5880,10368.3125
6783,10368.3125
2352,10368.3125
3829,10368.3125
2821,10368.3125
10577,10368.3125
2569,10368.3125
3983,10368.3125
3626,6114.5
2520,6114.5
14434,6114.5
5635,6114.5
3437,6114.5
1400,6114.5
2282,6114.5
14973,6114.5
4620,6114.5
2174,6114.5
3941,6114.5
19894,6114.5
3948,6114.5
13860,6114.5
2723,6114.5
710,6114.5
7252,2660.0
6699,2660.0
2149,2660.0
3192,2660.0
847,2660.0
546,2660.0
3276,2660.0
2800,2660.0
1267,2660.0
4494,2660.0
2583,2660.0
7854,2660.0
840,2660.0
4277,2660.0
3913,2660.0
1575,2660.0
2429,2807.0
12824,2807.0
805,2807.0
14987,2807.0
1603,2807.0
5775,2807.0
4004,2807.0
23940,2807.0
5817,2807.0
1155,2807.0
4172,2807.0
2926,2807.0
595,2807.0
9135,2807.0
651,2807.0
6405,2807.0
3927,5510.75
2422,5510.75
2275,5510.75
3164,5510.75
4067,5510.75
5180,5510.75
11361,5510.75
3542,5510.75
1876,5510.75
1617,5510.75
9520,5510.75
9100,5510.75
3472,5510.75
2548,5510.75
5922,5510.75
8232,5510.75
8050,5510.75
10577,10566.5
3913,10566.5
14973,10566.5
2723,10566.5
5152,10566.5
3276,10566.5
3164,10566.5
7854,10566.5
6405,10566.5
9100,10566.5
3983,10566.5
1876,10566.5
5922,10566.5
2275,10566.5
3192,10566.5
3472,10566.5
14434,4452.0
5635,4452.0
3647,4452.0
12824,4452.0
5180,4452.0
2282,4452.0
3437,4452.0
2926,4452.0
8232,4452.0
840,4452.0
4172,4452.0
1435,4452.0
710,4452.0
4277,4452.0
2149,4452.0
6783,4452.0
1603,4228.0
651,4228.0
847,4228.0
1155,4228.0
4977,4228.0
19894,4228.0
1617,4228.0
5880,4228.0
3626,4228.0
3136,4228.0
2548,4228.0
2331,4228.0
3941,4228.0
9520,4228.0
2569,4228.0
4004,4228.0
7252,4781.4375
9135,4781.4375
14987,4781.4375
11361,4781.4375
8050,4781.4375
3829,4781.4375
3542,4781.4375
546,4781.4375
2422,4781.4375
13860,4781.4375
4494,4781.4375
9051,4781.4375
3927,4781.4375
5817,4781.4375
6699,4781.4375
5775,4781.4375
2429,8638.0
2989,8638.0
595,8638.0
2583,8638.0
23940,8638.0
1400,8638.0
3948,8638.0
4067,8638.0
2174,8638.0
2520,8638.0
2352,8638.0
2821,8638.0
805,8638.0
4620,8638.0
1267,8638.0
2800,8638.0
1575,8638.0
3472,2425.5
3829,2425.5
3626,2425.5
2548,2425.5
9135,2425.5
23940,2425.5
11361,2425.5
5880,2425.5
3983,2425.5
4977,2425.5
12824,2425.5
2331,2425.5
6783,2425.5
1603,2425.5
14434,2425.5
2174,2425.5
3913,1907.5
7252,1907.5
5635,1907.5
3647,1907.5
2800,1907.5
2926,1907.5
7854,1907.5
2149,1907.5
805,1907.5
710,1907.5
1435,1907.5
651,1907.5
4494,1907.5
847,1907.5
1575,1907.5
3542,1907.5
9100,3108.0
8050,3108.0
2989,3108.0
4620,3108.0
14987,3108.0
595,3108.0
3276,3108.0
840,3108.0
6405,3108.0
1617,3108.0
2569,3108.0
1876,3108.0
4067,3108.0
8232,3108.0
5922,3108.0
4004,3108.0
4277,6482.0
2583,6482.0
3941,6482.0
3948,6482.0
4172,6482.0
10577,6482.0
546,6482.0
9520,6482.0
19894,6482.0
3164,6482.0
14973,6482.0
3437,6482.0
3192,6482.0
5775,6482.0
2352,6482.0
3927,6482.0
2723,4575.375
2520,4575.375
3136,4575.375
13860,4575.375
6699,4575.375
1400,4575.375
5152,4575.375
1155,4575.375
2275,4575.375
2282,4575.375
2429,4575.375
9051,4575.375
2422,4575.375
2821,4575.375
5817,4575.375
5180,4575.375
1267,4575.375
