4047,5578
1060,1755
25910,14000
4620,10447
845,2826
1520,3600
963,4300
5931,9700
1651,5100
796,1981
11039,7320
7105,8710
3600,1520
10000,6800
7871,8752
583,1981
7451,6816
5787,2957
4557,3440
1755,1060
63694,15052
13700,9125
1233,8117
1745,2565
11900,4150
5578,4047
1100,1060
7184,4150
37286,25910
14000,25910
5100,6816
8117,1233
18500,39479
3440,8752
3850,13700
2957,5787
9369,2565
6816,5100
1981,11023
4224,3600
4150,7184
39479,18500
3240,6800
9700,5931
5279,5100
2565,9369
2826,5931
1798,8117
1450,1651
21272,1798
2330,5578
8752,3440
9125,13700
4456,5100
15052,11039
4300,963
900,2565
8710,7105
7320,11039
11023,1981
6800,10000
10447,4620
796,1981
845,1060
11039,7320
1745,1060
2957,5787
13700,9125
2565,9369
5279,6816
10000,6800
8752,3440
8117,1233
9700,5931
8710,7105
900,2565
63694,15052
6800,10000
4557,3440
21272,1798
1651,5100
7320,11039
11900,7184
39479,18500
4224,1520
5931,25910
4150,11900
6816,5100
3850,13700
7184,11900
4456,5100
1520,3600
5578,4047
2330,4047
18500,39479
9125,13700
3240,6800
7105,8710
4620,10447
3600,1520
963,4300
5100,6816
10447,4620
4047,5578
583,1981
1100,1060
15052,21272
2826,5931
37286,25910
14000,25910
7871,8752
25910,5931
4300,963
3440,4047
9369,2565
5787,2957
11023,8752
1450,6816
7451,6816
1233,8117
1798,8117
1060,845
1755,963
1981,4224
2957,5787
8117,1233
1755,1060
4456,5100
11900,4150
13700,9125
4047,5578
7184,4150
3600,1520
4620,10447
2565,9369
900,1233
6800,10000
1233,8117
583,1060
1745,2565
6816,5100
5578,4047
5279,5100
1520,3600
3440,8752
9369,2565
1981,4224
11023,1798
796,1981
3240,6800
11039,7320
2826,5931
14000,37286
5787,2957
10447,4620
2330,5578
845,1060
8752,3440
1100,1060
7451,6816
4557,3440
18500,39479
7105,1060
10000,6800
15052,11039
4150,7184
1651,5279
8710,9369
25910,37286
5100,4456
9125,13700
21272,1798
3850,13700
37286,14000
4224,1981
63694,15052
9700,4456
4300,1520
1798,1981
1450,6816
963,1520
39479,18500
7871,8752
5931,25910
1060,845
7320,11039
10000,6800
8752,3440
845,1060
1100,1060
1745,2565
7105,8710
11900,7184
5578,4047
39479,18500
9700,5931
963,4300
13700,9125
4224,1981
63694,15052
1520,3600
2565,9369
4300,963
3440,8752
1450,6816
2330,5578
4150,7184
3850,13700
25910,5931
1755,1060
21272,1798
37286,25910
7184,11900
6816,5279
15052,11039
4557,3440
14000,5279
3240,6800
9369,5578
5100,5931
5787,2957
4456,9700
11023,1981
18500,39479
3600,1520
7871,8752
2826,5931
11039,4224
6800,10000
4047,5578
4620,5279
8710,7105
7320,8752
1651,5100
10447,6816
5279,6816
8117,3600
2957,5787
583,6816
9125,13700
7451,6816
900,2565
1060,845
1798,21272
1233,3600
1981,4224
796,9369
5931,5100
1520,3600
7451,6816
3240,6800
9700,4456
15052,21272
4300,963
9125,13700
18500,39479
7871,8752
796,1981
1450,6816
5931,25910
6800,3240
7105,8710
4224,3600
10000,3240
1745,2565
11023,1798
8117,1233
8752,3440
3850,9125
1981,1798
2330,5578
13700,9125
3600,1520
7184,11900
6816,5279
4150,11900
39479,18500
2565,963
9369,5578
10447,4620
7320,11039
5787,2957
5100,4456
4047,5578
4557,3440
25910,5931
21272,15052
8710,7105
2826,5931
1798,1981
845,1060
2957,5787
963,4300
1755,1060
11900,7184
4620,10447
11039,7320
900,2565
63694,15052
1060,845
1233,8117
583,1981
3440,8752
5578,4047
4456,5100
14000,25910
1100,1981
37286,25910
1651,5100
5279,6816
