4047,2782.08155354
1060,1113.98823681
25910,10641.652282
4620,1933.07635123
845,1494.27080394
1520,1889.91530258
963,1842.71010962
5931,8907.70847068
1651,2133.3573033
796,1182.95660683
11039,2435.13356892
7105,3497.37538179
3600,2123.69925065
10000,5831.03890589
7871,2650.05213954
583,661.720622279
7451,2524.68123003
5787,1515.83993082
4557,2368.53725629
1755,1129.45646337
63694,11421.9523838
13700,1888.91487715
1233,697.583944945
1745,1133.12708837
11900,5806.47466444
5578,1677.79365047
1100,1738.18311154
7184,2230.17722063
37286,11283.3812808
14000,9472.50333777
5100,2678.11400793
8117,2482.33212815
18500,13140.3707252
3440,1280.84513041
3850,2999.469409
2957,2557.34703242
9369,2006.01803156
6816,3383.24189376
1981,1777.85274546
4224,2327.98219525
4150,3845.49061866
39479,16464.0158608
3240,4312.97004584
9700,5791.96220267
5279,1971.64645473
2565,1775.63355817
2826,2193.97415827
1798,2306.82567444
1450,1511.10172153
21272,4834.81247484
2330,1563.05832439
8752,1847.90524754
9125,2041.77049245
4456,2915.4274827
15052,2402.39314817
4300,1254.24324756
900,960.641350833
8710,4885.83060469
7320,1458.00431976
11023,2213.35127826
6800,4793.83421031
10447,2901.78602736
796,1077.75692374
845,1376.62563436
11039,2267.38355247
1745,1690.43793736
2957,2931.18952745
13700,2868.70566994
2565,2007.82324696
5279,2231.43935936
10000,9002.08697781
8752,2319.7419191
8117,2850.28710727
9700,6669.46198511
8710,5397.22367154
900,1117.45413526
63694,15729.1520371
6800,5300.06712203
4557,3237.20677754
21272,5336.75586774
1651,1789.22074551
7320,1652.95248893
11900,6019.42651225
39479,16950.6279695
4224,2374.98991357
5931,7514.17759672
4150,3818.92574535
6816,3365.01008968
3850,3013.19813464
7184,2244.65324415
4456,3163.76567734
1520,1570.20879874
5578,1696.05933823
2330,1755.18585094
18500,13151.0007792
9125,2249.78809419
3240,4269.44602572
7105,2870.94427296
4620,1613.7970827
3600,2618.87786877
963,1374.23282801
5100,2487.55525186
10447,2922.03615014
4047,2098.10390778
583,772.418283934
1100,1592.01219214
15052,2416.05435968
2826,2010.55589262
37286,10758.4524518
14000,9019.18426579
7871,3269.52839563
25910,8776.38309653
4300,1420.83755162
3440,1286.71725273
9369,2026.53637587
5787,2032.82602807
11023,2463.46418322
1450,1523.78017205
7451,3387.04320783
1233,930.889916489
1798,2320.16508876
1060,921.439650573
1755,1512.73918672
1981,1791.41417425
2957,2283.47022727
8117,2220.63685424
1755,1364.35572714
4456,2804.49602408
11900,5125.23766891
13700,2231.62888607
4047,2039.98905381
7184,1998.87912268
3600,2502.54631634
4620,1446.42478659
2565,1603.37983267
900,1017.38990205
6800,6025.41353531
1233,1114.95141608
583,1059.85265732
1745,1783.83281515
6816,3962.11619888
5578,1985.30836166
5279,2326.270194
1520,1838.14779014
3440,1515.22239118
9369,2371.75199505
1981,2098.4079669
11023,2864.684289
796,1058.69559809
3240,4896.70314289
11039,2234.29218708
2826,2462.35261178
14000,11013.8911001
5787,2249.39419381
10447,3577.83061801
2330,1946.86204487
845,1353.98982919
8752,2286.65950271
1100,1948.67346404
7451,3811.90413737
4557,3575.89781755
18500,14455.9873876
7105,2998.44468294
10000,8365.08504321
15052,2730.34225951
4150,4070.64924809
1651,1798.61316019
8710,5601.46436334
25910,9369.43272861
5100,2820.12515852
9125,2326.6280623
21272,5538.40234871
3850,3175.43342427
37286,8612.36689207
4224,1734.21979053
63694,11466.731393
9700,4339.36415054
4300,1043.32844675
1798,1717.55851803
1450,1123.12209722
963,1123.20491335
39479,12355.9497174
7871,2640.29639735
5931,5481.00313114
1060,674.60888209
7320,1210.38172717
10000,8607.94542222
8752,2231.32868805
845,1339.7801415
1100,1910.27604624
1745,1638.02586924
7105,3149.22458099
11900,6455.09761705
5578,1823.94855126
39479,18184.2007558
9700,6378.69294199
963,1653.93249871
13700,2744.83372758
4224,1935.34229256
63694,12503.8413272
1520,1303.73279389
2565,1485.23033972
4300,1185.67842554
3440,1075.36351466
1450,1270.83037987
2330,1458.31320822
4150,3172.34379369
3850,2503.93259581
25910,7166.53167774
1755,1258.56192504
21272,4443.15926194
37286,9829.74091562
7184,1893.86033879
6816,2885.6519953
15052,2227.08331383
4557,2699.99035008
14000,8246.7347347
3240,3684.93465732
9369,1709.67666837
5100,2302.98238216
5787,1705.52421287
4456,2712.71889988
11023,2067.8398179
18500,11448.0514389
3600,2441.71346833
7871,3039.54640438
2826,1892.98666869
11039,1729.33966614
6800,4426.49907035
4047,1973.50642106
4620,1382.1237247
8710,4508.65322171
7320,1418.57431042
1651,1521.16450687
10447,2722.50251696
5279,1398.39982826
8117,1793.50069032
2957,1843.14944795
583,583.599856422
9125,1605.97218092
7451,2436.75622556
900,757.076956283
1060,614.598216456
1798,1652.9104285
1233,626.33847622
1981,1256.76302468
796,655.46977412
5931,5372.35299219
1520,1663.8008086
7451,3592.46070306
3240,4594.27499026
9700,6166.3196747
15052,2802.96505217
4300,1511.93694104
9125,2392.19166507
18500,14248.7887605
7871,3766.69300155
796,1051.25719789
1450,1624.52528455
5931,7782.36909038
6800,4532.01559097
7105,2488.13031267
4224,2008.3659444
10000,6879.84543976
1745,1268.30388665
11023,2098.75661637
8117,2162.3376068
8752,1753.32855961
3850,2631.15397293
1981,1518.92311776
2330,1490.07820349
13700,2168.17286486
3600,3174.38998669
7184,2479.34061581
6816,3788.41675524
4150,4322.35837753
39479,18654.0969357
2565,1960.16599936
9369,2230.56657856
10447,3541.41464741
7320,1793.46421779
5787,2223.69173555
5100,3016.89381511
4047,2547.41571878
4557,3542.59369736
25910,9693.26597204
21272,5751.28157436
8710,5812.93173302
2826,2393.68813473
1798,2522.67512596
845,1320.17243185
2957,2813.83836211
963,1639.53862142
1755,1620.74080668
11900,6502.88980553
4620,1720.90150485
11039,2172.84340484
900,1027.6323134
63694,14590.1567992
1060,850.282773487
1233,860.077526938
583,811.273431949
3440,1190.84651755
5578,1577.11037676
4456,3014.71086847
14000,9192.35408073
1100,1643.15614548
37286,10956.8517071
1651,1654.20109337
5279,1855.73026181
