130.3,86.9
1107.31,336.3
287,86.9
82.5,84
69.9,23.2
336.3,116
23.2,84
116,258.7
246.9,258.7
86.9,287
230.7,130.3
157,130.3
72,82.5
84,82.5
258.7,116
230.7,130.3
86.9,287
157,130.3
82.5,84
72,84
23.2,84
130.3,86.9
69.9,23.2
287,86.9
84,82.5
1107.31,336.3
116,258.7
246.9,116
336.3,116
258.7,116
1107.31,336.3
69.9,130.3
258.7,116
116,258.7
246.9,258.7
130.3,86.9
230.7,157
86.9,287
72,82.5
84,23.2
82.5,72
287,86.9
23.2,84
157,230.7
336.3,116
336.3,116
246.9,116
258.7,116
23.2,84
230.7,157
287,86.9
86.9,287
72,82.5
84,82.5
69.9,246.9
130.3,86.9
1107.31,336.3
116,258.7
157,230.7
82.5,84
287,130.3
86.9,130.3
84,82.5
336.3,116
23.2,84
230.7,157
69.9,23.2
72,82.5
157,230.7
1107.31,336.3
130.3,86.9
258.7,116
246.9,258.7
82.5,84
116,258.7
