395,1980.0
374,1980.0
3148,1980.0
190,1980.0
11719,1980.0
1028,1980.0
7490,1980.0
237,1980.0
2971,1980.0
1916,1980.0
1249,1980.0
16042,1980.0
8227,1980.0
7824,1980.0
3566,1980.0
7263,1980.0
212,1980.0
1238,1980.0
687,1980.0
2321,1980.0
1278,1980.0
7060,1980.0
440,1980.0
1984,1980.0
1930,1980.0
729,1980.0
2446,1980.0
10200,1980.0
2999,1980.0
929,1980.0
5732,1980.0
4504,1980.0
817,1980.0
4150,1980.0
4164,1980.0
500,1980.0
6138,1980.0
1121,1980.0
448,1980.0
14520,1980.0
4158,1980.0
3800,1980.0
640,1980.0
1167,1980.0
2836,1980.0
54620,1980.0
1262,1980.0
903,1980.0
2540,1980.0
780,1980.0
3500,1980.0
5242,1980.0
2387,1980.0
950,1980.0
3133,1980.0
1061,1980.0
4622,1980.0
1134,1980.0
3437,1980.0
15165,1980.0
5333,1980.0
3214,1980.0
352,1980.0
2941,1980.0
1035,1980.0
9094,1980.0
619,1980.0
498,1980.0
883,1980.0
1434,1980.0
3655,1980.0
246,1980.0
1158,1980.0
8702,1980.0
570,1980.0
1704,1980.0
2108,1980.0
1532,1980.0
526,1980.0
941,1980.0
1451,1980.0
7575,1980.0
26,1980.0
3322,1980.0
553,1980.0
1741,1980.0
358,1980.0
3762,1980.0
601,1980.0
911,1980.0
10222,1980.0
2112,1980.0
1017,1980.0
2385,1980.0
2684,1980.0
1126,1980.0
700,1980.0
191,1980.0
1644,1980.0
3877,10069.5
1525,10069.5
3006,10069.5
300,10069.5
676,10069.5
183,10069.5
668,10069.5
705,10069.5
32760,10069.5
1293,10069.5
281,10069.5
2683,10069.5
1265,10069.5
2933,10069.5
1607,10069.5
176,10069.5
784,10069.5
2835,10069.5
540,10069.5
3612,10069.5
3431,10069.5
380,10069.5
3193,10069.5
3646,10069.5
5639,10069.5
720,10069.5
631,10069.5
2552,10069.5
2326,10069.5
5196,10069.5
28855,10069.5
25217,10069.5
736,10069.5
16921,10069.5
1788,10069.5
2109,10069.5
1661,10069.5
129,10069.5
17607,10069.5
16788,10069.5
646,10069.5
1007,10069.5
481,10069.5
406,10069.5
7505,10069.5
5053,10069.5
1171,10069.5
7762,10069.5
2002,10069.5
566,10069.5
2019,10069.5
252,10069.5
742,10069.5
25401,10069.5
943,10069.5
8549,10069.5
1514,10069.5
281,10069.5
4112,10069.5
665,10069.5
2988,10069.5
1785,10069.5
3630,10069.5
2994,10069.5
239,10069.5
286,10069.5
871,10069.5
22920,10069.5
5432,10069.5
247,10069.5
4723,10069.5
584,10069.5
2597,10069.5
893,10069.5
34085,10069.5
499,10069.5
440,10069.5
13130,10069.5
683,10069.5
1101,10069.5
338,10069.5
5400,10069.5
8470,10069.5
5532,10069.5
114,10069.5
408,10069.5
1211,10069.5
6068,10069.5
801,10069.5
334,10069.5
774,10069.5
4800,10069.5
500,10069.5
976,10069.5
3372,10069.5
973,10069.5
2496,10069.5
2400,10069.5
486,10069.5
564,10069.5
5533,859.5
2532,859.5
580,859.5
3238,859.5
2054,859.5
220,859.5
1464,859.5
893,859.5
770,859.5
6821,859.5
225,859.5
354,859.5
2038,859.5
1186,859.5
1039,859.5
1829,859.5
2027,859.5
410,859.5
2450,859.5
252,859.5
8663,859.5
2347,859.5
349,859.5
6844,859.5
2553,859.5
5103,859.5
2082,859.5
803,859.5
1139,859.5
201,859.5
400,859.5
1786,859.5
528,859.5
2856,859.5
2672,859.5
2362,859.5
605,859.5
3191,859.5
4086,859.5
246,859.5
2515,859.5
2333,859.5
450,859.5
2974,859.5
436,859.5
2185,859.5
3503,859.5
1200,859.5
1817,859.5
1333,859.5
3711,859.5
117,859.5
1243,859.5
5841,859.5
5597,859.5
43303,859.5
3532,859.5
19699,859.5
2566,859.5
3995,859.5
2435,859.5
1073,859.5
1210,859.5
27000,859.5
1584,859.5
1853,859.5
5800,859.5
3434,859.5
3585,859.5
2395,859.5
13528,859.5
2600,859.5
1076,859.5
300,859.5
140,859.5
1049,859.5
26408,859.5
1634,859.5
145,859.5
2459,859.5
16560,859.5
1417,859.5
1775,859.5
305,859.5
1248,859.5
7443,859.5
2520,859.5
249,859.5
387,859.5
1396,859.5
7091,859.5
296,859.5
3348,859.5
812,859.5
8046,859.5
8740,859.5
1869,859.5
976,859.5
80,859.5
6416,859.5
4416,670.0
2310,670.0
8716,670.0
10942,670.0
136,670.0
417,670.0
569,670.0
534,670.0
5727,670.0
16357,670.0
686,670.0
752,670.0
21014,670.0
778,670.0
392,670.0
3189,670.0
2551,670.0
563,670.0
4945,670.0
1896,670.0
2064,670.0
1754,670.0
3287,670.0
3853,670.0
2391,670.0
3219,670.0
1313,670.0
2521,670.0
2360,670.0
1244,670.0
4301,670.0
1223,670.0
3677,670.0
211,670.0
591,670.0
1393,670.0
140,670.0
148,670.0
667,670.0
311,670.0
1080,670.0
503,670.0
399,670.0
3675,670.0
1724,670.0
997,670.0
9720,670.0
597,670.0
49034,670.0
14938,670.0
198,670.0
3546,670.0
3201,670.0
25482,670.0
1238,670.0
470,670.0
2306,670.0
1823,670.0
2299,670.0
701,670.0
909,670.0
2604,670.0
600,670.0
3303,670.0
1686,670.0
4054,670.0
562,670.0
477,670.0
937,670.0
544,670.0
764,670.0
5482,670.0
601,670.0
3088,670.0
1001,670.0
170,670.0
293,670.0
1694,670.0
4019,670.0
5864,670.0
4695,670.0
4947,670.0
9409,670.0
827,670.0
560,670.0
2933,670.0
1404,670.0
454,670.0
763,670.0
2890,670.0
25054,670.0
13919,670.0
328,670.0
2244,670.0
2791,670.0
2430,670.0
1694,670.0
1668,670.0
241,670.0
2445,670.0
344,3268.5
2565,3268.5
3748,3268.5
2184,3268.5
3368,3268.5
579,3268.5
11388,3268.5
29399,3268.5
285,3268.5
4630,3268.5
391,3268.5
494,3268.5
12551,3268.5
2508,3268.5
4266,3268.5
6765,3268.5
1557,3268.5
4867,3268.5
7459,3268.5
4900,3268.5
11045,3268.5
13752,3268.5
776,3268.5
3638,3268.5
1482,3268.5
1538,3268.5
1801,3268.5
1383,3268.5
2741,3268.5
594,3268.5
2014,3268.5
471,3268.5
1727,3268.5
1251,3268.5
341,3268.5
6063,3268.5
3703,3268.5
5650,3268.5
1050,3268.5
2952,3268.5
1939,3268.5
2040,3268.5
9296,3268.5
2640,3268.5
702,3268.5
4551,3268.5
1358,3268.5
906,3268.5
404,3268.5
11490,3268.5
4955,3268.5
442,3268.5
1362,3268.5
992,3268.5
204,3268.5
5757,3268.5
789,3268.5
3344,3268.5
5876,3268.5
3981,3268.5
33028,3268.5
2533,3268.5
1586,3268.5
5078,3268.5
691,3268.5
329,3268.5
2194,3268.5
8706,3268.5
1440,3268.5
2078,3268.5
10080,3268.5
2088,3268.5
2639,3268.5
3132,3268.5
1708,3268.5
4815,3268.5
7816,3268.5
915,3268.5
762,3268.5
3234,3268.5
15039,3268.5
899,3268.5
8111,3268.5
667,3268.5
617,3268.5
1213,3268.5
10398,3268.5
1817,3268.5
2542,3268.5
1512,3268.5
16179,3268.5
89,3268.5
1579,3268.5
2738,3268.5
36046,3268.5
22500,3268.5
483,3268.5
3986,3268.5
338,3268.5
1246,3268.5
349,350.5
498,350.5
212,350.5
129,350.5
2002,350.5
2835,350.5
2310,350.5
1708,350.5
2306,350.5
3148,350.5
80,350.5
691,350.5
591,350.5
665,350.5
183,350.5
380,350.5
601,350.5
3762,350.5
499,350.5
1238,350.5
4112,350.5
2941,350.5
300,350.5
1080,350.5
683,350.5
417,350.5
1200,350.5
600,350.5
2566,350.5
1293,350.5
2988,350.5
646,350.5
778,350.5
580,350.5
883,350.5
338,350.5
2565,350.5
6138,350.5
540,350.5
1211,350.5
736,350.5
2088,350.5
25482,350.5
4945,350.5
2387,350.5
5482,350.5
503,350.5
2738,350.5
1243,350.5
3532,350.5
700,350.5
2078,350.5
701,350.5
5078,350.5
442,350.5
6063,350.5
3006,350.5
9094,350.5
1512,350.5
1396,350.5
190,350.5
2385,350.5
2639,350.5
1440,350.5
387,350.5
2321,350.5
8702,350.5
471,350.5
2600,350.5
2890,350.5
1417,350.5
1186,350.5
617,350.5
1482,350.5
281,350.5
5597,350.5
22500,350.5
252,350.5
4815,350.5
3238,350.5
5639,350.5
601,350.5
817,350.5
2553,350.5
1139,350.5
1121,350.5
400,350.5
702,350.5
211,350.5
667,350.5
2446,350.5
4158,350.5
4900,350.5
1244,350.5
89,350.5
893,350.5
486,350.5
16179,350.5
22920,350.5
1028,2760.0
584,2760.0
328,2760.0
579,2760.0
2326,2760.0
1869,2760.0
5841,2760.0
1210,2760.0
2400,2760.0
1249,2760.0
1724,2760.0
5400,2760.0
2445,2760.0
3748,2760.0
801,2760.0
528,2760.0
3981,2760.0
903,2760.0
4504,2760.0
338,2760.0
241,2760.0
500,2760.0
21014,2760.0
6765,2760.0
3612,2760.0
560,2760.0
1434,2760.0
311,2760.0
5103,2760.0
2435,2760.0
11045,2760.0
1134,2760.0
329,2760.0
16921,2760.0
2952,2760.0
2994,2760.0
562,2760.0
399,2760.0
1694,2760.0
296,2760.0
5727,2760.0
406,2760.0
2856,2760.0
352,2760.0
5196,2760.0
5732,2760.0
2532,2760.0
4054,2760.0
687,2760.0
3201,2760.0
2064,2760.0
1073,2760.0
937,2760.0
5532,2760.0
2552,2760.0
2082,2760.0
570,2760.0
34085,2760.0
4019,2760.0
2496,2760.0
4695,2760.0
2109,2760.0
1167,2760.0
569,2760.0
198,2760.0
1464,2760.0
1668,2760.0
7816,2760.0
5432,2760.0
1916,2760.0
117,2760.0
667,2760.0
374,2760.0
1050,2760.0
5242,2760.0
871,2760.0
4723,2760.0
899,2760.0
1801,2760.0
2791,2760.0
10222,2760.0
7263,2760.0
1223,2760.0
43303,2760.0
2974,2760.0
1362,2760.0
1584,2760.0
3234,2760.0
454,2760.0
28855,2760.0
1823,2760.0
2515,2760.0
1001,2760.0
742,2760.0
2450,2760.0
148,2760.0
534,2760.0
7443,2760.0
2194,2760.0
803,2760.0
5650,361.5
1853,361.5
2672,361.5
566,361.5
114,361.5
500,361.5
3546,361.5
27000,361.5
2604,361.5
3566,361.5
1607,361.5
812,361.5
1984,361.5
1007,361.5
1930,361.5
2933,361.5
3646,361.5
36046,361.5
8470,361.5
239,361.5
676,361.5
1049,361.5
404,361.5
1076,361.5
201,361.5
13528,361.5
140,361.5
640,361.5
3344,361.5
5757,361.5
3214,361.5
553,361.5
15165,361.5
789,361.5
4164,361.5
1514,361.5
136,361.5
997,361.5
1313,361.5
8227,361.5
3995,361.5
8716,361.5
1333,361.5
33028,361.5
176,361.5
8740,361.5
763,361.5
3372,361.5
597,361.5
16357,361.5
3191,361.5
1126,361.5
4955,361.5
17607,361.5
9409,361.5
14520,361.5
1451,361.5
3503,361.5
2244,361.5
2542,361.5
440,361.5
564,361.5
2999,361.5
10200,361.5
470,361.5
764,361.5
976,361.5
1213,361.5
2038,361.5
483,361.5
915,361.5
1634,361.5
10080,361.5
976,361.5
1251,361.5
5053,361.5
526,361.5
391,361.5
720,361.5
7505,361.5
54620,361.5
246,361.5
13130,361.5
249,361.5
780,361.5
2391,361.5
893,361.5
1404,361.5
1896,361.5
2362,361.5
8549,361.5
3585,361.5
3431,361.5
3437,361.5
145,361.5
140,361.5
4622,361.5
1644,361.5
1278,361.5
2108,361.5
594,487.5
1393,487.5
1786,487.5
1383,487.5
8663,487.5
25054,487.5
729,487.5
204,487.5
237,487.5
29399,487.5
1661,487.5
8706,487.5
281,487.5
8046,487.5
1686,487.5
1939,487.5
11719,487.5
247,487.5
2112,487.5
752,487.5
4947,487.5
300,487.5
477,487.5
1061,487.5
3703,487.5
943,487.5
5533,487.5
2683,487.5
1101,487.5
1586,487.5
1246,487.5
1265,487.5
4800,487.5
774,487.5
2836,487.5
2551,487.5
1788,487.5
1775,487.5
4867,487.5
4630,487.5
4150,487.5
3348,487.5
1158,487.5
2640,487.5
3088,487.5
1017,487.5
2014,487.5
1754,487.5
408,487.5
3877,487.5
285,487.5
1829,487.5
9720,487.5
1785,487.5
2027,487.5
3303,487.5
2333,487.5
3638,487.5
354,487.5
2185,487.5
3193,487.5
2360,487.5
6416,487.5
8111,487.5
7762,487.5
7575,487.5
25217,487.5
906,487.5
2040,487.5
2184,487.5
1171,487.5
448,487.5
3219,487.5
440,487.5
4301,487.5
7824,487.5
3287,487.5
191,487.5
2508,487.5
3133,487.5
544,487.5
1262,487.5
4266,487.5
3434,487.5
1358,487.5
7459,487.5
2597,487.5
26,487.5
1238,487.5
1704,487.5
3322,487.5
436,487.5
3986,487.5
5333,487.5
1525,487.5
1035,487.5
25401,487.5
4551,487.5
619,487.5
973,487.5
11490,976.0
1741,976.0
341,976.0
2395,976.0
2347,976.0
494,976.0
941,976.0
2520,976.0
26408,976.0
450,976.0
686,976.0
2540,976.0
3711,976.0
32760,976.0
286,976.0
13752,976.0
631,976.0
246,976.0
3675,976.0
358,976.0
605,976.0
3655,976.0
392,976.0
5864,976.0
9296,976.0
4086,976.0
992,976.0
395,976.0
4416,976.0
827,976.0
1248,976.0
668,976.0
6821,976.0
2971,976.0
563,976.0
293,976.0
776,976.0
1538,976.0
12551,976.0
334,976.0
16560,976.0
1039,976.0
7091,976.0
929,976.0
7490,976.0
5876,976.0
2933,976.0
950,976.0
410,976.0
3677,976.0
3630,976.0
481,976.0
220,976.0
19699,976.0
3189,976.0
16788,976.0
1817,976.0
3132,976.0
344,976.0
13919,976.0
770,976.0
909,976.0
2430,976.0
911,976.0
7060,976.0
10942,976.0
252,976.0
1817,976.0
2521,976.0
10398,976.0
1694,976.0
170,976.0
1579,976.0
14938,976.0
2684,976.0
762,976.0
1727,976.0
2741,976.0
2299,976.0
3368,976.0
15039,976.0
225,976.0
5800,976.0
2533,976.0
2019,976.0
49034,976.0
1532,976.0
305,976.0
784,976.0
3853,976.0
2459,976.0
11388,976.0
6068,976.0
2054,976.0
16042,976.0
705,976.0
6844,976.0
1557,976.0
3800,976.0
3500,976.0
3877,512.5
2988,512.5
380,512.5
4551,512.5
2002,512.5
2604,512.5
2533,512.5
705,512.5
246,512.5
3566,512.5
1896,512.5
477,512.5
49034,512.5
1383,512.5
1121,512.5
28855,512.5
27000,512.5
4416,512.5
1538,512.5
328,512.5
4955,512.5
329,512.5
1801,512.5
2741,512.5
700,512.5
1557,512.5
311,512.5
3348,512.5
1101,512.5
3201,512.5
454,512.5
7443,512.5
170,512.5
13919,512.5
691,512.5
1440,512.5
2064,512.5
1482,512.5
2435,512.5
148,512.5
5757,512.5
503,512.5
281,512.5
7263,512.5
1525,512.5
442,512.5
436,512.5
640,512.5
5400,512.5
1223,512.5
619,512.5
440,512.5
780,512.5
16560,512.5
801,512.5
4723,512.5
2553,512.5
1158,512.5
2835,512.5
3748,512.5
2078,512.5
5482,512.5
374,512.5
5597,512.5
1775,512.5
395,512.5
114,512.5
1246,512.5
300,512.5
16921,512.5
601,512.5
5876,512.5
2391,512.5
4164,512.5
12551,512.5
1817,512.5
701,512.5
145,512.5
3322,512.5
25401,512.5
4086,512.5
6416,512.5
1661,512.5
1634,512.5
8702,512.5
1293,512.5
417,512.5
2542,512.5
25054,512.5
601,512.5
2532,512.5
3986,512.5
687,512.5
344,512.5
2014,512.5
140,512.5
1984,512.5
400,512.5
1238,512.5
1238,2823.5
5053,2823.5
220,2823.5
15039,2823.5
1607,2823.5
2971,2823.5
2088,2823.5
2445,2823.5
3193,2823.5
3655,2823.5
5432,2823.5
17607,2823.5
249,2823.5
883,2823.5
3677,2823.5
594,2823.5
3995,2823.5
1167,2823.5
239,2823.5
440,2823.5
1333,2823.5
778,2823.5
4945,2823.5
2974,2823.5
1532,2823.5
943,2823.5
21014,2823.5
605,2823.5
591,2823.5
937,2823.5
992,2823.5
212,2823.5
7575,2823.5
247,2823.5
1754,2823.5
1393,2823.5
915,2823.5
198,2823.5
10080,2823.5
2038,2823.5
1251,2823.5
3006,2823.5
528,2823.5
1171,2823.5
448,2823.5
1686,2823.5
5532,2823.5
929,2823.5
4019,2823.5
3189,2823.5
2508,2823.5
5196,2823.5
544,2823.5
7091,2823.5
358,2823.5
293,2823.5
973,2823.5
1579,2823.5
646,2823.5
2360,2823.5
950,2823.5
9720,2823.5
729,2823.5
789,2823.5
597,2823.5
481,2823.5
1512,2823.5
1049,2823.5
899,2823.5
1080,2823.5
3853,2823.5
8111,2823.5
201,2823.5
774,2823.5
752,2823.5
1916,2823.5
6765,2823.5
3500,2823.5
1139,2823.5
2597,2823.5
2299,2823.5
8046,2823.5
2184,2823.5
2112,2823.5
7490,2823.5
3503,2823.5
5864,2823.5
580,2823.5
204,2823.5
1396,2823.5
354,2823.5
7824,2823.5
43303,2823.5
500,2823.5
3344,2823.5
736,2823.5
2108,2823.5
976,2823.5
3088,2823.5
2362,2823.5
2321,478.5
2551,478.5
1050,478.5
562,478.5
1213,478.5
25482,478.5
2640,478.5
483,478.5
3234,478.5
117,478.5
911,478.5
8716,478.5
286,478.5
1035,478.5
1829,478.5
237,478.5
2600,478.5
305,478.5
404,478.5
190,478.5
2565,478.5
570,478.5
1451,478.5
10222,478.5
5533,478.5
4150,478.5
2430,478.5
392,478.5
2890,478.5
817,478.5
5078,478.5
3981,478.5
387,478.5
3630,478.5
16042,478.5
1741,478.5
352,478.5
2019,478.5
3703,478.5
80,478.5
2400,478.5
1788,478.5
5333,478.5
4301,478.5
16788,478.5
871,478.5
617,478.5
2446,478.5
3646,478.5
14938,478.5
1007,478.5
4266,478.5
720,478.5
5727,478.5
5650,478.5
997,478.5
16179,478.5
13528,478.5
1708,478.5
676,478.5
296,478.5
2738,478.5
2520,478.5
4158,478.5
2994,478.5
1243,478.5
2082,478.5
338,478.5
1265,478.5
33028,478.5
3800,478.5
893,478.5
4815,478.5
600,478.5
391,478.5
2933,478.5
2684,478.5
1704,478.5
2999,478.5
4800,478.5
285,478.5
2385,478.5
8740,478.5
2040,478.5
8470,478.5
9296,478.5
534,478.5
4947,478.5
3148,478.5
281,478.5
3219,478.5
4504,478.5
2109,478.5
7505,478.5
1823,478.5
7060,478.5
11045,478.5
500,478.5
4630,478.5
2941,478.5
1073,404.5
553,404.5
2310,404.5
16357,404.5
22500,404.5
191,404.5
36046,404.5
300,404.5
5800,404.5
2552,404.5
26408,404.5
8663,404.5
2515,404.5
252,404.5
584,404.5
3132,404.5
3434,404.5
25217,404.5
1434,404.5
1817,404.5
827,404.5
2496,404.5
1464,404.5
3638,404.5
526,404.5
1028,404.5
6063,404.5
566,404.5
1939,404.5
5841,404.5
1417,404.5
6138,404.5
241,404.5
3532,404.5
667,404.5
2326,404.5
19699,404.5
2856,404.5
3133,404.5
5103,404.5
1017,404.5
1785,404.5
341,404.5
8549,404.5
334,404.5
410,404.5
3287,404.5
4112,404.5
1694,404.5
6844,404.5
3612,404.5
2683,404.5
4867,404.5
471,404.5
211,404.5
498,404.5
499,404.5
1694,404.5
2027,404.5
2521,404.5
909,404.5
136,404.5
2395,404.5
246,404.5
8227,404.5
686,404.5
10398,404.5
784,404.5
399,404.5
406,404.5
1786,404.5
941,404.5
34085,404.5
10942,404.5
3368,404.5
1076,404.5
2387,404.5
4695,404.5
5242,404.5
225,404.5
3238,404.5
3431,404.5
29399,404.5
2836,404.5
26,404.5
812,404.5
486,404.5
4054,404.5
1724,404.5
976,404.5
1869,404.5
3303,404.5
349,404.5
11490,404.5
1404,404.5
15165,404.5
1244,404.5
9409,404.5
450,404.5
89,404.5
1061,490.5
3546,490.5
2540,490.5
2952,490.5
776,490.5
3437,490.5
183,490.5
1249,490.5
893,490.5
3372,490.5
3214,490.5
1001,490.5
540,490.5
770,490.5
5732,490.5
3191,490.5
54620,490.5
2933,490.5
1586,490.5
762,490.5
6068,490.5
668,490.5
7762,490.5
1134,490.5
5639,490.5
1248,490.5
564,490.5
1358,490.5
631,490.5
11388,490.5
494,490.5
9094,490.5
2791,490.5
903,490.5
2054,490.5
13752,490.5
14520,490.5
470,490.5
140,490.5
3762,490.5
1262,490.5
2639,490.5
10200,490.5
560,490.5
906,490.5
742,490.5
7816,490.5
8706,490.5
32760,490.5
1039,490.5
2333,490.5
803,490.5
4622,490.5
7459,490.5
1644,490.5
667,490.5
6821,490.5
1668,490.5
563,490.5
4900,490.5
1126,490.5
1362,490.5
1186,490.5
579,490.5
2347,490.5
569,490.5
2459,490.5
1930,490.5
763,490.5
2244,490.5
1584,490.5
2672,490.5
1727,490.5
2450,490.5
665,490.5
1278,490.5
683,490.5
1200,490.5
702,490.5
2185,490.5
252,490.5
2566,490.5
129,490.5
3675,490.5
176,490.5
1853,490.5
22920,490.5
3711,490.5
11719,490.5
1210,490.5
1313,490.5
408,490.5
1514,490.5
1211,490.5
13130,490.5
3585,490.5
2194,490.5
2306,490.5
338,490.5
764,490.5
10222,1058.5
584,1058.5
9296,1058.5
1930,1058.5
1396,1058.5
293,1058.5
3238,1058.5
4164,1058.5
770,1058.5
4112,1058.5
25482,1058.5
5400,1058.5
1817,1058.5
1134,1058.5
1788,1058.5
1243,1058.5
13130,1058.5
6068,1058.5
579,1058.5
526,1058.5
204,1058.5
3675,1058.5
1200,1058.5
2054,1058.5
1482,1058.5
6138,1058.5
1869,1058.5
973,1058.5
909,1058.5
1211,1058.5
2683,1058.5
3585,1058.5
16179,1058.5
13528,1058.5
5650,1058.5
380,1058.5
4800,1058.5
3133,1058.5
500,1058.5
3532,1058.5
49034,1058.5
400,1058.5
3088,1058.5
1741,1058.5
1754,1058.5
950,1058.5
1050,1058.5
300,1058.5
801,1058.5
2088,1058.5
3981,1058.5
3303,1058.5
563,1058.5
5597,1058.5
667,1058.5
569,1058.5
305,1058.5
1017,1058.5
3986,1058.5
296,1058.5
3655,1058.5
3191,1058.5
3711,1058.5
25401,1058.5
1532,1058.5
2306,1058.5
486,1058.5
1126,1058.5
591,1058.5
883,1058.5
14520,1058.5
3148,1058.5
2027,1058.5
893,1058.5
2108,1058.5
170,1058.5
2542,1058.5
2600,1058.5
9094,1058.5
3219,1058.5
2604,1058.5
1333,1058.5
3189,1058.5
252,1058.5
10080,1058.5
354,1058.5
4695,1058.5
5078,1058.5
16560,1058.5
4266,1058.5
2430,1058.5
1039,1058.5
201,1058.5
1801,1058.5
404,1058.5
481,1058.5
7060,1058.5
10942,1058.5
2014,1058.5
349,14365.0
702,14365.0
8227,14365.0
5757,14365.0
1278,14365.0
2400,14365.0
1694,14365.0
1362,14365.0
7091,14365.0
22920,14365.0
564,14365.0
3503,14365.0
1817,14365.0
16788,14365.0
1853,14365.0
560,14365.0
28855,14365.0
34085,14365.0
2064,14365.0
2333,14365.0
6416,14365.0
334,14365.0
7505,14365.0
5841,14365.0
776,14365.0
22500,14365.0
736,14365.0
778,14365.0
33028,14365.0
1584,14365.0
1823,14365.0
190,14365.0
9409,14365.0
3287,14365.0
742,14365.0
5482,14365.0
7816,14365.0
1249,14365.0
1434,14365.0
871,14365.0
1251,14365.0
7263,14365.0
148,14365.0
1210,14365.0
220,14365.0
1035,14365.0
812,14365.0
5732,14365.0
1223,14365.0
601,14365.0
7824,14365.0
8740,14365.0
4945,14365.0
762,14365.0
3800,14365.0
597,14365.0
3214,14365.0
1440,14365.0
2185,14365.0
1001,14365.0
27000,14365.0
2112,14365.0
8549,14365.0
4551,14365.0
1661,14365.0
1586,14365.0
311,14365.0
498,14365.0
2994,14365.0
780,14365.0
5196,14365.0
374,14365.0
2890,14365.0
2672,14365.0
2988,14365.0
7762,14365.0
686,14365.0
2532,14365.0
241,14365.0
11719,14365.0
3638,14365.0
2038,14365.0
566,14365.0
3434,14365.0
5876,14365.0
1775,14365.0
2299,14365.0
129,14365.0
80,14365.0
7459,14365.0
16357,14365.0
4630,14365.0
329,14365.0
1121,14365.0
1404,14365.0
26408,14365.0
2184,14365.0
246,14365.0
3437,14365.0
285,14365.0
646,2614.5
11388,2614.5
5800,2614.5
1607,2614.5
729,2614.5
3677,2614.5
1139,2614.5
43303,2614.5
8470,2614.5
2385,2614.5
899,2614.5
1634,2614.5
1724,2614.5
3368,2614.5
4900,2614.5
2109,2614.5
976,2614.5
2553,2614.5
25054,2614.5
1451,2614.5
534,2614.5
477,2614.5
640,2614.5
701,2614.5
1829,2614.5
1785,2614.5
281,2614.5
239,2614.5
1101,2614.5
399,2614.5
2450,2614.5
976,2614.5
1896,2614.5
594,2614.5
784,2614.5
2565,2614.5
8702,2614.5
117,2614.5
4815,2614.5
752,2614.5
911,2614.5
5333,2614.5
2446,2614.5
540,2614.5
553,2614.5
7443,2614.5
1358,2614.5
252,2614.5
4150,2614.5
2040,2614.5
338,2614.5
2933,2614.5
3877,2614.5
358,2614.5
36046,2614.5
300,2614.5
1238,2614.5
3703,2614.5
1171,2614.5
191,2614.5
774,2614.5
2999,2614.5
2836,2614.5
929,2614.5
2362,2614.5
1262,2614.5
5053,2614.5
8663,2614.5
15039,2614.5
600,2614.5
1644,2614.5
1313,2614.5
1704,2614.5
617,2614.5
19699,2614.5
352,2614.5
2835,2614.5
454,2614.5
436,2614.5
3344,2614.5
32760,2614.5
2521,2614.5
2395,2614.5
544,2614.5
2552,2614.5
943,2614.5
763,2614.5
2078,2614.5
2435,2614.5
176,2614.5
4867,2614.5
2194,2614.5
1708,2614.5
212,2614.5
29399,2614.5
2347,2614.5
1512,2614.5
3853,2614.5
2551,2614.5
3748,2614.5
1538,698.5
2597,698.5
9720,698.5
2741,698.5
471,698.5
13919,698.5
140,698.5
915,698.5
1694,698.5
1238,698.5
4622,698.5
16921,698.5
1073,698.5
17607,698.5
1916,698.5
803,698.5
1248,698.5
16042,698.5
4086,698.5
2738,698.5
1007,698.5
3234,698.5
225,698.5
1080,698.5
2952,698.5
1417,698.5
494,698.5
3193,698.5
391,698.5
395,698.5
2533,698.5
5532,698.5
211,698.5
2019,698.5
903,698.5
2459,698.5
3132,698.5
392,698.5
54620,698.5
328,698.5
2496,698.5
665,698.5
14938,698.5
448,698.5
2971,698.5
1213,698.5
1158,698.5
89,698.5
941,698.5
4301,698.5
827,698.5
2974,698.5
764,698.5
1244,698.5
2387,698.5
5727,698.5
1786,698.5
705,698.5
3322,698.5
1393,698.5
145,698.5
3566,698.5
817,698.5
2326,698.5
3612,698.5
2791,698.5
4504,698.5
6063,698.5
11490,698.5
4054,698.5
2684,698.5
140,698.5
470,698.5
683,698.5
789,698.5
406,698.5
440,698.5
3646,698.5
4723,698.5
1265,698.5
4955,698.5
1246,698.5
528,698.5
2566,698.5
3201,698.5
1061,698.5
13752,698.5
687,698.5
417,698.5
249,698.5
26,698.5
1076,698.5
2445,698.5
344,698.5
4158,698.5
4947,698.5
442,698.5
992,698.5
676,698.5
2391,698.5
114,350.0
1984,350.0
3372,350.0
893,350.0
286,350.0
720,350.0
3500,350.0
7490,350.0
605,350.0
499,350.0
2508,350.0
2856,350.0
483,350.0
3006,350.0
6765,350.0
3546,350.0
1167,350.0
1727,350.0
1939,350.0
906,350.0
1514,350.0
3762,350.0
8046,350.0
562,350.0
21014,350.0
281,350.0
500,350.0
136,350.0
1186,350.0
937,350.0
691,350.0
10398,350.0
6844,350.0
4416,350.0
440,350.0
570,350.0
3431,350.0
3348,350.0
15165,350.0
450,350.0
408,350.0
1579,350.0
237,350.0
387,350.0
668,350.0
5103,350.0
1293,350.0
7575,350.0
1049,350.0
2941,350.0
10200,350.0
8111,350.0
2002,350.0
2520,350.0
580,350.0
1686,350.0
2310,350.0
6821,350.0
410,350.0
3995,350.0
1525,350.0
1383,350.0
5533,350.0
503,350.0
25217,350.0
5639,350.0
2244,350.0
631,350.0
1028,350.0
2933,350.0
2540,350.0
5864,350.0
5242,350.0
2640,350.0
601,350.0
2321,350.0
5432,350.0
183,350.0
2360,350.0
1557,350.0
619,350.0
2082,350.0
11045,350.0
4019,350.0
1464,350.0
246,350.0
198,350.0
247,350.0
341,350.0
1668,350.0
700,350.0
8716,350.0
667,350.0
2515,350.0
8706,350.0
12551,350.0
338,350.0
3630,350.0
2639,350.0
997,350.0
1482,283.5
7575,283.5
477,283.5
4695,283.5
136,283.5
4622,283.5
2064,283.5
2552,283.5
285,283.5
5732,283.5
471,283.5
2002,283.5
1073,283.5
1126,283.5
2040,283.5
241,283.5
4723,283.5
1238,283.5
2521,283.5
1817,283.5
1464,283.5
8716,283.5
470,283.5
170,283.5
1001,283.5
4416,283.5
329,283.5
943,283.5
25401,283.5
198,283.5
54620,283.5
498,283.5
1211,283.5
22500,283.5
2496,283.5
417,283.5
903,283.5
3877,283.5
2244,283.5
486,283.5
3566,283.5
3431,283.5
4086,283.5
2540,283.5
1265,283.5
16179,283.5
503,283.5
803,283.5
2639,283.5
220,283.5
2553,283.5
7762,283.5
5597,283.5
5533,283.5
117,283.5
640,283.5
5333,283.5
374,283.5
387,283.5
3503,283.5
3132,283.5
190,283.5
1393,283.5
1049,283.5
776,283.5
1823,283.5
4164,283.5
2310,283.5
191,283.5
770,283.5
601,283.5
2508,283.5
3219,283.5
9094,283.5
338,283.5
354,283.5
5482,283.5
1584,283.5
5532,283.5
140,283.5
406,283.5
1061,283.5
4955,283.5
201,283.5
526,283.5
667,283.5
2738,283.5
1007,283.5
239,283.5
729,283.5
442,283.5
1186,283.5
1139,283.5
3148,283.5
7490,283.5
992,283.5
12551,283.5
49034,283.5
973,283.5
1512,1169.0
448,1169.0
436,1169.0
1171,1169.0
3748,1169.0
762,1169.0
281,1169.0
1134,1169.0
3500,1169.0
3703,1169.0
5103,1169.0
534,1169.0
1984,1169.0
1293,1169.0
36046,1169.0
1916,1169.0
1158,1169.0
237,1169.0
3434,1169.0
3762,1169.0
8111,1169.0
13130,1169.0
2019,1169.0
691,1169.0
19699,1169.0
247,1169.0
6765,1169.0
2604,1169.0
2445,1169.0
1050,1169.0
812,1169.0
1694,1169.0
4551,1169.0
338,1169.0
281,1169.0
344,1169.0
1668,1169.0
4947,1169.0
2994,1169.0
13919,1169.0
1249,1169.0
5757,1169.0
1694,1169.0
22920,1169.0
296,1169.0
358,1169.0
2640,1169.0
148,1169.0
686,1169.0
11719,1169.0
5727,1169.0
2683,1169.0
915,1169.0
204,1169.0
553,1169.0
1939,1169.0
2395,1169.0
27000,1169.0
440,1169.0
736,1169.0
1727,1169.0
1579,1169.0
2551,1169.0
2082,1169.0
483,1169.0
2532,1169.0
3677,1169.0
5053,1169.0
997,1169.0
2027,1169.0
176,1169.0
2109,1169.0
499,1169.0
1538,1169.0
1251,1169.0
10942,1169.0
2450,1169.0
3303,1169.0
1785,1169.0
43303,1169.0
1039,1169.0
1661,1169.0
211,1169.0
1607,1169.0
395,1169.0
2112,1169.0
883,1169.0
1396,1169.0
11045,1169.0
1080,1169.0
4150,1169.0
563,1169.0
7816,1169.0
7443,1169.0
246,1169.0
569,1169.0
1440,1169.0
3546,1169.0
617,1169.0
2321,1169.0
1853,3524.0
778,3524.0
4019,3524.0
5650,3524.0
1896,3524.0
3437,3524.0
1586,3524.0
391,3524.0
2185,3524.0
17607,3524.0
2856,3524.0
11388,3524.0
2974,3524.0
4266,3524.0
454,3524.0
619,3524.0
3193,3524.0
2672,3524.0
481,3524.0
2014,3524.0
2459,3524.0
665,3524.0
7263,3524.0
5639,3524.0
774,3524.0
668,3524.0
252,3524.0
1246,3524.0
145,3524.0
8702,3524.0
11490,3524.0
4301,3524.0
5876,3524.0
705,3524.0
10398,3524.0
3368,3524.0
1200,3524.0
929,3524.0
10222,3524.0
789,3524.0
7091,3524.0
1514,3524.0
3585,3524.0
3675,3524.0
2890,3524.0
909,3524.0
2108,3524.0
1278,3524.0
494,3524.0
1775,3524.0
25054,3524.0
1213,3524.0
1223,3524.0
13752,3524.0
2054,3524.0
3189,3524.0
1434,3524.0
3006,3524.0
1708,3524.0
293,3524.0
2430,3524.0
16560,3524.0
3214,3524.0
817,3524.0
560,3524.0
3234,3524.0
7060,3524.0
2326,3524.0
7459,3524.0
500,3524.0
2988,3524.0
683,3524.0
2038,3524.0
3800,3524.0
252,3524.0
1313,3524.0
8227,3524.0
544,3524.0
6416,3524.0
2565,3524.0
1869,3524.0
16042,3524.0
8549,3524.0
1244,3524.0
700,3524.0
2333,3524.0
1358,3524.0
3133,3524.0
827,3524.0
5196,3524.0
352,3524.0
14520,3524.0
1028,3524.0
5432,3524.0
15039,3524.0
976,3524.0
1076,3524.0
34085,3524.0
566,3524.0
4630,3524.0
1417,210.5
4867,210.5
600,210.5
763,210.5
10080,210.5
3986,210.5
2533,210.5
2741,210.5
2306,210.5
580,210.5
1525,210.5
702,210.5
328,210.5
400,210.5
26,210.5
2184,210.5
5800,210.5
311,210.5
1829,210.5
3532,210.5
1262,210.5
183,210.5
1017,210.5
4945,210.5
899,210.5
2542,210.5
4504,210.5
7505,210.5
286,210.5
1557,210.5
676,210.5
3711,210.5
8470,210.5
5864,210.5
1724,210.5
5400,210.5
404,210.5
3322,210.5
941,210.5
1167,210.5
305,210.5
1404,210.5
1333,210.5
3655,210.5
129,210.5
1210,210.5
591,210.5
1121,210.5
4800,210.5
300,210.5
2684,210.5
893,210.5
450,210.5
2194,210.5
2435,210.5
1644,210.5
2446,210.5
8706,210.5
3348,210.5
950,210.5
1817,210.5
410,210.5
21014,210.5
911,210.5
2971,210.5
3981,210.5
2597,210.5
2078,210.5
6068,210.5
246,210.5
8046,210.5
9720,210.5
1248,210.5
28855,210.5
2360,210.5
9409,210.5
3344,210.5
3238,210.5
1532,210.5
25217,210.5
976,210.5
341,210.5
631,210.5
3630,210.5
300,210.5
114,210.5
2566,210.5
225,210.5
80,210.5
2362,210.5
2941,210.5
1704,210.5
720,210.5
26408,210.5
15165,210.5
564,210.5
29399,210.5
2347,210.5
1383,210.5
2387,210.5
3287,3567.5
871,3567.5
801,3567.5
500,3567.5
937,3567.5
3201,3567.5
906,3567.5
1801,3567.5
2835,3567.5
6138,3567.5
1741,3567.5
2088,3567.5
2391,3567.5
1035,3567.5
2400,3567.5
2600,3567.5
646,3567.5
764,3567.5
597,3567.5
1686,3567.5
893,3567.5
2933,3567.5
784,3567.5
6844,3567.5
380,3567.5
13528,3567.5
33028,3567.5
440,3567.5
667,3567.5
1788,3567.5
3612,3567.5
1362,3567.5
16357,3567.5
6063,3567.5
1451,3567.5
780,3567.5
392,3567.5
3995,3567.5
14938,3567.5
579,3567.5
4158,3567.5
2791,3567.5
570,3567.5
140,3567.5
752,3567.5
2933,3567.5
2836,3567.5
2385,3567.5
32760,3567.5
3853,3567.5
8740,3567.5
5078,3567.5
5841,3567.5
3646,3567.5
701,3567.5
3638,3567.5
1101,3567.5
9296,3567.5
349,3567.5
2952,3567.5
540,3567.5
8663,3567.5
2299,3567.5
5242,3567.5
594,3567.5
1786,3567.5
605,3567.5
25482,3567.5
4054,3567.5
399,3567.5
408,3567.5
528,3567.5
7824,3567.5
584,3567.5
249,3567.5
1634,3567.5
687,3567.5
6821,3567.5
1238,3567.5
212,3567.5
3191,3567.5
3372,3567.5
562,3567.5
1930,3567.5
4112,3567.5
2999,3567.5
1243,3567.5
89,3567.5
1754,3567.5
16788,3567.5
601,3567.5
3088,3567.5
16921,3567.5
742,3567.5
4900,3567.5
4815,3567.5
10200,3567.5
334,3567.5
2520,3567.5
2515,3567.5
