12,115.005263158
702,115.005263158
423,115.005263158
130,115.005263158
106,115.005263158
1063,115.005263158
387,115.005263158
605,115.005263158
6400,115.005263158
82,115.005263158
539,115.005263158
40,115.005263158
7.3,4527.5
126,4527.5
70,4527.5
9,4527.5
230,4527.5
6,4527.5
38,4527.5
47,4527.5
523,4527.5
55,4527.5
14,4527.5
83,4527.5
11400,4527.5
45,6.6
958,6.6
43,6.6
6600,6.6
240,6.6
2040,6.6
98,6.6
176,6.6
36,6.6
1075,6.6
61,6.6
18,6.6
1600,782.586363636
57,782.586363636
73,782.586363636
218,782.586363636
8,782.586363636
122,782.586363636
321,782.586363636
237,782.586363636
156,782.586363636
87,782.586363636
88,782.586363636
41,782.586363636
8,782.586363636
15,384.5
453,384.5
79,384.5
20,384.5
8,384.5
5.9,384.5
724,384.5
201,384.5
1272,384.5
33,384.5
2455,384.5
243,384.5
50,384.5
201,1061.0
79,1061.0
130,1061.0
87,1061.0
8,1061.0
38,1061.0
83,1061.0
1063,1061.0
88,1061.0
1600,1061.0
70,1061.0
702,1061.0
6600,460.889285714
9,460.889285714
724,460.889285714
156,460.889285714
176,460.889285714
1272,460.889285714
7.3,460.889285714
122,460.889285714
539,460.889285714
218,460.889285714
387,460.889285714
126,460.889285714
20,460.889285714
230,1371.0
8,1371.0
523,1371.0
36,1371.0
106,1371.0
605,1371.0
2455,1371.0
243,1371.0
240,1371.0
958,1371.0
55,1371.0
57,1371.0
15,300.0
41,300.0
45,300.0
6400,300.0
33,300.0
43,300.0
1075,300.0
5.9,300.0
2040,300.0
40,300.0
98,300.0
423,300.0
73,300.0
237,74.625
47,74.625
453,74.625
8,74.625
18,74.625
321,74.625
11400,74.625
82,74.625
61,74.625
50,74.625
12,74.625
14,74.625
6,74.625
122,118.6875
83,118.6875
724,118.6875
8,118.6875
40,118.6875
453,118.6875
88,118.6875
61,118.6875
82,118.6875
2455,118.6875
7.3,118.6875
1063,118.6875
156,437.684
1272,437.684
18,437.684
6400,437.684
130,437.684
240,437.684
57,437.684
321,437.684
230,437.684
702,437.684
243,437.684
9,437.684
11400,437.684
47,132.0
539,132.0
14,132.0
958,132.0
218,132.0
20,132.0
36,132.0
605,132.0
70,132.0
126,132.0
201,132.0
523,132.0
8,1489.0
8,1489.0
106,1489.0
15,1489.0
6600,1489.0
387,1489.0
45,1489.0
50,1489.0
12,1489.0
87,1489.0
33,1489.0
2040,1489.0
6,1489.0
55,41.0
38,41.0
73,41.0
41,41.0
43,41.0
98,41.0
176,41.0
5.9,41.0
1600,41.0
423,41.0
237,41.0
79,41.0
1075,41.0
958,22.875
130,22.875
122,22.875
87,22.875
57,22.875
453,22.875
201,22.875
230,22.875
702,22.875
8,22.875
43,22.875
11400,22.875
605,233.0
70,233.0
321,233.0
106,233.0
218,233.0
8,233.0
12,233.0
38,233.0
1600,233.0
523,233.0
176,233.0
41,233.0
539,233.0
240,312.8125
73,312.8125
2455,312.8125
243,312.8125
47,312.8125
6600,312.8125
8,312.8125
40,312.8125
15,312.8125
98,312.8125
55,312.8125
50,312.8125
33,292.5
2040,292.5
423,292.5
20,292.5
9,292.5
88,292.5
45,292.5
14,292.5
5.9,292.5
1272,292.5
1063,292.5
83,292.5
7.3,292.5
18,575.34375
82,575.34375
6,575.34375
156,575.34375
6400,575.34375
237,575.34375
126,575.34375
1075,575.34375
61,575.34375
724,575.34375
36,575.34375
79,575.34375
387,575.34375
9,5917.6875
387,5917.6875
20,5917.6875
106,5917.6875
83,5917.6875
98,5917.6875
321,5917.6875
6600,5917.6875
88,5917.6875
14,5917.6875
122,5917.6875
130,5917.6875
1063,37.55625
18,37.55625
61,37.55625
702,37.55625
958,37.55625
7.3,37.55625
73,37.55625
605,37.55625
55,37.55625
40,37.55625
724,37.55625
36,37.55625
8,37.55625
8,145.5
45,145.5
1075,145.5
6,145.5
8,145.5
240,145.5
218,145.5
33,145.5
70,145.5
237,145.5
156,145.5
43,145.5
230,29.0
1600,29.0
453,29.0
11400,29.0
539,29.0
126,29.0
6400,29.0
2040,29.0
41,29.0
523,29.0
1272,29.0
87,29.0
82,29.0
79,785.206
243,785.206
50,785.206
57,785.206
2455,785.206
176,785.206
15,785.206
47,785.206
5.9,785.206
201,785.206
12,785.206
423,785.206
38,785.206
