444,238
18,85.025
8211,913.3
352.8,255.9
38,345
636,531
973,542.45
120,232.4
215,219
60,133.4
10.8,275.4
756,484.6375
370,745
12,401
444,551
170,305.3875
1772.5,811.675
90,294
8.4,274.725
599,1537.95
278,306.6
882,574
1200,1095.4625
72,276.0625
480,1407.65
36,296.1
8.4,296.1
252,511.2
600,351.1375
300,353.8875
117.6,296.1
150,241
2400,350.7625
703,1479.73125
300,353.8875
1645.9,1475.3375
107,825
31.2,252.8
430,1595.13125
72,140.0375
48,227.7375
70,246
750,683
1248,255.6625
432,489.2
648,1525.50625
42,139.625
82,246
114,157
48,227.7375
2120,679
155,520.45
576,575.65
1368,275.5125
24,224
48,269
1924.5,1089.6625
60,187
192,626.325
324,115.9625
4178.2,1216.475
4560,612.86875
62,296
420,441
210,198
97,630.4
300,106.275
458,485.175
409,1249.2125
117.6,108.15
162,472
2400,148.65
2460,580.125
239,296
72,471
360,117.9125
60,257.925
42,139.425
240,503
720,482.15
25.2,232.05
36,108.0125
50,257.925
1181,274.3875
60,257.925
480,798
1350,1365.71875
400,372.15
571.4,609
98.8,609
360,113.4125
192,398
60,139.425
324,140.7125
210,187
480,888
4178.2,1267.13125
42,115
12,888
150,459
70,306
60,115
36,118.4875
300,263.9
48,180.5375
370,810
8.4,260.525
444,564
400,317.075
62,306
31.2,260.525
82,274.3375
98.8,539.9625
8.4,248.7
72,381.4625
120,231.575
72,103.2
192,490.8375
2400,437.9625
215,258
117.6,246.825
48,182.95
60,206
352.8,246.825
599,1611.44375
480,1483.59375
1248,211.8
432,389.9625
458,687
360,94.95
8211,763.49375
38,302
170,298.2625
600,404.0125
90,311
24,165
2400,187.65
703,772.325
162,472
1645.9,940.24375
756,484.6375
60,121.275
60,121.275
1772.5,682.86875
2120,544
192,298.2625
1200,682.025
117.6,141.9
155,555.1375
239,298
252,501.1375
1368,178.1375
973,478.7875
72,303.8875
420,353
1924.5,1365.9875
648,1325.225
42,118.4
300,554.5125
2460,488.1375
882,540
444,105.425
25.2,277.05
278,202.8
576,575.7625
18,109.55
97,614.9625
720,618
48,225
50,276.325
750,826
409,1585.225
571.4,597.925
114,286
10.8,278.2
430,1497.69375
60,147.6125
300,507.175
1350,1377.03125
36,278.2
4560,636
360,144.3875
1181,290.1375
107,828
240,492.425
636,537
4560,620.7125
82,264.275
2400,116.4
300,106.65
720,480
420,451
1181,323.4125
98.8,574.525
458,610.45
300,527.4
444,100.925
36,127.65
117.6,127.65
1200,1243.475
155,574.525
370,670
60,106.65
192,669.4
48,198
1368,275.1375
1350,791.625
25.2,259.65
8211,856.925
430,955.4125
107,678
170,304
162,482
2120,562
239,304
62,304
8.4,259.65
36,116.9875
480,265
360,116.6375
1924.5,807.675
360,104.6375
432,521.0125
38,393.71875
97,513.175
70,226.2375
703,1570.0375
324,138.6125
18,106.25
882,653
48,190.6125
600,447.3625
636,497
114,159
756,479.9875
192,226.2375
1248,225.3875
60,152.6125
571.4,472.675
444,504
409,1570.0375
72,338.8875
120,275.1
60,209
278,302.1
42,144.675
2400,431.275
599,1298.2125
72,129.0875
1772.5,1104.225
60,144.675
750,688
210,367
42,129.75
576,454.325
4178.2,1191.6
8.4,271.6
12,913.30625
480,1197.475
50,296.35
117.6,252.725
648,1342.6375
72,297.575
240,505.7625
31.2,252.725
300,557.5125
24,183.275
352.8,252.725
252,477.075
1645.9,1444.525
400,345.125
90,374
215,260
2460,553.9
10.8,252.725
150,458
973,546.95
60,255.725
48,180.225
210,211
117.6,292.65
192,346.0875
60,271.65
720,501
90,431
1368,272.5125
2460,510.0875
576,546.775
1200,470.075
4560,658.80625
107,644
10.8,292.65
62,316.55
60,271.65
48,203
25.2,292.65
38,443.78125
2400,420
1645.9,1122.0125
8211,975.2625
8.4,276.975
360,136.9625
12,375
170,253
72,116.8625
42,143.75
82,253
36,276.975
97,491
300,454
98.8,460
571.4,460
48,230
1181,287.6875
70,253
430,1012.6375
636,650.9
192,590.5125
458,552.175
155,699.0125
1924.5,1381.14375
150,411
60,136
370,584
444,597
2400,142.25
60,140
400,285.8
1772.5,1256.39375
120,99.875
162,496
300,634.075
480,1346.58125
750,806
72,482.8875
31.2,277.575
60,120.125
114,119
300,256.95
2120,584
324,131.175
239,332.575
240,515.3875
409,1518.6625
432,515.3875
648,1569.94375
215,246
18,87.2
117.6,277.575
72,167.175
278,289.2
42,98
444,245.3
420,458
50,237.925
252,461.6375
1350,1037.30625
973,550.2
1248,251.75
8.4,256.675
599,1290.93125
703,1329.65
480,729
36,113.6375
48,181.6125
600,450.8875
360,114.6875
882,565
24,184
756,486.8875
4178.2,1177.06875
352.8,239.05
120,246.125
1368,259.825
210,188
750,821
72,302.0125
1181,279.875
62,416.95
150,442
599,1591.75625
60,246.125
162,461
70,416.95
239,416.95
400,347.975
170,416.95
600,491.8875
82,416.95
48,206.0375
430,1492.50625
117.6,290.875
50,293.125
90,419
2460,508.0875
480,1537.83125
97,614.9625
60,166.3625
60,174
117.6,290.875
25.2,290.875
31.2,290.875
12,959.86875
114,283
8.4,290.875
60,132
420,361
636,420
240,522.825
155,603.7
324,103.2
4178.2,1289.19375
278,272.85
42,127
409,1267.5875
360,103.2
432,506.45
42,126.95
703,1267.5875
300,114.225
720,340
8.4,113.475
300,533.2
2120,549
2400,128.85
215,220
192,591.575
1645.9,1342.36875
1350,1226.94375
72,116.2625
352.8,257.325
370,787
444,100
4560,573
360,120.3875
107,800
38,234
18,69.95
300,447.6375
1200,449.7625
1772.5,1191.99375
192,290.3375
882,679
36,257.325
756,477.5125
648,1344.66875
48,210
480,367
444,407
1924.5,993.7875
571.4,440
48,242
24,210
973,551
36,156.3625
10.8,275.325
2400,432
252,457
60,252.95
98.8,440
8211,939.1625
576,573
1248,232.2875
72,351
458,625.175
