1518,1086615.63379
1261,1089379.76119
614,1089427.76995
1021,1086149.32753
5170,1087155.88163
10083,1086859.53242
3272,1099004.89475
1772,1602749.87097
3376,1632814.41196
12149,1632281.17372
921,1629598.3593
1087,1631124.0044
1807,1631289.0171
3268,1631010.33746
5208,5128.483235
1273,1084.33926278
3280,3687.94498827
98,-297.742100525
87,-321.941379263
2274,2900.10963068
1856,2053.67612408
112,-26223.379761
672,-790664.648163
2134,-791466.623196
1530,-789683.082384
14453,-791731.784818
257,-790001.243224
452,-788394.816539
784,-784854.91886
1464,1161679.7359
7037,1160375.90378
800,1159935.3282
7327,1161245.0154
1806,1159247.27195
326,1160304.2257
441,1158559.10758
8490,1161118.43703
1856,2347.04173674
257,60.8588400406
112,8073.76581926
3272,4693.34758374
1518,1748.40390722
7327,7512.82016693
2274,2341.30582394
3268,1069085.16517
14453,1070517.2321
98,1068920.26058
5170,1069470.89701
1021,1069146.56511
5208,1069667.4661
8490,1068875.86209
12149,-1301914.65545
3280,-1299849.11533
452,-1299851.40845
326,-1299471.27651
1273,-1299504.63587
7037,-1300757.65949
1772,-1334984.62652
1261,-1299573.46687
1530,-1136230.50937
614,-1137179.65823
3376,-1135826.68965
87,-1136777.61862
921,-1136750.81904
784,-1148300.3902
1464,-1137037.29337
1806,-1097666.65275
672,-1097925.4726
1087,-1097765.11831
800,-1097836.44285
2134,-1098020.59893
10083,-1097434.06235
441,-1097601.28658
1807,-1097769.45654
3376,1324664.89688
3280,1326559.11044
1273,1327460.75218
14453,1326969.72718
1807,1325565.27575
7327,1327583.88587
2134,1327031.78377
1856,-943636.374083
784,-930222.967033
921,-948923.026689
614,-951183.891537
1087,-947165.042032
1806,-946286.401575
10083,-944317.243851
672,-1238851.6464
7037,-1238413.49235
2274,-1238630.44164
326,-1238834.15171
1518,-1238849.73285
5170,-1238497.94611
8490,-1238290.34426
98,-1238853.136
12149,-1110206.43052
87,-1108055.45383
1021,-1108354.31493
1261,-1108217.94201
3268,-1108701.98937
452,-1108234.079
257,-1108122.15399
1530,1668.53930656
441,677.869182472
1772,1811.27607193
3272,3041.8790175
5208,5161.04146281
1464,1632.51997477
112,13577.2819914
800,913.199835407
7037,-1522090.86394
8490,-1522684.1092
12149,-1521981.09753
1807,-1521034.06028
2134,-1522177.95118
1261,-1522150.06263
10083,-1520721.04501
800,1479143.1198
441,1479227.41171
14453,1477970.42253
452,1478687.1496
87,1478576.18938
1518,1478805.1949
2274,1478767.78862
5208,-1055336.53268
784,-1027373.48442
257,-1056423.99499
98,-1056806.89265
326,-1056833.01051
3280,-1057557.27939
1772,-1009975.17062
1530,-1056252.23628
3268,1226204.13334
1856,1224246.90105
7327,1228107.45369
1021,1224114.70618
3272,1211652.26126
672,1226548.59794
5170,1225118.52001
1806,899.203604713
921,1386.11121148
1464,1548.21283807
112,7472.03488655
1087,854.932546951
1273,1599.52681307
614,1466.55407485
3376,726.914093308
441,1147397.893
1273,1147959.00953
1087,1147591.65878
3280,1147670.72226
1807,1147488.81151
1856,1147142.91894
7037,1148550.34769
614,2881.65479042
7327,7368.57197572
3376,5526.18476534
112,58377.5578947
452,3682.57702122
1021,4209.02490926
5208,7465.57976689
672,-622139.243694
1806,-622989.495368
98,-621853.130164
1464,-621976.205263
921,-621761.887516
800,-622368.040636
2134,-622179.228184
10083,-625762.133332
3272,-1134366.39277
8490,-1129119.02153
326,-1128975.38882
2274,-1129445.36706
1518,-1127886.29247
14453,-1128661.35795
12149,-1128052.18978
1261,1462005.58248
784,1480634.48836
257,1461799.31473
1772,1432471.47488
87,1461659.05673
5170,1462892.86009
3268,1462460.23462
1530,1462339.30804
