4047,4500
1060,4127
25910,12482
4620,8217
845,3568
1520,5299
963,4184
5931,8368
1651,5484
796,5001
11039,11329
7105,6144
3600,5150
10000,12219
7871,9039
583,6208
7451,9908
5787,4550
4557,3502
1755,4621
63694,14808
13700,6606
1233,3500
1745,3920
11900,9632
5578,2431
1100,2378
7184,3484
37286,14421
14000,13071
5100,5610
8117,3343
18500,9519
3440,3910
3850,6574
2957,6276
9369,3339
6816,6811
1981,5217
4224,4218
4150,5228
39479,11868
3240,6261
9700,9664
5279,8676
2565,3321
2826,6057
1798,7075
1450,2797
21272,9211
2330,4290
8752,4795
9125,4917
4456,5399
15052,10692
4300,3462
900,3344
8710,7763
7320,9049
11023,11243
6800,12247
10447,10161
796,3718
845,2956
11039,9798
1745,4659
2957,5205
13700,9322
2565,3152
5279,8733
10000,12021
8752,5603
8117,3613
9700,9127
8710,5815
900,3425
63694,11877
6800,10751
4557,3306
21272,6723
1651,4055
7320,6617
11900,6140
39479,10157
4224,4368
5931,9410
4150,4938
6816,6357
3850,6454
7184,4400
4456,6717
1520,4802
5578,3231
2330,3241
18500,10106
9125,6476
3240,6041
7105,5408
4620,9364
3600,5546
963,3613
5100,5631
10447,7074
4047,3656
583,6034
1100,3460
15052,10771
2826,5161
37286,14546
14000,14102
7871,12268
25910,12330
4300,5257
3440,5406
9369,3809
5787,4723
11023,13004
1450,3367
7451,11253
1233,3747
1798,6750
1060,3800
1755,4585
1981,5142
2957,5916
8117,3985
1755,3204
4456,7088
11900,9293
13700,10257
4047,3970
7184,3561
3600,4735
4620,9299
2565,3788
900,3133
6800,9870
1233,3748
583,5994
1745,3434
6816,7590
5578,4751
5279,8842
1520,4866
3440,4681
9369,3877
1981,5241
11023,10619
796,3773
3240,5513
11039,9957
2826,7536
14000,14932
5787,3641
10447,9112
2330,4506
845,3374
8752,5051
1100,3239
7451,11293
4557,3559
18500,10082
7105,5187
10000,9761
15052,8952
4150,5217
1651,4978
8710,4604
25910,11572
5100,5266
9125,4516
21272,9446
3850,4968
37286,9908
4224,4376
63694,10625
9700,7829
4300,4884
1798,7421
1450,2918
963,4434
39479,8338
7871,7383
5931,7086
1060,3713
7320,8216
10000,10531
8752,5009
845,2900
1100,3026
1745,4155
7105,5327
11900,8676
5578,3358
39479,11387
9700,7369
963,3570
13700,6913
4224,4960
63694,14257
1520,5569
2565,3670
4300,5170
3440,4616
1450,3600
2330,4593
4150,5740
3850,7328
25910,8994
1755,4413
21272,9556
37286,14474
7184,3950
6816,6299
15052,9160
4557,3320
14000,12941
3240,5319
9369,3144
5100,5956
5787,3602
4456,4567
11023,9656
18500,9815
3600,5117
7871,12086
2826,6143
11039,8950
6800,10678
4047,3712
4620,8951
8710,4900
7320,11117
1651,6265
10447,9491
5279,8690
8117,4354
2957,6963
583,7209
9125,7400
7451,13444
900,3743
1060,3674
1798,6704
1233,3932
1981,5488
796,6163
5931,9418
1520,4773
7451,9003
3240,6052
9700,8399
15052,10629
4300,4284
9125,5722
18500,10030
7871,8860
796,3838
1450,2893
5931,8015
6800,12106
7105,4242
4224,3869
10000,15434
1745,3876
11023,10450
8117,3982
8752,6261
3850,9853
1981,4545
2330,3945
13700,9729
3600,4878
7184,3942
6816,6640
4150,4906
39479,9397
2565,2943
9369,3520
10447,9284
7320,11653
5787,3602
5100,5717
4047,3462
4557,3665
25910,12619
21272,11306
8710,6115
2826,5370
1798,5415
845,3766
2957,5737
963,3845
1755,4946
11900,6280
4620,8099
11039,9790
900,3555
63694,12935
1060,3945
1233,3859
583,6885
3440,4724
5578,4903
4456,6684
14000,11050
1100,3740
37286,11854
1651,5514
5279,6571
