12,41
702,1101
423,299
130,632
106,125
1063,1572
387,1151
605,1558
6400,943
82,967
539,1206
40,1567
7.3,316.74375
126,124
70,52
9,881
230,909.30625
6,129
38,616
47,83
523,895
55,463.18125
14,614.80625
83,165
11400,1504
45,52
958,268
43,155
6600,1214
240,1069
2040,1155
98,562
176,404
36,46
1075,629
61,226.86875
18,45
1600,1620
57,146
73,759
218,1057
8,211
122,187
321,1057
237,1028.30625
156,270.7
87,141
88,448
41,117
8,59
15,236
453,150.14375
79,253
20,57
8,53
5.9,195.33125
724,1489
201,668
1272,105.08125
33,66
2455,1354
243,635
50,65
201,442
79,439
130,724
87,139
8,39
38,571
83,126
1063,1872
88,480
1600,1595
70,48
702,1426
6600,1183
9,513
724,958.99375
156,144.93125
176,372
1272,224
7.3,123.93125
122,66
539,1015.99375
218,981
387,415
126,46
20,40
230,1000.825
8,69
523,1403
36,41
106,125
605,1376
2455,1366
243,714
240,1104
958,974
55,290.7
57,77
15,300
41,138
45,51
6400,1010
33,139
43,241
1075,983
5.9,274.01875
2040,1159
40,1596
98,908
423,496
73,1022
237,322
47,119
453,392.0125
8,105
18,132
321,765
11400,1502
82,338
61,348
50,69
12,219
14,601.1375
6,145
122,144
83,127
724,1089
8,38
40,1435
453,212.05625
88,275
61,311.68125
82,1056
2455,1369
7.3,263.74375
1063,1817
156,96.325
1272,51.825
18,46
6400,282
130,349
240,431
57,112
321,766
230,406.95
702,735
243,773
9,919
11400,1098
47,85
539,1141.80625
14,556.5125
958,946
218,1356
20,50
36,42
605,1561
70,54
126,125
201,735
523,1539
8,119
8,265
106,79
15,230
6600,1237
387,376
45,91
50,102
12,239
87,166
33,79
2040,1179
6,89
55,375.45625
38,565
73,697
41,82
43,270
98,1303
176,845
5.9,273.39375
1600,1580
423,339
237,993.51875
79,414
1075,1373
958,315
130,705
122,270
87,237
57,96
453,321.7
201,378
230,337.7
702,1077
8,37
43,363
11400,1450
605,1602
70,53
321,1397
106,127
218,1397
8,52
12,49
38,606
1600,1588
523,1500
176,807
41,114
539,1091.05625
240,1029
73,369
2455,1032
243,359
47,67
6600,1119
8,72
40,1124
15,202
98,533
55,211.2
50,57
33,61
2040,1170
423,347
20,43
9,1561
88,459
45,54
14,596
5.9,290
1272,140
1063,1825
83,95
7.3,258
18,121
82,1018
6,53
156,150.075
6400,1016
237,895.3875
126,126
1075,982
61,275.45
724,1205
36,43
79,382
387,1190
9,582
387,1204
20,52
106,53
83,41
98,1306
321,1140
6600,1247
88,446
14,592.45
122,263
130,355
1063,1758
18,125
61,258.86875
702,1375
958,883
7.3,228.55625
73,636
605,1515
55,335.49375
40,1488
724,1481
36,46
8,49
8,104
45,110
1075,279
6,144
8,250
240,1121
218,1071
33,230
70,60
237,258
156,175.05625
43,362
230,371.3875
1600,748
453,283.7
11400,903
539,400.99375
126,43
6400,307
2040,394
41,129
523,763
1272,106.83125
87,47
82,226
79,271
243,739
50,56
57,128
2455,1432
176,1397
15,243
47,87
5.9,311.64375
201,778
12,54
423,424
38,581
