3647,2841.64423649
546,2054.46831899
2275,2903.87566271
7252,3769.09005864
2331,2027.0026492
4494,4846.42379082
3472,3237.56048501
1435,4779.72506114
4067,3423.97343715
2422,1715.97726365
9100,8598.36253229
1575,1450.93671014
2282,1560.16503775
710,2580.72061277
2174,1905.79193415
3136,2177.98884413
2989,2177.53429407
2821,2178.80788347
19894,5747.20189813
13860,6950.10525325
847,2401.3210798
14973,5989.7948476
9135,2936.90710638
2583,1926.59823863
1603,1827.45848509
6405,3169.02199946
595,2959.54209281
1617,1952.50535501
4004,2903.82055797
3948,4803.00061309
3542,3388.35935486
2800,3456.70560777
2548,2173.64611431
4620,6828.00857088
6699,4543.3204198
5152,4370.34564196
5775,6101.65797985
1400,5843.77677568
2429,3913.64415695
3829,4385.49703996
5880,9133.59449922
14434,5009.66498505
9520,8330.42407465
8050,6642.91510218
3164,4422.06562352
2926,3497.28981452
1267,1671.40427345
1155,2543.16668294
2569,2197.0562913
2723,2447.8427967
5817,2938.96226994
4277,6187.44525066
14987,6208.24152091
651,2589.30982927
8232,5471.75799475
3927,2894.1210502
3983,3911.18967141
3626,3990.38829858
3437,4832.66391644
9051,3539.66024637
2149,2973.74067767
5180,3576.84959208
12824,4511.53736132
4172,2983.59196199
2520,2421.35035713
6783,4269.89406924
3913,2995.83488967
3276,2315.46668513
23940,13089.3621743
10577,4862.53018922
2352,8944.87206295
3192,1719.41574909
5635,3968.5602963
805,1473.32847853
3941,3697.47561256
4977,4207.99617578
1876,2114.85856459
7854,3317.26797814
840,1526.40949405
5922,4841.15606945
11361,6307.30003912
7854,3400.51985441
1400,5271.2424797
3276,2252.46059908
2352,9490.47649923
6783,4359.22320469
1155,2228.73677575
1876,2119.44069728
9051,3499.42194543
3913,3113.13301491
4977,4325.48144138
3948,5630.96631725
5180,3402.28703952
5922,4975.69849303
595,3530.02534019
10577,5056.88494528
9135,3465.19018171
2275,2800.23461045
4004,3417.64165703
3829,3881.22546571
2174,1822.56172376
14434,4426.64401532
805,1422.11469222
4172,2932.58903233
1575,1388.0628155
2723,2399.86763845
3136,2083.33138591
3164,3965.15122906
14987,5847.47782099
2429,3438.06183291
5635,3935.90869553
4067,3320.45177357
3192,1665.68469899
11361,5974.89573749
3472,2963.39718917
3927,2613.67610641
5152,3642.51239079
1435,4418.80790862
12824,4063.87843208
3626,3692.7625606
2149,2754.64041112
13860,7702.15587516
5880,7652.17259224
9100,7902.05277682
8232,4764.72925834
3437,4255.19780409
3647,2618.11163846
5775,5120.26049249
2569,2068.6319604
23940,12554.1198933
8050,5696.19400781
6405,3549.078298
2548,1824.6656873
4494,4469.28742028
847,2660.44317663
2520,2287.84487254
1617,2184.76855741
2422,1617.85769516
840,1454.94605561
9520,7080.05066219
14973,6703.03024546
6699,3875.95691548
2331,1865.34001511
2821,2460.27413341
4277,5641.4082567
7252,3160.50289668
3983,3246.7652759
710,2147.01250377
1603,1863.86220853
3542,3469.84431744
2989,2191.36060327
1267,1311.6950041
19894,5749.03250936
2926,2692.26527441
2800,3434.98030468
3941,3192.19330412
546,1735.52639449
4620,4938.5148028
2282,1356.51664063
2583,1971.4279095
651,2190.41758482
5817,2466.46209971
4977,4021.47063243
2331,1880.45514741
3136,2020.33151581
2989,2418.48025109
3647,2622.00776372
5152,3656.50349984
9051,3303.40534077
1435,4434.23179104
5880,7738.75292864
6783,4084.78370548
2352,8579.79264592
3829,3727.40067374
2821,2450.09523392
10577,4657.23462516
2569,2076.65446418
3983,3572.74663248
3626,3977.06060789
2520,2484.00603433
14434,4533.79918855
5635,4030.67277741
3437,4681.9823918
1400,5327.05907979
2282,1580.23262302
14973,7144.03236516
4620,5994.56391943
2174,1904.97246599
3941,3786.72539653
19894,6865.27486944
3948,5752.5821774
13860,8252.62801026
2723,2464.92284883
710,2564.26102306
7252,3609.67493682
6699,4057.85817991
2149,2917.41290292
3192,1691.87062047
847,2802.10398073
546,1943.46571321
3276,2216.41567197
2800,4068.49310571
1267,1413.65369798
4494,4522.55004016
2583,2173.30161058
7854,3340.32143816
840,1494.21356001
4277,5840.04412367
3913,3035.50213366
1575,1352.80352873
2429,3506.67270824
12824,4395.14861614
805,1482.25204863
14987,6033.88884172
1603,2175.36979012
5775,5459.87667308
4004,3422.63707507
23940,13270.4456266
5817,2893.05175417
1155,2281.18873847
4172,2980.43056994
2926,3173.92211083
595,3508.52596076
9135,3490.45229988
651,2584.92740626
6405,3753.84251587
3927,3057.72402264
2422,1869.56917039
2275,3108.28431399
3164,4430.11039406
4067,3677.27727393
5180,3753.65611583
11361,6901.72324471
3542,4332.62571357
1876,2339.95637038
1617,2520.94970509
9520,8067.17044586
9100,9130.99820124
3472,3466.45042176
2548,2108.75302523
5922,5334.91652645
8232,5618.90360608
8050,6421.07146991
10577,4450.5976548
3913,2744.88773538
14973,6361.23433414
2723,2218.62533836
5152,3500.5640902
3276,2093.89166856
3164,3631.23447632
7854,3014.25596127
6405,3380.67803173
9100,7638.29611072
3983,3349.87627935
1876,1947.85795894
5922,4442.08206709
2275,2589.23683398
3192,1533.49063352
3472,2870.43363548
14434,4977.68575421
5635,4443.04861254
3647,3093.3761941
12824,4845.27819446
5180,3840.27926364
2282,1712.56596205
3437,5136.19233501
2926,3484.44123977
8232,5768.53995528
840,1679.28045451
4172,3290.87348664
1435,5202.73833432
710,2804.90491938
4277,6619.74700496
2149,3261.71449362
6783,4787.34510589
1603,2241.02034465
651,2669.83107561
847,2954.23158961
1155,2362.7643081
4977,4416.01017783
19894,7009.89973753
1617,2403.85641316
5880,8446.78425686
3626,4086.12605546
3136,2216.41101327
2548,2014.80783313
2331,2100.50963843
3941,3875.12138433
9520,7734.05067638
2569,2292.41522321
4004,3572.94781659
7252,3347.06851698
9135,3172.5857812
14987,5373.81074166
11361,5806.46725098
8050,5416.48220547
3829,3595.93598649
3542,3590.15729218
546,1918.29585409
2422,1597.16429488
13860,7468.25625424
4494,4197.91080583
9051,3165.3206429
3927,2565.02755082
5817,2633.33812965
6699,3735.25031482
5775,4976.67415988
2429,3642.23820401
2989,2666.31004799
595,3590.03885258
2583,2375.60477575
23940,13755.229884
1400,5497.69067206
3948,5972.9235315
4067,3513.99953829
2174,1953.92705729
2520,2548.46400504
2352,9395.82987987
2821,2705.53719199
805,1551.9012192
4620,6155.53299916
1267,1547.85536754
2800,4217.7680183
1575,1480.68309695
3472,2928.11730876
3829,3603.08462422
3626,3644.08839834
2548,1794.48695572
9135,3198.93345602
23940,12265.4952218
11361,5896.13417949
5880,7550.85929664
3983,3471.94458072
4977,3897.20126028
12824,4051.39791316
2331,1837.31907084
6783,3991.23868003
1603,1990.55296431
14434,4147.44377437
2174,1721.88652901
3913,3143.20994353
7252,3877.61147642
5635,4188.98006968
3647,2904.57581421
2800,4263.1052873
2926,3293.61420634
7854,3490.4577529
2149,3064.43645267
805,1526.5253959
710,2638.75935082
1435,4899.42194844
651,2681.65659197
4494,5021.84117625
847,2942.12343559
1575,1481.40158826
3542,4236.80717105
9100,8841.04439731
8050,6233.21298274
2989,2669.87248488
4620,6259.87072751
14987,6314.40955929
595,3640.62262791
3276,2428.50293962
840,1573.89253538
6405,3906.69859905
1617,2399.32231597
2569,2286.50812131
1876,2212.58564972
4067,3528.08560465
8232,5466.41612525
5922,5146.1165104
4004,3554.55705304
4277,5584.84918177
2583,2116.99526423
3941,3496.68373677
3948,5343.545013
4172,2799.42832754
10577,4650.70232492
546,1893.3203055
9520,7070.62740654
19894,6421.30765627
3164,3827.46150424
14973,6689.27132493
3437,4298.68107867
3192,1592.59005865
5775,5163.9023129
2352,8636.05140946
3927,2625.80643705
2723,1988.76942973
2520,1986.05743358
3136,1758.41314627
13860,6699.31842281
6699,3338.16493129
1400,4304.33956599
5152,3170.06674664
1155,1840.72484593
2275,2309.43982431
2282,1270.7687474
2429,2874.83799268
9051,2847.02795371
2422,1408.10869381
2821,2120.41232783
5817,2341.46237942
5180,2812.45110474
1267,1229.66836545
