2,7.575
1.2,7.3125
4,4.6
22,4.5375
4,7.225
2,4.975
1,7.575
18,4.9125
5,5.2
3,6.775
4.5,4.65
2.1,7
2.1,7.8125
1,7.6875
22,4.5375
4,2.6
1.2,7.325
2,4.825
5,7.2
4.5,2.5375
18,5.0375
2,7.325
3,6.85
4,7.225
2,7.45
4,5.1
1.2,7.45
1,7.45
3,6.7875
2,4.6625
4.5,4.6625
4,5.1
18,5.0375
22,4.4
5,4.5875
2.1,4.8125
3,4.7
5,7.2
2.1,5.6875
18,5.275
1.2,4.825
2,4.95
22,4.8875
4,6.7875
4.5,2.5375
1,7.575
2,7.575
4,7.225
4,6.7875
4.5,2.5375
2,4.725
3,4.6
22,2.7875
2,3.2
18,2.7875
2.1,7
1.2,7.3125
4,6.85
5,6.975
1,7.2
