13635,1646
3319,3516
1631,1625
1143,1649
4115,2310
380,908
593,803
1173,3657
718,1988
2223,1152
2634,803
6607,6788
324,458
2265,1188
1428,1188
5816,1721
669,1139
580,4756
1252,1988
2570,2635
1557,666
2895,2111
988,1838
676,458
1113,1364
583,863
2860,2408
2591,2910
1079,2094
3189,2175
5249,2888
652,643
5359,985
8600,1986
570,1160
887,1364
2356,4715
12646,8564
3555,854
4494,3809
3483,2372
955,958
1304,2215
718,798
1532,2697
2393,1562
1722,1962
1388,4715
1832,1327
1328,2353
990,3343
3088,3809
989,1335
5927,7128
219,500
630,619
4414,888
1413,448
502,606
5456,4091
15673,10577
1432,1359
3050,1472
1003,890
1742,1734
995,1110
2972,2834
286,2297
2172,1903
2037,1683
220,516
322,2697
928,984
113930,13140
896,1000
3966,2215
7649,4968
3504,3601
1877,1472
2170,1261
763,1063
1737,1460
321,2146
750,830
1455,2424
339,1304
1884,616
557,2090
892,666
1318,486
4009,7128
6307,1786
485,2889
1066,517
585,2913
2029,3850
5094,2955
1280,666
4068,2079
726,2955
1940,1362
1650,782
570,1472
313,666
1016,2889
5927,1872
1584,3662
693,1366
1698,1066
1431,2130
3826,1925
2964,1158
2203,1786
8509,791
4824,791
1122,1785
1860,2268
2408,508
254,4255
1693,2463
1425,2285
2663,1657
980,1029
1401,1646
437,1732
1868,1287
654,2244
1660,1588
1040,4255
464,2268
2224,750
1832,891
5646,6666
5192,2917
1939,693
2480,2318
302,1613
655,848
8656,2275
698,447
1159,1564
1024,1311
1576,1455
874,5352
322,1646
570,879
990,3343
1940,1362
6307,4206
3966,2215
980,655
219,687
1557,1206
989,1335
2356,2083
339,1304
1328,2111
380,485
2964,2308
2408,1092
5646,3237
1693,2104
1455,2424
13635,6666
464,447
113930,14159
1832,1327
286,2410
1122,1202
1388,4507
693,511
2172,1903
2170,1202
1877,2151
15673,8530
887,1472
302,1613
1939,504
1304,517
718,1293
3826,1925
557,2090
2037,1048
1024,1208
324,447
8656,2275
1860,517
1318,2761
1576,1455
896,1472
2570,2275
995,1417
583,863
322,2697
502,1269
1650,1417
437,1426
254,4255
1252,914
928,984
7649,6267
2029,3850
718,914
2972,1160
1428,1188
988,1838
669,1139
2591,4813
750,346
5094,4813
1280,448
2860,2408
3050,1785
698,447
2223,1459
874,5220
3088,3013
1425,2285
322,1261
1016,1354
1584,2363
1742,996
1413,606
726,4813
1868,1287
585,2913
1040,1228
4115,3674
321,958
4068,2079
12646,2322
5927,1872
6607,4616
3504,1478
892,1015
2663,2020
4414,1755
2895,2111
630,998
4009,4616
570,1162
763,1063
2203,3280
1003,1061
1401,1646
2224,750
955,958
655,1721
1431,2130
313,666
1066,902
220,902
1432,891
4824,4752
580,4815
1832,891
3319,3516
2265,1188
1143,2020
652,565
5927,4616
1631,1625
1722,1860
3555,854
593,1436
1737,1464
1884,1293
1698,2408
2634,1436
654,2244
1159,1065
2393,1562
1079,2094
8600,2346
1113,1364
3189,2175
485,1620
5816,1721
1173,7511
676,458
2480,2318
4494,3296
5192,2275
1660,2175
1532,2697
5249,729
8509,2913
5359,985
5456,3520
3483,2383
324,447
1113,4748
1428,1353
2029,3186
5094,1658
887,1164
2634,447
655,848
1318,486
5192,2917
1832,1164
1884,2020
1173,7511
693,1553
2480,2318
1877,2371
1868,1903
12646,2322
2172,1903
2393,2371
2203,1786
1631,1625
1939,693
570,1160
7649,6267
980,1029
988,1838
1431,1903
15673,3318
557,2090
6307,2761
4068,2079
580,4756
1079,1610
339,1304
1122,1202
3189,2175
726,3842
302,1613
321,958
322,1202
2356,2238
718,798
2860,1051
4494,3296
2170,1202
1860,517
8656,2275
874,5220
5927,2238
2224,750
1066,517
5359,1110
5646,6666
1693,1518
3555,854
8600,1472
3826,1051
928,655
955,1428
990,3343
3966,2215
4115,4272
669,1139
1425,1299
502,606
1650,1276
1737,984
113930,14159
3504,2077
485,1620
1940,984
5927,5308
1280,1057
1584,2363
892,448
1832,1327
750,481
1304,2215
4824,4544
3483,3238
1159,1472
630,1034
1401,1646
2037,1683
2265,1188
3319,5700
3088,2823
1698,2408
896,1359
6607,6788
585,2913
2964,1704
2663,2020
593,1468
989,1704
1016,1354
437,1426
1742,1741
1413,471
286,976
570,2170
2570,2635
4009,4616
2895,2834
2223,1459
1388,4141
322,2697
583,531
5249,3033
464,2134
1722,1962
1328,1704
2972,1160
1143,1649
1455,2424
1003,1161
676,2196
5816,1721
1576,1455
8509,2702
1532,2697
1432,1359
13635,1646
652,908
2591,2910
995,1110
219,2196
4414,1755
1040,4255
1024,1311
1660,1588
313,666
1557,1110
763,1771
254,4255
5456,3227
718,1304
220,1245
2408,508
1252,1988
698,2196
654,2244
3050,1785
380,908
1737,1464
1401,722
2029,1269
1159,1065
676,511
1024,1447
652,643
1173,9781
887,1364
1698,2408
380,643
1388,4141
989,1704
2895,2834
892,796
5456,3227
1650,782
3966,4620
219,511
750,796
302,1613
5249,729
2170,722
5192,4620
1016,1354
1455,2424
2265,1188
5816,998
1742,1741
2408,508
990,1986
313,666
1660,1588
2037,1304
3319,3516
1252,1328
485,1620
2203,3516
4494,3296
1428,504
718,798
2634,447
2223,1459
322,2697
1432,1359
896,1359
2663,1657
254,3516
1940,1362
2393,1562
8656,2913
5359,985
13635,1646
874,5220
8600,1986
1868,1287
5927,7128
3826,1986
654,2244
1631,2146
1413,606
5646,3504
1860,1436
2591,2022
3088,3235
4414,1755
15673,10577
669,528
693,511
1431,2130
1584,2363
4068,3724
4824,5079
580,1062
1576,1455
3504,2770
585,394
1939,1644
570,394
113930,13140
2224,750
286,2146
955,1949
5094,2022
220,516
6307,2484
1693,1205
1066,300
630,863
557,2090
718,1595
1532,2432
2964,1365
1143,1649
980,1029
1832,891
928,655
1280,531
1722,1962
339,1304
2480,2318
1122,1785
726,3842
583,863
3050,1785
4009,4616
655,1721
2860,2408
464,1215
8509,2913
2356,3657
12646,2322
1328,1365
763,1771
1557,1110
6607,6788
437,1426
324,447
1003,1161
3555,854
7649,6267
698,447
1425,2285
3189,2175
3483,2372
2972,1160
593,1468
1304,1162
1318,1460
570,1160
1113,1364
988,1838
1832,1966
1884,1293
5927,1872
322,1261
4115,2310
2172,1903
1079,1872
502,606
995,1957
1877,2371
2570,2275
321,958
1040,1228
1431,2130
1113,891
1455,2070
322,2697
580,1062
2037,1683
5456,4091
5816,3072
652,266
2223,1957
654,1957
995,1110
698,447
113930,14654
3189,2070
669,1139
2408,500
6307,2484
3555,854
2570,2635
485,1620
1940,1362
12646,12091
1698,1066
1040,1228
5094,2955
655,848
585,517
1860,2215
593,1468
5249,2888
2972,1160
502,606
1832,1004
693,1366
1425,2285
7649,6267
1159,1065
2895,2111
1304,2215
220,723
313,666
1432,1004
8509,791
321,958
1650,782
4494,3296
8656,2913
570,1162
630,1034
3826,1925
1328,1976
4824,791
4115,2310
887,1004
2591,2910
15673,8530
3483,2372
2224,750
5927,2722
989,2318
5646,6666
1868,2047
324,447
4068,2079
8600,1986
2172,2047
1066,517
1693,1518
1428,1353
1939,693
3050,2135
464,1215
5359,985
1143,2047
1003,1161
1122,1785
1318,486
896,1359
2203,3280
1388,2722
1024,1440
302,1613
1832,1327
928,651
3319,3516
13635,1785
557,2090
1173,7511
437,1426
286,824
1576,1428
955,1949
2964,1158
4009,6788
1532,2697
583,863
4414,1755
1079,2094
6607,6788
1877,2371
1016,1354
219,500
2265,1152
380,643
1722,1967
990,3343
763,1063
2170,1261
750,796
322,1261
1584,4450
1631,824
339,1304
718,1595
1660,1967
2480,1732
1884,2020
570,1206
5192,2917
980,1131
2029,3235
2356,3657
5927,7128
676,458
1742,996
2860,2408
726,3842
1413,606
874,5352
3504,1478
892,531
1737,1131
2393,1562
3088,2823
1252,1377
988,1131
2663,1657
254,4255
2634,447
3966,4620
1557,1206
1401,1646
718,798
1280,531
