395,417
374,349
3148,1464
190,80
11719,8716
1028,691
7490,22500
237,486
2971,2088
1916,3646
1249,597
16042,13919
8227,3748
7824,4086
3566,1939
7263,4867
212,334
1238,665
687,410
2321,1358
1278,1661
7060,6068
440,305
1984,3646
1930,1823
729,631
2446,2952
10200,8470
2999,1482
929,534
5732,6063
4504,3877
817,1668
4150,2640
4164,1586
500,399
6138,2532
1121,691
448,417
14520,6068
4158,3431
3800,2952
640,338
1167,976
2836,1668
54620,26408
1262,1464
903,665
2540,6068
780,3368
3500,4112
5242,5103
2387,2445
950,328
3133,2360
1061,1313
4622,3638
1134,114
3437,2002
15165,14938
5333,6068
3214,2741
352,764
2941,2430
1035,540
9094,11045
619,976
498,992
883,691
1434,1939
3655,5800
246,579
1158,2640
8702,8663
570,305
1704,1358
2108,2299
1532,1073
526,338
941,2551
1451,486
7575,33028
26,311
3322,1823
553,349
1741,2027
358,246
3762,380
601,349
911,328
10222,11490
2112,2952
1017,601
2385,600
2684,4551
1126,1101
700,281
191,296
1644,2064
3877,1869
1525,778
3006,1210
300,300
676,909
183,252
668,344
705,293
32760,22500
1293,764
281,471
2683,1251
1265,563
2933,2532
1607,2321
176,391
784,601
2835,2566
540,1035
3612,2038
3431,1930
380,1417
3193,1538
3646,1984
5639,2836
720,392
631,729
2552,915
2326,2445
5196,1741
28855,25054
25217,3981
736,1050
16921,7816
1788,285
2109,667
1661,1278
129,252
17607,16357
16788,6416
646,329
1007,1246
481,906
406,344
7505,5800
5053,2672
1171,344
7762,2791
2002,1246
566,803
2019,1121
252,293
742,687
25401,13528
943,148
8549,3711
1514,1139
281,528
4112,3703
665,903
2988,580
1785,1754
3630,770
2994,4054
239,1358
286,225
871,553
22920,6844
5432,3800
247,293
4723,1817
584,617
2597,296
893,3133
34085,25482
499,929
440,600
13130,7060
683,311
1101,1579
338,640
5400,3655
8470,10200
5532,2387
114,140
408,1050
1211,1333
6068,7060
801,701
334,212
774,526
4800,3638
500,399
976,778
3372,3677
973,909
2496,3677
2400,3711
486,237
564,1383
5533,3675
2532,2933
580,2988
3238,1211
2054,1358
220,687
1464,1262
893,544
770,440
6821,3638
225,129
354,667
2038,1694
1186,1383
1039,827
1829,4867
2027,2738
410,687
2450,3703
252,129
8663,8702
2347,2521
349,374
6844,6063
2553,4622
5103,5242
2082,471
803,566
1139,1514
201,404
400,399
1786,1686
528,281
2856,211
2672,1440
2362,2533
605,941
3191,1694
4086,7824
246,494
2515,4947
2333,2310
450,374
2974,1704
436,579
2185,1686
3503,1704
1200,752
1817,1265
1333,1211
3711,2078
117,784
1243,1754
5841,3566
5597,8549
43303,34085
3532,667
19699,12551
2566,667
3995,3675
2435,1708
1073,1532
1210,752
27000,29399
1584,211
1853,211
5800,3655
3434,1007
3585,4947
2395,1249
13528,25401
2600,1035
1076,285
300,300
140,494
1049,1035
26408,25482
1634,2551
145,442
2459,417
16560,10080
1417,380
1775,471
305,440
1248,2019
7443,10942
2520,2360
249,776
387,1514
1396,2430
7091,3437
296,191
3348,5864
812,720
8046,3219
8740,5639
1869,3877
976,619
80,190
6416,3132
4416,3148
2310,1557
8716,11719
10942,7443
136,183
417,395
569,1512
534,2508
5727,3748
16357,17607
686,1482
752,2435
21014,26408
778,976
392,720
3189,950
2551,5053
563,1265
4945,13752
1896,3877
2064,1644
1754,667
3287,2508
3853,5533
2391,2542
3219,1939
1313,2836
2521,762
2360,442
1244,448
4301,2435
1223,1584
3677,2496
211,1853
591,391
1393,252
140,145
148,183
667,354
311,26
1080,729
503,1139
399,500
3675,5533
1724,1251
997,1039
9720,6844
597,619
49034,33028
14938,15165
198,483
3546,2741
3201,2088
25482,34085
1238,619
470,225
2306,3214
1823,1930
2299,2108
701,801
909,676
2604,1121
600,440
3303,6765
1686,1930
4054,3148
562,212
477,973
937,3214
544,893
764,1293
5482,4158
601,500
3088,1869
1001,410
170,1249
293,252
1694,1708
4019,5533
5864,8706
4695,2088
4947,3132
9409,5639
827,1039
560,1557
2933,1396
1404,2326
454,247
763,736
2890,1853
25054,16179
13919,16042
328,911
2244,1512
2791,1801
2430,1396
1694,2038
1668,817
241,89
2445,2387
344,1171
2565,170
3748,528
2184,729
3368,780
579,246
11388,8740
29399,27000
285,1788
4630,1694
391,176
494,140
12551,19699
2508,534
4266,3189
6765,2521
1557,560
4867,7263
7459,4695
4900,1076
11045,4054
13752,3853
776,410
3638,4800
1482,686
1538,3193
1801,2064
1383,1186
2741,1451
594,1686
2014,893
471,281
1727,1393
1251,631
341,569
6063,5732
3703,2450
5650,2684
1050,736
2952,2112
1939,1313
2040,778
9296,7091
2640,1158
702,544
4551,2684
1358,239
906,246
404,687
11490,10222
4955,3287
442,145
1362,976
992,1984
204,129
5757,2459
789,526
3344,1076
5876,3431
3981,1238
33028,49034
2533,729
1586,893
5078,2019
691,1028
329,190
2194,827
8706,5864
1440,976
2078,528
10080,5432
2088,2604
2639,1293
3132,4947
1708,2435
4815,3630
7816,7263
915,1532
762,2521
3234,1028
15039,4800
899,1984
8111,2974
667,1754
617,584
1213,1028
10398,2109
1817,4723
2542,2391
1512,569
16179,7091
89,241
1579,1101
2738,2027
36046,49034
22500,15165
483,198
3986,2109
338,526
1246,2002
349,374
498,1916
212,334
129,225
2002,1246
2835,3800
2310,560
1708,2435
2306,2542
3148,1464
80,801
691,1028
591,391
665,903
183,136
380,338
601,500
3762,1532
499,562
1238,903
4112,1727
2941,2430
300,300
1080,729
683,311
417,395
1200,752
600,440
2566,354
1293,764
2988,4723
646,801
778,976
580,2971
883,2604
338,526
2565,170
6138,2532
540,1035
1211,1333
736,1050
2088,2604
25482,34085
4945,13752
2387,2445
5482,937
503,1514
2738,2027
1243,1754
3532,667
700,1775
2078,528
701,801
5078,2019
442,145
6063,5732
3006,937
9094,11045
1512,569
1396,2430
190,329
2385,440
2639,2508
1440,976
387,770
2321,239
8702,8663
471,1775
2600,1035
2890,2430
1417,338
1186,569
617,584
1482,686
281,1775
5597,8549
22500,15165
252,305
4815,3630
3238,1333
5639,8740
601,374
817,1668
2553,3638
1139,1514
1121,2604
400,399
702,544
211,1853
667,354
2446,2112
4158,3431
4900,1076
1244,448
89,241
893,140
486,237
16179,9296
22920,6844
1028,566
584,617
328,911
579,246
2326,2387
1869,3877
5841,3566
1210,752
2400,4900
1249,597
1724,1251
5400,3655
2445,2387
3748,2078
801,701
528,281
3981,2565
903,665
4504,3877
338,640
241,293
500,500
21014,25482
6765,2521
3612,2038
560,1557
1434,5078
311,26
5103,3566
2435,1708
11045,8706
1134,941
329,190
16921,26408
2952,2112
2994,5864
562,212
399,500
1694,591
296,191
5727,3711
406,668
2856,1396
352,764
5196,2002
5732,6063
2532,2933
4054,3148
687,410
3201,2088
2064,1644
1073,1532
937,591
5532,2387
2552,915
2082,631
570,440
34085,25482
4019,3853
2496,3677
4695,2088
2109,354
1167,619
569,392
198,483
1464,1262
1668,817
7816,4867
5432,3800
1916,1984
117,784
667,1754
374,450
1050,408
5242,3566
871,553
4723,1817
899,498
1801,1644
2791,1853
10222,4867
7263,4867
1223,211
43303,22920
2974,3503
1362,976
1584,1853
3234,691
454,293
28855,25054
1823,1686
2515,2347
1001,410
742,410
2450,1213
148,183
534,2508
7443,10942
2194,827
803,566
5650,2684
1853,211
2672,2395
566,803
114,540
500,399
3546,2741
27000,29399
2604,2088
3566,1939
1607,2321
812,617
1984,1916
1007,1246
1930,1823
2933,2430
3646,1916
36046,29399
8470,5532
239,1358
676,909
1049,1035
404,334
1076,285
201,220
13528,25401
140,442
640,338
3344,4900
5757,2459
3214,2306
553,871
15165,14938
789,774
4164,1586
1514,1139
136,183
997,827
1313,1668
8227,3748
3995,2515
8716,3677
1333,1211
33028,49034
176,705
8740,5639
763,1050
3372,3677
597,619
16357,5400
3191,3322
1126,1101
4955,3287
17607,11388
9409,5639
14520,7060
1451,486
3503,2974
2244,1512
2542,4112
440,305
564,569
2999,1482
10200,3532
470,225
764,352
976,619
1213,803
2038,1694
483,198
915,1532
1634,893
10080,15039
976,778
1251,631
5053,2551
526,338
391,776
720,392
7505,3655
54620,26408
246,579
13130,7060
249,410
780,3368
2391,776
893,544
1404,2326
1896,4800
2362,2533
8549,5597
3585,4947
3431,1823
3437,2002
145,442
140,237
4622,3638
1644,2064
1278,1661
2108,2299
594,338
1393,701
1786,526
1383,1186
8663,8702
25054,16179
729,2533
204,1464
237,486
29399,33028
1661,1278
8706,5864
281,528
8046,3500
1686,1930
1939,1313
11719,8716
247,293
2112,2952
752,1694
4947,3132
300,300
477,286
1061,1313
3703,3234
943,770
5533,3675
2683,1251
1101,1579
1586,562
1246,2002
1265,563
4800,1896
774,526
2836,1668
2551,5053
1788,1073
1775,281
4867,7263
4630,3500
4150,2082
3348,5864
1158,471
2640,471
3088,1869
1017,646
2014,893
1754,1514
408,1050
3877,1869
285,1076
1829,1557
9720,6844
1785,1243
2027,2738
3303,2521
2333,2310
3638,1896
354,667
2185,1694
3193,1538
2360,442
6416,3132
8111,2974
7762,2791
7575,4086
25217,3981
906,481
2040,976
2184,2533
1171,344
448,395
3219,1126
440,600
4301,1050
7824,4086
3287,534
191,296
2508,2639
3133,893
544,893
1262,1464
4266,1724
3434,1007
1358,239
7459,4695
2597,296
26,148
1238,2566
1704,2321
3322,1823
436,579
3986,10398
5333,3711
1525,778
1035,540
25401,13528
4551,2999
619,976
973,909
11490,10222
1741,2027
341,569
2395,976
2347,2515
494,140
941,1134
2520,2360
26408,25482
450,374
686,1482
2540,1724
3711,2078
32760,22500
286,129
13752,4945
631,1251
246,136
3675,5533
358,440
605,1134
3655,7505
392,569
5864,8706
9296,5078
4086,7824
992,1984
395,448
4416,3148
827,764
1248,5078
668,1171
6821,3638
2971,3566
563,1265
293,454
776,687
1538,3193
12551,16179
334,212
16560,10080
1039,764
7091,3434
929,534
7490,2597
5876,3431
2933,2532
950,328
410,687
3677,8716
3630,4815
481,183
220,201
19699,10222
3189,3148
16788,6416
1817,4723
3132,4947
344,1171
13919,6765
770,252
909,676
2430,2933
911,676
7060,13130
10942,7443
252,247
1817,1265
2521,6765
10398,2565
1694,2038
170,597
1579,1101
14938,15165
2684,4551
762,3503
1727,1393
2741,1586
2299,2108
3368,780
15039,10080
225,129
5800,7505
2533,729
2019,1121
49034,33028
1532,1073
305,440
784,300
3853,4019
2459,417
11388,8740
6068,13130
2054,1358
16042,8702
705,247
6844,6063
1557,560
3800,2112
3500,4112
3877,1869
2988,580
380,1417
4551,2684
2002,3437
2604,2088
2533,729
705,252
246,579
3566,2971
1896,4800
477,973
49034,33028
1383,1186
1121,883
28855,16788
27000,29399
4416,3148
1538,3193
328,911
4955,3287
329,190
1801,1644
2741,1586
700,281
1557,560
311,26
3348,5864
1101,1126
3201,2088
454,293
7443,10942
170,597
13919,16042
691,1028
1440,976
2064,1644
1482,686
2435,1708
148,562
5757,2459
503,1139
281,528
7263,4867
1525,778
442,2360
436,579
640,338
5400,3655
1223,1584
619,597
440,600
780,3368
16560,10080
801,553
4723,1817
2553,4622
1158,2640
2835,5432
3748,528
2078,3711
5482,4158
374,450
5597,8549
1775,471
395,448
114,540
1246,3437
300,300
16921,21014
601,500
5876,3431
2391,1001
4164,3368
12551,16179
1817,1265
701,89
145,2360
3322,1823
25401,13528
4086,7824
6416,3132
1661,1278
1634,2551
8702,8663
1293,764
417,358
2542,2306
25054,16179
601,349
2532,929
3986,10398
687,410
344,1171
2014,893
140,893
1984,1916
400,399
1238,665
1238,619
5053,2551
220,687
15039,3638
1607,2321
2971,3566
2088,2604
2445,2387
3193,1538
3655,5800
5432,3800
17607,16357
249,776
883,1121
3677,8716
594,338
3995,2515
1167,1249
239,2321
440,305
1333,1211
778,1525
4945,13752
2974,2054
1532,1073
943,770
21014,25482
605,941
591,391
937,3214
992,1984
212,334
7575,4086
247,252
1754,667
1393,252
915,1073
198,483
10080,3638
2038,1694
1251,631
3006,4630
528,281
1171,668
448,395
1686,1930
5532,2387
929,534
4019,3675
3189,4416
2508,534
5196,1741
544,893
7091,3434
358,246
293,454
973,909
1579,1101
646,190
2360,442
950,328
9720,6844
729,2533
789,526
597,619
481,183
1512,569
1049,1035
899,1984
1080,2533
3853,3675
8111,762
201,334
774,526
752,1694
1916,1984
6765,2521
3500,1727
1139,1514
2597,296
2299,4723
8046,3219
2184,2533
2112,2952
7490,22500
3503,1704
5864,8706
580,2988
204,129
1396,2430
354,667
7824,4086
43303,34085
500,399
3344,4900
736,1050
2108,1741
976,1362
3088,1869
2362,2533
2321,1607
2551,5053
1050,736
562,212
1213,1028
25482,34085
2640,1158
483,198
3234,1028
117,784
911,909
8716,3677
286,129
1035,540
1829,1557
237,486
2600,1440
305,440
404,201
190,329
2565,1249
570,440
1451,486
10222,4867
5533,3675
4150,1158
2430,1396
392,569
2890,1853
817,1668
5078,1248
3981,1238
387,1171
3630,2933
16042,8702
1741,2027
352,764
2019,1121
3703,1186
80,801
2400,4900
1788,1532
5333,1724
4301,2435
16788,6416
871,553
617,584
2446,2112
3646,1984
14938,15165
1007,1246
4266,3189
720,569
5727,3748
5650,3532
997,827
16179,12551
13528,25401
1708,736
676,909
296,191
2738,2027
2520,2360
4158,5482
2994,4054
1243,1514
2082,631
338,640
1265,1817
33028,29399
3800,5432
893,3133
4815,2741
600,440
391,176
2933,1396
2684,4551
1704,1358
2999,1482
4800,3638
285,1076
2385,440
8740,5639
2040,976
8470,10200
9296,7091
534,2508
4947,3132
3148,1464
281,471
3219,883
4504,3877
2109,354
7505,3655
1823,3322
7060,6068
11045,4054
500,399
4630,752
2941,631
1073,1532
553,871
2310,1557
16357,17607
22500,7490
191,296
36046,33028
300,300
5800,3655
2552,915
26408,17607
8663,8702
2515,2347
252,705
584,617
3132,4947
3434,1007
25217,3981
1434,1383
1817,4723
827,1039
2496,3677
1464,1262
3638,4800
526,338
1028,691
6063,1853
566,803
1939,1313
5841,3566
1417,380
6138,2532
241,701
3532,1333
667,1754
2326,2445
19699,12551
2856,1584
3133,2360
5103,3566
1017,646
1785,1754
341,569
8549,3711
334,212
410,687
3287,2508
4112,3703
1694,1686
6844,1584
3612,2038
2683,1251
4867,7263
471,281
211,1853
498,1916
499,893
1694,752
2027,2738
2521,762
909,676
136,183
2395,2672
246,494
8227,5732
686,1482
10398,2109
784,300
399,500
406,1171
1786,2185
941,1134
34085,25482
10942,7443
3368,780
1076,285
2387,2445
4695,2088
5242,3566
225,129
3238,1333
3431,1930
29399,33028
2836,1668
26,183
812,720
486,237
4054,3148
1724,1634
976,619
1869,3088
3303,6765
349,374
11490,10222
1404,997
15165,14938
1244,448
9409,5639
450,374
89,701
1061,1939
3546,5757
2540,7060
2952,2112
776,410
3437,2002
183,136
1249,1167
893,544
3372,3677
3214,2741
1001,410
540,1035
770,305
5732,6063
3191,2038
54620,26408
2933,3630
1586,544
762,2521
6068,7060
668,1171
7762,6063
1134,114
5639,8740
1248,2019
564,720
1358,239
631,729
11388,9409
494,246
9094,11045
2791,2064
903,1238
2054,2321
13752,3853
14520,7060
470,225
140,237
3762,380
1262,1464
2639,2508
10200,8470
560,1557
906,562
742,687
7816,10222
8706,5864
32760,22500
1039,827
2333,1694
803,566
4622,3638
7459,4695
1644,2064
667,354
6821,3638
1668,817
563,1265
4900,2552
1126,1101
1362,976
1186,1028
579,246
2347,2515
569,392
2459,3630
1930,1823
763,1050
2244,1512
1584,2856
2672,2395
1727,341
2450,1213
665,1238
1278,1661
683,311
1200,4301
702,212
2185,1686
252,305
2566,354
129,286
3675,5533
176,391
1853,211
22920,15039
3711,2078
11719,8716
1210,5800
1313,817
408,736
1514,1139
1211,1333
13130,7060
3585,4947
2194,827
2306,2391
338,526
764,352
10222,4867
584,617
9296,7091
1930,3431
1396,2933
293,454
3238,1525
4164,1586
770,440
4112,1727
25482,21014
5400,7505
1817,1265
1134,941
1788,285
1243,1139
13130,5053
6068,2540
579,246
526,338
204,129
3675,5533
1200,752
2054,1358
1482,686
6138,2532
1869,3877
973,570
909,676
1211,1525
2683,2184
3585,4947
16179,7091
13528,13752
5650,2684
380,1417
4800,3638
3133,2360
500,399
3532,5864
49034,33028
400,399
3088,5432
1741,2738
1754,1514
950,328
1050,736
300,300
801,701
2088,3201
3981,1238
3303,6765
563,1265
5597,8549
667,976
569,392
305,440
1017,601
3986,10398
296,191
3655,5800
3191,2038
3711,2078
25401,13752
1532,1073
2306,2391
486,237
1126,1101
591,391
883,1121
14520,5333
3148,1464
2027,2738
893,544
2108,2299
170,597
2542,2391
2600,1035
9094,11045
3219,1939
2604,1121
1333,1607
3189,2741
252,129
10080,15039
354,667
4695,3201
5078,2019
16560,15039
4266,26408
2430,2933
1039,827
201,220
1801,2064
404,687
481,183
7060,2551
10942,7443
2014,1586
349,553
702,544
8227,3748
5757,2459
1278,563
2400,4900
1694,601
1362,976
7091,1007
22920,6844
564,1383
3503,2974
1817,4723
16788,4947
1853,211
560,1557
28855,25054
34085,25482
2064,1801
2333,2310
6416,3132
334,212
7505,3655
5841,3566
776,410
22500,15165
736,1050
778,976
33028,29399
1584,2856
1823,3322
190,646
9409,5639
3287,1238
742,687
5482,4158
7816,10222
1249,1167
1434,5078
871,553
1251,729
7263,4867
148,562
1210,752
220,201
1035,2600
812,720
5732,2791
1223,2856
601,789
7824,4086
8740,5639
4945,13752
762,2521
3800,5432
597,619
3214,2306
1440,976
2185,1686
1001,584
27000,29399
2112,2446
8549,5597
4551,2684
1661,3133
1586,893
311,26
498,1916
2994,4054
780,3368
5196,2002
374,450
2890,2430
2672,2395
2988,580
7762,2791
686,2999
2532,2933
241,293
11719,8716
3638,4800
2038,3612
566,803
3434,1246
5876,3431
1775,471
2299,2108
129,286
80,801
7459,4695
16357,17607
4630,752
329,646
1121,2604
1404,997
26408,25482
2184,729
246,579
3437,2002
285,1788
646,801
11388,8740
5800,3655
1607,2321
729,2184
3677,8716
1139,1514
43303,34085
8470,5532
2385,440
899,1984
1634,893
1724,1251
3368,780
4900,1076
2109,354
976,778
2553,4622
25054,16179
1451,486
534,2508
477,973
640,1417
701,801
1829,7263
1785,1754
281,471
239,2321
1101,1579
399,500
2450,3234
976,619
1896,4800
594,338
784,300
2565,170
8702,2738
117,300
4815,3630
752,1694
911,909
5333,7060
2446,2112
540,1035
553,801
7443,10942
1358,2054
252,705
4150,2640
2040,778
338,1417
2933,2430
3877,1869
358,440
36046,33028
300,300
1238,619
3703,1213
1171,668
191,296
774,526
2999,1482
2836,1668
929,2532
2362,2533
1262,1464
5053,1134
8663,4723
15039,10080
600,440
1644,2064
1313,1668
1704,2321
617,584
19699,12551
352,764
2835,5432
454,293
436,579
3344,1076
32760,22500
2521,762
2395,2672
544,893
2552,915
943,417
763,736
2078,528
2435,3500
176,391
4867,7263
2194,827
1708,736
212,334
29399,33028
2347,2515
1512,569
3853,4019
2551,893
3748,528
1538,5597
2597,296
9720,6844
2741,1586
471,281
13919,8663
140,237
915,1532
1694,752
1238,893
4622,3638
16921,26408
1073,1532
17607,16357
1916,1984
803,566
1248,2604
16042,8702
4086,1532
2738,2027
1007,2002
3234,1028
225,286
1080,729
2952,2112
1417,380
494,246
3193,5597
391,176
395,237
2533,729
5532,2054
211,1853
2019,1121
903,1586
2459,2933
3132,6416
392,569
54620,26408
328,911
2496,3677
665,544
14938,15165
448,237
2971,2088
1213,1028
1158,2640
89,241
941,2551
4301,3500
827,1039
2974,1704
764,352
1244,237
2387,1404
5727,3748
1786,2185
705,252
3322,1823
1393,247
145,893
3566,1939
817,1668
2326,1404
3612,2038
2791,2064
4504,8227
6063,5732
11490,10222
4054,3148
2684,4551
140,893
470,499
683,311
789,526
406,668
440,600
3646,1984
4723,2988
1265,1817
4955,3287
1246,2002
528,281
2566,667
3201,2088
1061,1313
13752,3853
687,410
417,358
249,410
26,311
1076,285
2445,1404
344,579
4158,3431
4947,6416
442,893
992,1984
676,909
2391,2542
114,540
1984,1916
3372,3677
893,3133
286,129
720,392
3500,1126
7490,22500
605,1134
499,893
2508,534
2856,1584
483,392
3006,4630
6765,2521
3546,683
1167,1249
1727,391
1939,1313
906,481
1514,1139
3762,4086
8046,3219
562,1586
21014,25482
281,528
500,399
136,358
1186,569
937,591
691,1121
10398,2109
6844,6063
4416,4054
440,305
570,305
3431,1930
3348,5650
15165,14938
450,374
408,1050
1579,1101
237,486
387,770
668,1171
5103,3566
1293,764
7575,3193
1049,1035
2941,2430
10200,5650
8111,11719
2002,1246
2520,5732
580,2988
1686,1930
2310,560
6821,3638
410,687
3995,3675
1525,778
1383,3234
5533,3675
503,1139
25217,3981
5639,2836
2244,1512
631,729
1028,803
2933,1451
2540,6068
5864,4054
5242,3566
2640,1158
601,789
2321,1358
5432,2952
183,129
2360,442
1557,560
619,976
2082,1775
11045,6138
4019,3853
1464,1262
246,494
198,220
247,252
341,569
1668,2836
700,281
8716,3677
667,354
2515,2347
8706,5650
12551,5876
338,526
3630,2459
2639,1039
997,827
1482,686
7575,33028
477,570
4695,2088
136,183
4622,3638
2064,1644
2552,915
285,1788
5732,6063
471,281
2002,1246
1073,1532
1126,1101
2040,976
241,89
4723,2988
1238,619
2521,762
1817,563
1464,1262
8716,3677
470,225
170,597
1001,410
4416,950
329,801
943,481
25401,13528
198,483
54620,26408
498,1916
1211,1333
22500,14938
2496,3677
417,395
903,665
3877,4800
2244,1512
486,237
3566,1939
3431,1930
4086,915
2540,6068
1265,563
16179,9296
503,1262
803,566
2639,1293
220,249
2553,3638
7762,2791
5597,1538
5533,3675
117,300
640,338
5333,6068
374,349
387,252
3503,2974
3132,4947
190,80
1393,247
1049,1035
776,410
1823,1930
4164,1586
2310,1050
191,296
770,252
601,500
2508,534
3219,1939
9094,11045
338,774
354,976
5482,5876
1584,2856
5532,2445
140,237
406,668
1061,1313
4955,3287
201,334
526,774
667,597
2738,2027
1007,1246
239,1358
729,631
442,145
1186,569
1139,1514
3148,950
7490,4900
992,1984
12551,5876
49034,33028
973,909
1512,392
448,417
436,579
1171,668
3748,2078
762,2521
281,528
1134,941
3500,4112
3703,1213
5103,5242
534,2508
1984,3646
1293,764
36046,33028
1916,498
1158,471
237,486
3434,1007
3762,380
8111,2974
13130,7060
2019,1121
691,1028
19699,12551
247,252
6765,2521
2604,1121
2445,2387
1050,560
812,720
1694,2038
4551,2684
338,640
281,471
344,579
1668,817
4947,3132
2994,4054
13919,16042
1249,597
5757,2459
1694,752
22920,6844
296,191
358,440
2640,1775
148,562
686,1482
11719,8716
5727,2078
2683,2933
915,1532
204,129
553,801
1939,1313
2395,976
27000,29399
440,600
736,408
1727,341
1579,1101
2551,893
2082,471
483,198
2532,929
3677,8716
5053,2600
997,827
2027,2738
176,391
2109,354
499,702
1538,3193
1251,631
10942,8740
2450,3234
3303,2521
1785,1754
43303,34085
1039,827
1661,1278
211,1853
1607,1211
395,417
2112,2952
883,1121
1396,2430
11045,8706
1080,729
4150,471
563,1265
7816,7263
7443,8740
246,579
569,392
1440,976
3546,2741
617,584
2321,1358
1853,211
778,1525
4019,3853
5650,2684
1896,3877
3437,2002
1586,893
391,176
2185,1686
17607,16357
2856,1584
11388,8740
2974,1704
4266,26408
454,247
619,597
3193,1538
2672,2395
481,183
2014,893
2459,417
665,903
7263,4867
5639,8740
774,526
668,1171
252,247
1246,2002
145,442
8702,8663
11490,7443
4301,2435
5876,3431
705,247
10398,2109
3368,780
1200,752
929,534
10222,4867
789,526
7091,3434
1514,1139
3585,4947
3675,5533
2890,211
909,676
2108,2299
1278,1661
494,140
1775,471
25054,16179
1213,803
1223,1584
13752,3853
2054,5532
3189,950
1434,1383
3006,752
1708,2435
293,247
2430,2933
16560,10080
3214,2306
817,1668
560,1557
3234,691
7060,6068
2326,1404
7459,4695
500,399
2988,580
683,311
2038,1694
3800,2112
252,305
1313,1668
8227,3748
544,893
6416,3132
2565,170
1869,3877
16042,13919
8549,5597
1244,448
700,281
2333,2310
1358,239
3133,2360
827,1039
5196,1741
352,764
14520,5333
1028,691
5432,2952
15039,10080
976,1362
1076,285
34085,25482
566,803
4630,1694
1417,380
4867,7263
600,440
763,1050
10080,15039
3986,10398
2533,729
2741,1586
2306,3214
580,2988
1525,778
702,212
328,246
400,399
26,148
2184,729
5800,784
311,212
1829,7263
3532,667
1262,1464
183,136
1017,646
4945,13752
899,1984
2542,2391
4504,3877
7505,3612
286,252
1557,560
676,909
3711,5597
8470,5532
5864,4054
1724,1634
5400,4630
404,140
3322,1823
941,1134
1167,1249
305,252
1404,997
1333,1211
3655,1200
129,252
1210,7816
591,391
1121,691
4800,3638
300,784
2684,1482
893,1586
450,374
2194,827
2435,1708
1644,2064
2446,2112
8706,5650
3348,5650
950,1464
1817,4723
410,687
21014,25482
911,436
2971,2088
3981,1634
2597,296
2078,528
6068,7060
246,494
8046,3219
9720,6844
1248,2019
28855,25054
2360,442
9409,5639
3344,8549
3238,1211
1532,1073
25217,8549
976,2395
341,569
631,729
3630,2933
300,399
114,540
2566,2835
225,252
80,190
2362,729
2941,2430
1704,1358
720,392
26408,34085
15165,14938
564,569
29399,33028
2347,2515
1383,1186
2387,2445
3287,903
871,553
801,553
500,400
937,591
3201,2604
906,246
1801,2064
2835,2566
6138,2532
1741,2027
2088,2604
2391,2542
1035,1440
2400,29399
2600,1440
646,80
764,1293
597,619
1686,2185
893,3133
2933,2532
784,300
6844,1853
380,1417
13528,25401
33028,29399
440,305
667,1785
1788,285
3612,2038
1362,976
16357,17607
6063,1853
1451,486
780,3368
392,569
3995,3675
14938,15165
579,246
4158,5482
2791,1853
570,305
140,145
752,1694
2933,2430
2836,1668
2385,600
32760,22500
3853,4019
8740,5639
5078,1248
5841,3566
3646,1984
701,241
3638,4800
1101,1126
9296,7091
349,374
2952,2112
540,114
8663,8702
2299,2108
5242,3566
594,338
1786,2185
605,1134
25482,26408
4054,387
399,500
408,1050
528,281
7824,4086
584,617
249,220
1634,2551
687,410
6821,4622
1238,665
212,544
3191,2038
3372,3677
562,148
1930,3431
4112,1727
2999,1482
1243,1514
89,241
1754,1785
16788,6416
601,1694
3088,1869
16921,26408
742,1001
4900,1076
4815,3630
10200,5650
334,140
2520,2360
2515,2347
