3647,4574.5
546,4574.5
2275,4574.5
7252,4574.5
2331,4574.5
4494,4574.5
3472,4574.5
1435,4574.5
4067,4574.5
2422,4574.5
9100,4574.5
1575,4574.5
2282,4574.5
710,4574.5
2174,4574.5
3136,4574.5
2989,4074.0
2821,4074.0
19894,4074.0
13860,4074.0
847,4074.0
14973,4074.0
9135,4074.0
2583,4074.0
1603,4074.0
6405,4074.0
595,4074.0
1617,4074.0
4004,4074.0
3948,4074.0
3542,4074.0
2800,4074.0
2548,6749.75
4620,6749.75
6699,6749.75
5152,6749.75
5775,6749.75
1400,6749.75
2429,6749.75
3829,6749.75
5880,6749.75
14434,6749.75
9520,6749.75
8050,6749.75
3164,6749.75
2926,6749.75
1267,6749.75
1155,6749.75
2569,570.5
2723,570.5
5817,570.5
4277,570.5
14987,570.5
651,570.5
8232,570.5
3927,570.5
3983,570.5
3626,570.5
3437,570.5
9051,570.5
2149,570.5
5180,570.5
12824,570.5
4172,570.5
2520,3185.0
6783,3185.0
3913,3185.0
3276,3185.0
23940,3185.0
10577,3185.0
2352,3185.0
3192,3185.0
5635,3185.0
805,3185.0
3941,3185.0
4977,3185.0
1876,3185.0
7854,3185.0
840,3185.0
5922,3185.0
11361,3185.0
7854,3682.0
1400,3682.0
3276,3682.0
2352,3682.0
6783,3682.0
1155,3682.0
1876,3682.0
9051,3682.0
3913,3682.0
4977,3682.0
3948,3682.0
5180,3682.0
5922,3682.0
595,3682.0
10577,3682.0
9135,3682.0
2275,2524.375
4004,2524.375
3829,2524.375
2174,2524.375
14434,2524.375
805,2524.375
4172,2524.375
1575,2524.375
2723,2524.375
3136,2524.375
3164,2524.375
14987,2524.375
2429,2524.375
5635,2524.375
4067,2524.375
3192,2524.375
11361,3235.87431694
3472,3235.87431694
3927,3235.87431694
5152,3235.87431694
1435,3235.87431694
12824,3235.87431694
3626,3235.87431694
2149,3235.87431694
13860,3235.87431694
5880,3235.87431694
9100,3235.87431694
8232,3235.87431694
3437,3235.87431694
3647,3235.87431694
5775,3235.87431694
2569,3235.87431694
23940,6013.0
8050,6013.0
6405,6013.0
2548,6013.0
4494,6013.0
847,6013.0
2520,6013.0
1617,6013.0
2422,6013.0
840,6013.0
9520,6013.0
14973,6013.0
6699,6013.0
2331,6013.0
2821,6013.0
4277,6013.0
7252,8452.5
3983,8452.5
710,8452.5
1603,8452.5
3542,8452.5
2989,8452.5
1267,8452.5
19894,8452.5
2926,8452.5
2800,8452.5
3941,8452.5
546,8452.5
4620,8452.5
2282,8452.5
2583,8452.5
651,8452.5
5817,8452.5
4977,2072.65625
2331,2072.65625
3136,2072.65625
2989,2072.65625
3647,2072.65625
5152,2072.65625
9051,2072.65625
1435,2072.65625
5880,2072.65625
6783,2072.65625
2352,2072.65625
3829,2072.65625
2821,2072.65625
10577,2072.65625
2569,2072.65625
3983,2072.65625
3626,12608.962963
2520,12608.962963
14434,12608.962963
5635,12608.962963
3437,12608.962963
1400,12608.962963
2282,12608.962963
14973,12608.962963
4620,12608.962963
2174,12608.962963
3941,12608.962963
19894,12608.962963
3948,12608.962963
13860,12608.962963
2723,12608.962963
710,12608.962963
7252,3178.828125
6699,3178.828125
2149,3178.828125
3192,3178.828125
847,3178.828125
546,3178.828125
3276,3178.828125
2800,3178.828125
1267,3178.828125
4494,3178.828125
2583,3178.828125
7854,3178.828125
840,3178.828125
4277,3178.828125
3913,3178.828125
1575,3178.828125
2429,3545.5
12824,3545.5
805,3545.5
14987,3545.5
1603,3545.5
5775,3545.5
4004,3545.5
23940,3545.5
5817,3545.5
1155,3545.5
4172,3545.5
2926,3545.5
595,3545.5
9135,3545.5
651,3545.5
6405,3545.5
3927,6482.0
2422,6482.0
2275,6482.0
3164,6482.0
4067,6482.0
5180,6482.0
11361,6482.0
3542,6482.0
1876,6482.0
1617,6482.0
9520,6482.0
9100,6482.0
3472,6482.0
2548,6482.0
5922,6482.0
8232,6482.0
8050,6482.0
10577,4640.8
3913,4640.8
14973,4640.8
2723,4640.8
5152,4640.8
3276,4640.8
3164,4640.8
7854,4640.8
6405,4640.8
9100,4640.8
3983,4640.8
1876,4640.8
5922,4640.8
2275,4640.8
3192,4640.8
3472,4640.8
14434,1379.0
5635,1379.0
3647,1379.0
12824,1379.0
5180,1379.0
2282,1379.0
3437,1379.0
2926,1379.0
8232,1379.0
840,1379.0
4172,1379.0
1435,1379.0
710,1379.0
4277,1379.0
2149,1379.0
6783,1379.0
1603,4732.0
651,4732.0
847,4732.0
1155,4732.0
4977,4732.0
19894,4732.0
1617,4732.0
5880,4732.0
3626,4732.0
3136,4732.0
2548,4732.0
2331,4732.0
3941,4732.0
9520,4732.0
2569,4732.0
4004,4732.0
7252,5524.75
9135,5524.75
14987,5524.75
11361,5524.75
8050,5524.75
3829,5524.75
3542,5524.75
546,5524.75
2422,5524.75
13860,5524.75
4494,5524.75
9051,5524.75
3927,5524.75
5817,5524.75
6699,5524.75
5775,5524.75
2429,7651.875
2989,7651.875
595,7651.875
2583,7651.875
23940,7651.875
1400,7651.875
3948,7651.875
4067,7651.875
2174,7651.875
2520,7651.875
2352,7651.875
2821,7651.875
805,7651.875
4620,7651.875
1267,7651.875
2800,7651.875
1575,7651.875
3472,5589.5
3829,5589.5
3626,5589.5
2548,5589.5
9135,5589.5
23940,5589.5
11361,5589.5
5880,5589.5
3983,5589.5
4977,5589.5
12824,5589.5
2331,5589.5
6783,5589.5
1603,5589.5
14434,5589.5
2174,5589.5
3913,4560.5
7252,4560.5
5635,4560.5
3647,4560.5
2800,4560.5
2926,4560.5
7854,4560.5
2149,4560.5
805,4560.5
710,4560.5
1435,4560.5
651,4560.5
4494,4560.5
847,4560.5
1575,4560.5
3542,4560.5
9100,2313.5
8050,2313.5
2989,2313.5
4620,2313.5
14987,2313.5
595,2313.5
3276,2313.5
840,2313.5
6405,2313.5
1617,2313.5
2569,2313.5
1876,2313.5
4067,2313.5
8232,2313.5
5922,2313.5
4004,2313.5
4277,822.5
2583,822.5
3941,822.5
3948,822.5
4172,822.5
10577,822.5
546,822.5
9520,822.5
19894,822.5
3164,822.5
14973,822.5
3437,822.5
3192,822.5
5775,822.5
2352,822.5
3927,822.5
2723,2821.875
2520,2821.875
3136,2821.875
13860,2821.875
6699,2821.875
1400,2821.875
5152,2821.875
1155,2821.875
2275,2821.875
2282,2821.875
2429,2821.875
9051,2821.875
2422,2821.875
2821,2821.875
5817,2821.875
5180,2821.875
1267,2821.875
