130.3,160.4125
1107.31,189.375
287,160.4125
82.5,132.2625
69.9,127.25
336.3,289.63875
23.2,114.1625
116,295.12625
246.9,194.6
86.9,191.2125
230.7,159.7375
157,159.7375
72,130.3375
84,139.2
258.7,299.15125
230.7,159.7375
86.9,191.2125
157,159.7375
82.5,182.025
72,159.9625
23.2,163.0625
130.3,160.4125
69.9,139.8
287,289.82625
84,133.7
1107.31,216.725
116,187.3125
246.9,143.725
336.3,256.37625
258.7,245.75125
1107.31,180.3625
69.9,123.75
258.7,198.8875
116,289.33875
246.9,187.3125
130.3,170.55
230.7,162.8875
86.9,192.7125
72,131.45
84,134.35
82.5,147.55
287,294.30125
23.2,130.4125
157,149.0
336.3,289.45125
336.3,256.37625
246.9,143.725
258.7,245.75125
23.2,117.6625
230.7,143.975
287,295.61375
86.9,211.05
72,151.8125
84,160.675
69.9,139.8
130.3,187.2875
1107.31,196.4125
116,315.67625
157,141.5875
82.5,159.8
287,293.75125
86.9,158.2375
84,133.8
336.3,289.45125
23.2,121.2
230.7,170.85
69.9,128.5625
72,161.5375
157,154.5
1107.31,192.9125
130.3,163.95
258.7,191.3375
246.9,194.6
82.5,159.8
116,295.31375
