12,223.376732839
702,2020.16273606
423,230.054105243
130,329.510430847
106,343.345345643
1063,448.90706283
387,360.947586318
605,352.507221849
6400,1554.73691918
82,211.611261106
539,496.64257489
40,129.845930699
7.3,145.676172096
126,491.5288674
70,322.925651095
9,118.75122953
230,248.930874695
6,190.983223601
38,275.084319515
47,408.169023678
523,284.094241829
55,219.287919661
14,231.862639403
83,298.269071524
11400,1376.63299034
45,401.811386254
958,356.308412367
43,99.4325240905
6600,5703.74968179
240,367.200766106
2040,620.283952607
98,207.835703157
176,321.814544783
36,303.869207274
1075,199.720972436
61,127.051441975
18,243.751872692
1600,1330.98699085
57,239.891192636
73,105.722012419
218,234.957737211
8,97.3640939982
122,232.539115219
321,217.80834876
237,283.8382841
156,616.768555618
87,312.982003475
88,166.504539981
41,224.780335818
8,177.847171474
15,346.031865676
453,557.893341389
79,225.71394247
20,288.431740429
8,229.322182476
5.9,186.469650837
724,676.695790847
201,275.352885022
1272,2320.15024618
33,151.948365199
2455,1269.0554874
243,658.894311927
50,420.302986962
201,258.503471603
79,207.43397073
130,344.516177021
87,326.72450815
8,188.795474956
38,284.045215375
83,314.068747524
1063,434.59071254
88,181.019767921
1600,1315.13221907
70,336.736233513
702,1839.73304437
6600,4225.63409727
9,120.124549976
724,552.402912926
156,546.964086147
176,302.387715251
1272,1882.22922066
7.3,150.816341004
122,254.117722597
539,408.6686017
218,206.477062297
387,313.724780488
126,471.860223256
20,239.124555724
230,241.624006504
8,100.532317871
523,284.757500564
36,270.036172336
106,319.127907199
605,324.872575988
2455,1193.1097106
243,623.600532507
240,327.03999295
958,316.060005594
55,209.347082441
57,236.635987358
15,253.552355295
41,222.292076134
45,372.728141267
6400,1482.90540111
33,140.572766625
43,90.9941395667
1075,185.498279207
5.9,137.748275523
2040,578.200874174
40,127.014678684
98,188.971512612
423,220.239821879
73,110.25637963
237,298.423921518
47,437.424027268
453,540.866210406
8,190.000650012
18,235.078944508
321,221.887452526
11400,1583.60356252
82,216.45676732
61,119.744339276
50,354.232868707
12,228.302979425
14,228.944682278
6,189.820648179
122,269.932624683
83,325.942169043
724,667.971358025
8,199.216819965
40,139.084187673
453,544.754145462
88,188.056218464
61,126.428374106
82,231.342018135
2455,1276.15308504
7.3,159.730027408
1063,445.053925511
156,576.47478955
1272,2218.67116205
18,211.776572688
6400,1423.58872723
130,307.510355582
240,327.726163464
57,231.618414176
321,208.573368118
230,239.614511536
702,1849.20861421
243,636.795197822
9,112.622374038
11400,1509.9645341
47,414.495298767
539,456.994561968
14,212.144771617
958,320.60339324
218,225.602347906
20,209.252748235
36,273.299617968
605,329.097070736
70,306.847842256
126,498.453843581
201,248.330660351
523,287.39849598
8,237.898089196
8,115.696688079
106,389.787800168
15,348.248653537
6600,4730.1227413
387,372.98051282
45,423.093535679
50,419.68547588
12,272.243587773
87,367.979895391
33,148.931802826
2040,525.860601865
6,239.960816525
55,252.783165354
38,321.998288181
73,127.395173629
41,282.79146765
43,100.126234176
98,219.459136073
176,344.85532266
5.9,174.424188181
1600,1330.48449217
423,224.574267627
237,342.571402662
79,213.869788919
1075,190.173001149
958,272.131332893
130,264.468273095
122,185.889622151
87,265.127251753
57,185.92475184
453,500.541797505
201,239.264605546
230,214.090588672
702,1845.48016601
8,132.43360827
43,80.5831489197
11400,1508.32460565
605,350.332242366
70,333.775559526
321,220.971693854
106,347.66104092
218,237.887232788
8,194.648711807
12,231.884660079
38,279.855852847
1600,1382.68711944
523,304.934760809
176,313.358500934
41,245.980762774
539,479.263725526
240,323.504380252
73,112.006372171
2455,1194.17400763
243,622.810102543
47,419.131260391
6600,5010.53693623
8,99.9774183998
40,128.543297535
15,273.706901657
98,193.428221135
55,220.684170212
50,347.60959922
33,137.453985647
2040,529.882195589
423,212.775711793
20,241.583814084
9,127.071381391
88,181.964283153
45,377.340979971
14,244.23163832
5.9,158.012103051
1272,2130.71985488
1063,419.133582167
83,310.514269523
7.3,155.939751691
18,228.216658631
82,212.631629837
6,184.390117143
156,622.218712973
6400,1483.15307514
237,292.635015384
126,530.145927736
1075,187.401980634
61,115.783393364
724,669.714187391
36,287.838273663
79,208.773682083
387,355.776608149
9,123.130250685
387,324.020268287
20,238.474757951
106,332.011481027
83,300.957079212
98,195.929712643
321,200.018497117
6600,4462.46804141
88,176.698222063
14,240.955218303
122,255.402843013
130,334.978510315
1063,427.073792496
18,235.458648813
61,117.615048699
702,1909.28045991
958,338.912415043
7.3,145.99508154
73,113.191521602
605,341.19873276
55,222.522388999
40,129.818002586
724,650.919288175
36,289.115895386
8,180.957990614
8,203.747674843
45,389.024466974
1075,184.626005269
6,204.23021593
8,104.884334307
240,326.528890292
218,233.352792383
33,140.036187841
70,343.987542064
237,315.413629284
156,608.761328901
43,94.1192188773
230,214.732203203
1600,1188.69448218
453,459.765385926
11400,1340.17323865
539,407.466752066
126,446.08090176
6400,1264.55057987
2040,492.294223108
41,191.432227341
523,257.972144309
1272,1972.53651111
87,267.115840998
82,176.741225826
79,208.124403457
243,608.726205205
50,368.943529099
57,280.799965148
2455,1164.73969435
176,321.563333338
15,297.972797973
47,428.409849671
5.9,164.120770322
201,254.811127959
12,240.851274074
423,218.948078014
38,295.619792468
