1518,2520.0
1261,2520.0
614,2520.0
1021,2520.0
5170,2520.0
10083,2520.0
3272,2520.0
1772,2401.0
3376,2401.0
12149,2401.0
921,2401.0
1087,2401.0
1807,2401.0
3268,2401.0
5208,3270.0
1273,3270.0
3280,3270.0
98,3270.0
87,3270.0
2274,3270.0
1856,3270.0
112,3270.0
672,1174.0
2134,1174.0
1530,1174.0
14453,1174.0
257,1174.0
452,1174.0
784,1174.0
1464,4240.0
7037,4240.0
800,4240.0
7327,4240.0
1806,4240.0
326,4240.0
441,4240.0
8490,4240.0
1856,1516.5
257,1516.5
112,1516.5
3272,1516.5
1518,1516.5
7327,1516.5
2274,1516.5
3268,2522.0
14453,2522.0
98,2522.0
5170,2522.0
1021,2522.0
5208,2522.0
8490,2522.0
12149,815.0
3280,815.0
452,815.0
326,815.0
1273,815.0
7037,815.0
1772,815.0
1261,815.0
1530,815.0
614,815.0
3376,815.0
87,815.0
921,815.0
784,815.0
1464,815.0
1806,4240.0
672,4240.0
1087,4240.0
800,4240.0
2134,4240.0
10083,4240.0
441,4240.0
1807,4240.0
3376,1264.0
3280,1264.0
1273,1264.0
14453,1264.0
1807,1264.0
7327,1264.0
2134,1264.0
1856,1692.0
784,1692.0
921,1692.0
614,1692.0
1087,1692.0
1806,1692.0
10083,1692.0
672,1148.5
7037,1148.5
2274,1148.5
326,1148.5
1518,1148.5
5170,1148.5
8490,1148.5
98,1148.5
12149,1471.5
87,1471.5
1021,1471.5
1261,1471.5
3268,1471.5
452,1471.5
257,1471.5
1530,12268.0
441,12268.0
1772,12268.0
3272,12268.0
5208,12268.0
1464,12268.0
112,12268.0
800,12268.0
7037,2080.0
8490,2080.0
12149,2080.0
1807,2080.0
2134,2080.0
1261,2080.0
10083,2080.0
800,2539.0
441,2539.0
14453,2539.0
452,2539.0
87,2539.0
1518,2539.0
2274,2539.0
5208,2096.5
784,2096.5
257,2096.5
98,2096.5
326,2096.5
3280,2096.5
1772,2096.5
1530,2096.5
3268,1028.5
1856,1028.5
7327,1028.5
1021,1028.5
3272,1028.5
672,1028.5
5170,1028.5
1806,1942.66666667
921,1942.66666667
1464,1942.66666667
112,1942.66666667
1087,1942.66666667
1273,1942.66666667
614,1942.66666667
3376,1942.66666667
441,184.5
1273,184.5
1087,184.5
3280,184.5
1807,184.5
1856,184.5
7037,184.5
614,1022.5
7327,1022.5
3376,1022.5
112,1022.5
452,1022.5
1021,1022.5
5208,1022.5
672,2616.0
1806,2616.0
98,2616.0
1464,2616.0
921,2616.0
800,2616.0
2134,2616.0
10083,2616.0
3272,2616.0
8490,2616.0
326,2616.0
2274,2616.0
1518,2616.0
14453,2616.0
12149,2616.0
1261,8862.5
784,8862.5
257,8862.5
1772,8862.5
87,8862.5
5170,8862.5
3268,8862.5
1530,8862.5
