1518,2884.7
1261,2884.7
614,2884.7
1021,2884.7
5170,2884.7
10083,2884.7
3272,2884.7
1772,1113.125
3376,1113.125
12149,1113.125
921,1113.125
1087,1113.125
1807,1113.125
3268,1113.125
5208,966.5
1273,966.5
3280,966.5
98,966.5
87,966.5
2274,966.5
1856,966.5
112,966.5
672,7765.33333333
2134,7765.33333333
1530,7765.33333333
14453,7765.33333333
257,7765.33333333
452,7765.33333333
784,7765.33333333
1464,2820.31034483
7037,2820.31034483
800,2820.31034483
7327,2820.31034483
1806,2820.31034483
326,2820.31034483
441,2820.31034483
8490,2820.31034483
1856,3095.46666667
257,3095.46666667
112,3095.46666667
3272,3095.46666667
1518,3095.46666667
7327,3095.46666667
2274,3095.46666667
3268,2522.0
14453,2522.0
98,2522.0
5170,2522.0
1021,2522.0
5208,2522.0
8490,2522.0
12149,854.880952381
3280,854.880952381
452,854.880952381
326,854.880952381
1273,854.880952381
7037,854.880952381
1772,854.880952381
1261,854.880952381
1530,3728.25
614,3728.25
3376,3728.25
87,3728.25
921,3728.25
784,3728.25
1464,3728.25
1806,1608.77777778
672,1608.77777778
1087,1608.77777778
800,1608.77777778
2134,1608.77777778
10083,1608.77777778
441,1608.77777778
1807,1608.77777778
3376,1260.375
3280,1260.375
1273,1260.375
14453,1260.375
1807,1260.375
7327,1260.375
2134,1260.375
1856,3077.63333333
784,3077.63333333
921,3077.63333333
614,3077.63333333
1087,3077.63333333
1806,3077.63333333
10083,3077.63333333
672,2522.0
7037,2522.0
2274,2522.0
326,2522.0
1518,2522.0
5170,2522.0
8490,2522.0
98,2522.0
12149,1471.5
87,1471.5
1021,1471.5
1261,1471.5
3268,1471.5
452,1471.5
257,1471.5
1530,1418.625
441,1418.625
1772,1418.625
3272,1418.625
5208,1418.625
1464,1418.625
112,1418.625
800,1418.625
7037,2522.0
8490,2522.0
12149,2522.0
1807,2522.0
2134,2522.0
1261,2522.0
10083,2522.0
800,1103.6875
441,1103.6875
14453,1103.6875
452,1103.6875
87,1103.6875
1518,1103.6875
2274,1103.6875
5208,4010.08333333
784,4010.08333333
257,4010.08333333
98,4010.08333333
326,4010.08333333
3280,4010.08333333
1772,4010.08333333
1530,4010.08333333
3268,2967.75
1856,2967.75
7327,2967.75
1021,2967.75
3272,2967.75
672,2967.75
5170,2967.75
1806,3386.0
921,3386.0
1464,3386.0
112,3386.0
1087,3386.0
1273,3386.0
614,3386.0
3376,3386.0
441,443.583333333
1273,443.583333333
1087,443.583333333
3280,443.583333333
1807,443.583333333
1856,443.583333333
7037,443.583333333
614,2198.75
7327,2198.75
3376,2198.75
112,2198.75
452,2198.75
1021,2198.75
5208,2198.75
672,2616.0
1806,2616.0
98,2616.0
1464,2616.0
921,2616.0
800,2616.0
2134,2616.0
10083,2616.0
3272,721.5
8490,721.5
326,721.5
2274,721.5
1518,721.5
14453,721.5
12149,721.5
1261,2513.375
784,2513.375
257,2513.375
1772,2513.375
87,2513.375
5170,2513.375
3268,2513.375
1530,2513.375
