1518,452
1261,672
614,87
1021,1806
5170,1087
10083,5208
3272,5208
1772,800
3376,1530
12149,7327
921,1806
1087,1464
1807,672
3268,672
5208,1087
1273,5170
3280,1530
98,452
87,257
2274,452
1856,1087
112,257
672,1087
2134,8490
1530,1087
14453,5170
257,87
452,87
784,3376
1464,1087
7037,12149
800,1087
7327,12149
1806,1021
326,87
441,1087
8490,2134
1856,1087
257,87
112,87
3272,5208
1518,452
7327,12149
2274,452
3268,672
14453,10083
98,452
5170,1087
1021,1806
5208,1087
8490,2134
12149,7327
3280,1530
452,87
326,87
1273,1087
7037,8490
1772,1087
1261,1087
1530,1087
614,1518
3376,3268
87,257
921,1806
784,800
1464,1087
1806,1021
672,3268
1087,1464
800,5208
2134,8490
10083,5170
441,3268
1807,5208
3376,3268
3280,1530
1273,1087
14453,5170
1807,1087
7327,12149
2134,8490
1856,672
784,3376
921,1021
614,1518
1087,1464
1806,1021
10083,5170
672,1087
7037,12149
2274,452
326,87
1518,452
5170,1087
8490,2134
98,452
12149,7327
87,1518
1021,1806
1261,1087
3268,672
452,1518
257,1518
1530,1087
441,3268
1772,1087
3272,672
5208,1087
1464,1087
112,257
800,1087
7037,7327
8490,7327
12149,7327
1807,672
2134,7327
1261,1087
10083,5170
800,1087
441,1087
14453,5170
452,257
87,257
1518,257
2274,257
5208,1087
784,3376
257,87
98,452
326,87
3280,1087
1772,1087
1530,1087
3268,1087
1856,1087
7327,12149
1021,1806
3272,5208
672,1087
5170,1087
1806,1021
921,1021
1464,1530
112,257
1087,672
1273,3280
614,1518
3376,3268
441,3268
1273,5170
1087,1464
3280,1530
1807,672
1856,672
7037,8490
614,1518
7327,12149
3376,3268
112,257
452,87
1021,1806
5208,5170
672,1087
1806,1021
98,452
1464,1087
921,1021
800,1087
2134,8490
10083,5170
3272,5208
8490,7037
326,87
2274,452
1518,452
14453,5170
12149,7327
1261,1087
784,3376
257,452
1772,1087
87,452
5170,1087
3268,672
1530,1087
