43.8,221.092816499
37,24.65086917
52,82.6074714429
31.5,98.1050001627
1586,1352.32698438
20.1,43.1323961936
39,79.7168418238
42.3,55.8030690243
39.5,61.039249283
212,89.2589497804
8.2,33.9679985902
59.1,42.9501547003
29,7.81008751153
36,153.361833207
36.9,79.8954219954
31.5,144.174092978
9,17.7470631322
54,81.8227445081
58.9,144.01423261
89.5,117.770762776
22,42.4264167137
85,97.8385402291
55.7,109.184373913
13.9,45.4524744366
34.3,48.3365309813
18,100.119712387
7.5,-14.7353963641
103.5,12.9819594103
50.1,24.071761719
5.6,46.9774335051
20.6,-31.7427931991
37.1,-89.6269335217
23,6.54135545942
27.5,-32.989409867
157,-109.636748103
120,-61.5089594661
48,48.4998181274
37,-56.8872521937
6,117.669412702
170,456.185347284
32.7,309.161174984
7.1,30.0347413102
340,316.263503738
67.3,242.295294506
59.5,153.991094167
39,384.455338379
58.9,168.964018267
37.2,103.41629285
5.6,18.1926294969
59.1,-38.2406187102
48,68.8881397416
37,11.9178316152
52,-72.0372448459
67.3,-116.553626373
9,-16.0176242711
7.1,-0.534075536778
39,93.3796836832
103.5,37.2970352858
89.5,261.506299753
58.9,173.93416808
37.1,181.949712405
31.5,61.3397121872
6,22.0107707754
50.1,46.1863055659
34.3,102.171646255
39,37.9953438225
20.6,6.3425605612
120,-52.9415268148
7.5,33.0008167438
42.3,30.9169973361
22,-4.10636650025
58.9,74.5604467101
39.5,-30.5685928572
23,-41.8192588445
157,-165.154262466
36,122.513351731
59.5,97.2749310047
55.7,117.539713909
8.2,36.7100478677
37.2,50.5059611723
37,26.6909812962
1586,3420.99620661
18,63.3652648763
85,64.0797029315
54,72.606825766
170,132.468118976
36.9,-35.0934302431
27.5,-1.51422012229
20.1,33.1426276212
32.7,-86.2790185425
212,45.3561840969
13.9,-27.5948976096
340,-104.677727677
29,3.93223488551
31.5,-80.549189794
43.8,-20.1718266594
67.3,207.652135411
157,-142.224837138
1586,2586.15674897
55.7,86.6782060325
23,-52.5148923954
34.3,-1.75326288807
27.5,-19.8638655785
42.3,71.4405640983
20.1,64.6072648546
212,146.031519652
18,83.1757688301
7.5,14.509131022
43.8,127.278846772
39.5,35.8903661179
7.1,7.39232315365
36.9,33.6193342412
89.5,87.4377865924
31.5,76.6857369722
39,125.093120464
58.9,28.8481619436
120,-25.9620330292
59.1,20.6638179301
37,-19.84194736
58.9,55.3821659104
48,-1.95893332711
39,46.8994025427
59.5,44.0703052947
5.6,37.2582876333
37.1,-21.6345640748
54,-2.88249352342
36,12.4085624021
85,-24.7958245391
37,-12.5484573511
32.7,12.0672353175
8.2,-7.33656074224
22,-7.49509059067
31.5,12.1512489171
170,-57.209563557
340,-22.6906178773
103.5,-25.7877505845
37.2,-16.7661269979
52,7.20688050598
9,-1.24554625439
6,-5.896041942
20.6,-10.9438787571
29,1.68992782746
50.1,7.01272378421
13.9,-1.23188210958
8.2,11.2777454488
212,9.90510531791
6,37.6690552142
31.5,26.6972202034
85,20.9096302014
52,27.2790780689
54,15.8847779249
32.7,48.4082081858
37,19.7962936786
170,279.012912774
120,90.1024673876
9,16.052224554
37,43.4729558579
157,311.881286099
34.3,53.6871210157
20.6,73.1998205507
39,70.7185097402
59.5,90.6069025509
1586,1364.378421
42.3,58.6591181842
43.8,310.524238737
31.5,116.269840419
39,186.990107406
58.9,100.513269507
36.9,18.5167581868
58.9,113.406672313
29,44.1624885575
48,274.727579434
67.3,227.72295014
7.1,8.0643319247
36,186.939948674
55.7,100.020429456
89.5,124.747332234
13.9,53.897341576
18,70.7528043455
20.1,64.6729204226
340,311.026723127
39.5,52.5321648669
27.5,93.3970893683
7.5,68.0312719555
22,74.3533954181
5.6,51.4095642867
23,174.567125708
103.5,123.615594148
59.1,68.8271759511
37.2,144.748831882
50.1,85.3778472239
37.1,256.056043652
50.1,15.9424861155
31.5,154.937752549
39,412.421694411
37,77.9453603975
103.5,172.361646411
39,112.752374228
340,358.804948577
27.5,47.9872677557
43.8,354.306421989
54,1.00209173759
58.9,15.2981005482
48,64.2535351249
212,-22.9982831709
34.3,-0.87410321132
32.7,55.0446546709
37.1,19.559456748
59.5,24.6369357385
9,1.32473200616
29,8.07848490538
39.5,17.75239542
36.9,56.0006256647
22,14.9535699017
37,6.8874352809
37.2,33.2175070491
58.9,109.72546469
7.5,45.463525688
5.6,57.8143627887
20.6,85.1825041279
52,98.647817672
59.1,77.7313636075
157,243.652528726
8.2,39.3406463371
18,72.8284793526
120,36.0105458426
31.5,186.096035342
1586,1625.22777533
36,205.804577474
13.9,57.7659566883
6,18.7380510359
89.5,35.7215252648
67.3,47.9281553287
55.7,6.67886160113
7.1,3.43287849609
85,19.4257505402
42.3,8.19166148019
170,-12.1803933321
20.1,9.15031230874
23,12.9833422493
