395,83.0788485325
374,116.601731297
3148,3337.23915527
190,185.458121843
11719,11824.945746
1028,649.065792213
7490,7462.39816999
237,343.767639996
2971,2829.88634747
1916,1594.84361723
1249,1386.32963204
16042,15971.7092962
8227,8194.21510409
7824,7935.93309156
3566,3667.72368408
7263,6959.45994206
212,70.8217401623
1238,1155.58878621
687,355.863220842
2321,1944.63068977
1278,1318.79460442
7060,7210.90854084
440,319.87589632
1984,1842.05984668
1930,1739.40964505
729,756.126653951
2446,2989.33222446
10200,9767.29883774
2999,2799.4700597
929,632.031702037
5732,5566.64831209
4504,4965.96403118
817,771.696855717
4150,4429.34019305
4164,4114.80511367
500,507.589484039
6138,6072.18769454
1121,1195.94720581
448,136.015417455
14520,16042.2564001
4158,3776.82524291
3800,4121.41541023
640,1004.02618821
1167,1175.29235841
2836,2905.27290731
54620,61472.9141961
1262,1255.31983866
903,907.813510079
2540,4328.14088648
780,1138.49027044
3500,3412.480445
5242,5114.53050546
2387,2393.35702139
950,1110.64799029
3133,3394.98334337
1061,1376.72485216
4622,4824.6905309
1134,1240.5882847
3437,3263.79370838
15165,14919.5442699
5333,6842.66771013
3214,2988.62060943
352,665.974960747
2941,3130.01462501
1035,1192.67343468
9094,11777.3188598
619,602.881709821
498,665.995570519
883,1075.32282419
1434,1688.82865637
3655,3786.97898166
246,123.029231078
1158,1326.87385607
8702,8115.87137831
570,436.126922652
1704,1024.03459188
2108,1655.19422703
1532,2110.66518106
526,352.810367011
941,879.30929127
1451,1467.72660938
7575,9147.29454664
26,-77.1987112195
3322,3387.46970197
553,628.65868135
1741,1579.69954835
358,62.7769419719
3762,3937.02660609
601,419.29739968
911,735.097123782
10222,9395.17291126
2112,2078.90014193
1017,1062.51070583
2385,2654.98328409
2684,2315.53953318
1126,1087.91610352
700,729.648136385
191,489.363557913
1644,1675.34828557
3877,3959.85230494
1525,1315.20175936
3006,3297.68031844
300,270.048016509
676,701.342548573
183,30.1730422705
668,532.615931807
705,602.335039509
32760,31236.5816642
1293,1141.31937818
281,314.418397824
2683,2441.56464646
1265,1590.03230844
2933,2844.54640773
1607,1430.50292131
176,13.6421543954
784,866.034698172
2835,2990.71709562
540,516.248326848
3612,3844.39766917
3431,3649.36826507
380,784.257107805
3193,3505.20528172
3646,3818.55279842
5639,6031.5486301
720,671.237310679
631,767.130221219
2552,2925.27987824
2326,2124.24815356
5196,5254.12000972
28855,44210.1567607
25217,21053.8236571
736,693.463678591
16921,16634.8757308
1788,2145.22047492
2109,2371.91610405
1661,1655.1009253
129,15.69446197
17607,16218.5507654
16788,16161.8886903
646,570.87544755
1007,723.262662987
481,241.550625008
406,345.272969673
7505,7473.17122064
5053,4993.59818262
1171,1099.13244116
7762,7502.69275985
2002,1809.26012058
566,418.703008372
2019,2036.83002991
252,88.5930604995
742,664.792783607
25401,24818.6230011
943,947.786489887
8549,7835.21322387
1514,1466.12413474
281,465.749417353
4112,3952.31876144
665,727.647616129
2988,3059.48956976
1785,1603.22009413
3630,3378.53638018
2994,3316.47056856
239,433.88660629
286,179.858147614
871,745.824215228
22920,24160.2539301
5432,5341.48488476
247,208.740368789
4723,4885.40351085
584,417.603645112
2597,2791.99766582
893,899.639072939
34085,38516.4254957
499,440.108365786
440,661.257009948
13130,12571.9661527
683,546.835144519
1101,1040.73591527
338,628.547279477
5400,5791.9776706
8470,9052.46787767
5532,5716.65656498
114,107.080056619
408,400.447216945
1211,942.848551485
6068,6001.76610594
801,684.675139877
334,196.66509427
774,621.046311075
4800,5092.14316456
500,377.899245011
976,850.058698219
3372,2606.0703908
973,898.197834401
2496,3009.14876181
2400,3870.20988386
486,457.589950869
564,553.260966344
5533,5227.39565795
2532,2344.85169721
580,1619.82682501
3238,2992.22020261
2054,2246.52125797
220,85.4831768959
1464,1595.64759141
893,855.340021196
770,861.928616358
6821,7390.60131274
225,48.8671461898
354,355.471062538
2038,2078.29099955
1186,951.073427697
1039,743.781581368
1829,1505.83675222
2027,1562.74328445
410,347.570962382
2450,2137.01655272
252,206.685308916
8663,8509.86948308
2347,1683.6744267
349,212.190671973
6844,6850.75115248
2553,3485.1999768
5103,5440.9143205
2082,2247.81661473
803,620.691813052
1139,727.546858051
201,15.4833150268
400,287.043469732
1786,1868.28750704
528,675.296974593
2856,2975.21664555
2672,2831.63792147
2362,2347.69774459
605,464.055106628
3191,3216.72855585
4086,4526.37294663
246,119.056472354
2515,2075.20626718
2333,2377.67280361
450,560.160938508
2974,3405.43286497
436,-13.2924437663
2185,2006.61127455
3503,3132.02131854
1200,1576.86901382
1817,1991.28131562
1333,913.589842488
3711,3825.29156349
117,-78.969474409
1243,1047.84873043
5841,5857.32537439
5597,5825.10786396
43303,45518.699935
3532,4263.09099468
19699,19382.6999011
2566,2688.33410916
3995,6357.64292343
2435,2372.97017292
1073,1444.30414995
1210,1844.83295011
27000,25472.71975
1584,1936.61469482
1853,2004.42095706
5800,5689.87225084
3434,3178.42370029
3585,3794.13793029
2395,2431.9164802
13528,20708.6798063
2600,2943.93129159
1076,1344.97532102
300,382.021570311
140,72.9553730285
1049,960.735019787
26408,25918.0568569
1634,1856.82139942
145,69.1477910971
2459,2476.85791703
16560,16937.0309069
1417,1811.56872823
1775,2227.37215005
305,10.2025098235
1248,1010.90201706
7443,7561.18041556
2520,2713.51944557
249,108.013338667
387,121.819241812
1396,1811.68532287
7091,7304.33150177
296,708.403713093
3348,4017.32217374
812,572.364201676
8046,8023.45559051
8740,8421.06804567
1869,2519.00964018
976,1175.46520846
80,-128.235843448
6416,9805.67176749
4416,5635.18120505
2310,2316.77436425
8716,9116.81998421
10942,11214.0253193
136,-29.6700066941
417,540.986842743
569,502.677285504
534,527.125478239
5727,5832.80676516
16357,15539.2947561
686,368.786692473
752,989.763932857
21014,19868.8825994
778,561.438856771
392,296.367656126
3189,3636.39014934
2551,2151.22246694
563,767.745078402
4945,3299.33335662
1896,1843.31852287
2064,2023.63774205
1754,1829.02071471
3287,3524.6303036
3853,1549.53808302
2391,2301.42359965
3219,3072.05214516
1313,1164.62145383
2521,2317.7931239
2360,2319.29193352
1244,1002.52652271
4301,4502.3114353
1223,10665.131969
3677,3648.45815749
211,646.008772054
591,511.092979891
1393,1362.27150655
140,151.049937504
148,33.1514926095
667,841.650071682
311,151.002430331
1080,889.802409423
503,415.295059542
399,371.311647809
3675,1295.42678251
1724,2493.67888714
997,441.394696537
9720,9508.23868539
597,836.603221552
49034,44296.7041428
14938,13812.6486361
198,91.9266777306
3546,3621.37224691
3201,2859.35049206
25482,27172.205987
1238,370.679725935
470,1289.36062957
2306,2520.70165544
1823,1621.84087796
2299,1943.1158319
701,640.626327496
909,734.146638197
2604,2530.29688331
600,437.288853777
3303,1228.76342851
1686,2156.90783996
4054,4335.89848887
562,587.868244694
477,268.948142052
937,1202.91498076
544,476.375595795
764,539.653456454
5482,5728.45244235
601,556.849510608
3088,3190.40736284
1001,734.003662204
170,258.24255664
293,295.446794049
1694,2020.53984686
4019,3414.33342507
5864,5575.89213107
4695,4751.76906857
4947,4586.56799636
9409,9733.2856501
827,533.713287803
560,451.951016778
2933,3010.7312969
1404,1853.7170373
454,166.14537048
763,859.499284796
2890,2668.65855538
25054,24168.5838378
13919,13648.6270439
328,357.376411246
2244,2312.69280805
2791,3171.57789708
2430,2594.3619599
1694,1760.79841573
1668,1368.04611082
241,162.706275005
2445,2124.38540081
344,395.561958322
2565,2838.63542492
3748,3824.55480091
2184,1886.16830485
3368,4033.29301223
579,466.799670773
11388,12218.5121685
29399,26702.1923685
285,443.411342099
4630,4776.74303294
391,317.579270057
494,283.714204462
12551,11524.0727174
2508,2670.47837892
4266,5259.78990357
6765,6390.38747031
1557,1449.70723399
4867,4994.7322999
7459,7731.55007844
4900,4871.83170149
11045,10167.4301694
13752,13309.723064
776,678.215917286
3638,3694.82027092
1482,1173.96367707
1538,1964.77157783
1801,1806.44671486
1383,1230.83789325
2741,2522.28850114
594,242.844511297
2014,2143.60454367
471,533.674626485
1727,1745.64751926
1251,1396.01264431
341,280.000246987
6063,6072.30757788
3703,3662.64782383
5650,5685.4452752
1050,952.823868816
2952,2934.51172698
1939,2146.51371946
2040,1928.5516462
9296,8928.35690519
2640,2691.14288879
702,567.548086652
4551,4536.64773588
1358,1153.96322025
906,897.594313648
404,368.395700381
11490,11784.438345
4955,4824.33148058
442,468.129484204
1362,1708.6571835
992,1188.22153121
204,282.2429427
5757,5716.38708286
789,713.16738122
3344,3666.95605052
5876,5779.94113293
3981,4153.48314839
33028,30270.4137301
2533,2403.63974009
1586,1617.20279967
5078,4996.73989764
691,562.813753332
329,419.147426346
2194,1869.57187032
8706,8162.61353859
1440,1590.00359417
2078,2410.71879874
10080,10204.5591374
2088,1480.89092584
2639,2482.72034859
3132,4570.14616619
1708,1854.49784492
4815,5108.38822841
7816,7954.63850191
915,986.20598979
762,2672.50596668
3234,3373.02435234
15039,14603.2439191
899,897.284222779
8111,8197.96952357
667,421.76165559
617,493.680034085
1213,1240.43757387
10398,10097.8496908
1817,1683.20127674
2542,2503.59601205
1512,1574.95924231
16179,14953.4441653
89,-176.17570114
1579,1453.24880113
2738,2532.78480238
36046,31726.3986289
22500,20545.5586084
483,322.742273158
3986,5451.76678578
338,544.608198471
1246,705.652742352
349,272.425227781
498,672.805608932
212,80.2445951014
129,-24.8940718734
2002,1640.51513362
2835,3014.10339143
2310,2270.98971437
1708,1797.31317475
2306,2427.71298267
3148,3300.10579975
80,-56.8621810149
691,511.195875349
591,560.001726097
665,664.825001686
183,-28.2875906576
380,731.44502647
601,604.943175704
3762,3940.52313893
499,202.532063934
1238,1198.81380902
4112,4291.1520549
2941,3106.39633674
300,297.510428487
1080,951.268304162
683,559.409719925
417,347.470975633
1200,1574.37812162
600,541.70413786
2566,2622.80406703
1293,1020.83828701
2988,3192.88218239
646,726.793322558
778,478.351795715
580,1392.75774088
883,1077.64910768
338,533.974867328
2565,2781.37402106
6138,6083.72307814
540,533.749450907
1211,840.901578709
736,796.270446314
2088,1415.03258451
25482,27316.1070069
4945,3734.29665719
2387,2367.50150237
5482,5916.45223614
503,307.846444414
2738,2456.76640706
1243,1034.99396475
3532,3785.40401665
700,695.083019824
2078,2405.28660717
701,628.175361051
5078,5034.33946412
442,451.663328101
6063,6198.12948125
3006,3728.67507531
9094,11452.6981736
1512,1549.50934776
1396,1707.50561701
190,213.279829229
2385,2643.3576135
2639,2571.25018125
1440,1609.24757473
387,225.886110394
2321,1923.46090841
8702,8106.09025732
471,540.230223549
2600,2892.12944904
2890,2784.69939609
1417,1719.0165019
1186,991.54348545
617,464.133280378
1482,1076.34335825
281,248.223502356
5597,5683.73725394
22500,20990.6793145
252,210.138798984
4815,4882.2684884
3238,2848.67437233
5639,5599.42914092
601,471.216744824
817,766.291060822
2553,3318.04737662
1139,738.877971279
1121,1201.19470126
400,455.789253464
702,548.948199263
211,774.045099892
667,827.754181393
2446,2994.33320681
4158,3951.09281038
4900,4953.59140379
1244,965.967995028
89,-167.979308402
893,959.842835921
486,555.110598534
16179,15414.6912673
22920,23187.8550176
1028,852.00353623
584,419.237843459
328,217.531469806
579,461.738889145
2326,2164.06303019
1869,2088.19271736
5841,5555.70212004
1210,1468.85654899
2400,2845.29165994
1249,1317.31342002
1724,2142.92606035
5400,5499.30888017
2445,2323.34087138
3748,3881.44204525
801,677.487698173
528,687.033916184
3981,3961.52624775
903,841.476048161
4504,4625.41722175
338,490.924129768
241,112.996909391
500,395.594344914
21014,20274.4606078
6765,7073.44782804
3612,4102.62584688
560,413.24055366
1434,1532.3379465
311,227.022395456
5103,4966.07441923
2435,2684.97641342
11045,10415.9520824
1134,1144.49568282
329,343.930308234
16921,16033.106484
2952,3046.58291239
2994,3111.22174216
562,496.982761512
399,287.770154337
1694,1885.35673046
296,555.586780032
5727,5756.67257111
406,302.048747955
2856,2891.28299085
352,347.094248953
5196,5237.39802697
5732,5656.32166372
2532,2620.21732203
4054,4321.62475489
687,542.487207376
3201,3291.60955653
2064,2085.89048187
1073,1415.55712275
937,764.956107879
5532,5785.63138089
2552,2583.35369227
2082,2237.27434764
570,470.144559205
34085,39276.9477266
4019,3664.65752119
2496,3019.43909637
4695,4982.03323256
2109,2355.56257055
1167,1148.24495619
569,449.762659674
198,104.406025074
1464,1413.03300441
1668,1577.99154864
7816,7550.65030611
5432,5426.43005654
1916,1846.54487428
117,22.1873404944
667,493.949044846
374,192.778468363
1050,898.911997457
5242,5622.65097498
871,778.938688615
4723,4892.18299069
899,679.520162134
1801,1819.68999619
2791,2932.89209144
10222,9529.16047119
7263,6869.47549712
1223,1176.18455281
43303,48721.8384504
2974,3096.2218622
1362,1348.70302393
1584,1615.64663928
3234,3118.36596055
454,270.296132019
28855,45110.8062305
1823,1821.75380396
2515,2139.97373118
1001,934.893284407
742,609.677494356
2450,2405.5761007
148,18.0336782019
534,401.662079665
7443,8147.1332213
2194,2074.21242653
803,658.701395016
5650,5676.88332815
1853,2059.56132345
2672,2738.50993349
566,528.400438587
114,133.650385622
500,473.700592288
3546,3401.20101924
27000,24540.6661532
2604,2453.6634406
3566,3746.10268189
1607,1543.53106785
812,661.031010488
1984,1880.83749633
1007,647.550385213
1930,1740.55108774
2933,3077.34637985
3646,3678.9319548
36046,32156.767676
8470,8612.59686431
239,1049.73947359
676,609.114679808
1049,1008.53165531
404,401.054159738
1076,1288.35234518
201,73.6399977683
13528,19072.5033506
140,162.921700346
640,833.617954553
3344,3842.57432696
5757,5721.81410849
3214,2919.9212346
553,671.459940245
15165,14677.1860603
789,661.233580896
4164,4215.65495955
1514,1435.50600611
136,-74.0880646089
997,648.982388976
1313,1111.17186175
8227,8369.5897202
3995,6159.0650258
8716,8825.02528961
1333,1043.93293291
33028,30850.7088055
176,79.613826417
8740,8224.82054686
763,714.614468987
3372,2392.33906778
597,680.186676374
16357,15281.929748
3191,3177.38393858
1126,1139.87390774
4955,4821.02079406
17607,15747.8520286
9409,9530.78580678
14520,15565.0987635
1451,1406.73206185
3503,3033.57295128
2244,2377.54152971
2542,2503.65085567
440,324.968688886
564,352.609244108
2999,2839.54543856
10200,9837.95462991
470,722.226942596
764,572.334766067
976,1149.67003556
1213,1143.91992304
2038,2047.31397124
483,249.161187496
915,1067.47768578
1634,1784.4660173
10080,10183.3466364
976,1066.58384295
1251,1299.97639514
5053,5300.18454592
526,303.90626087
391,303.496888533
720,617.412327039
7505,7220.28754529
54620,57509.4069112
246,174.255808711
13130,11796.4610809
249,142.459014959
780,1111.3267394
2391,2324.56414193
893,868.631573092
1404,2070.92673726
1896,2083.70900747
2362,2293.15719336
8549,8922.44715399
3585,4013.34828276
3431,3304.59398427
3437,3368.43586697
145,136.755601431
140,129.523720878
4622,4605.27769002
1644,1758.09457593
1278,1243.83866057
2108,1775.58099556
594,180.75295317
1393,1300.69870184
1786,2029.06103837
1383,1196.57941841
8663,8120.4010885
25054,24243.856104
729,740.073338867
204,217.559714961
237,396.588988608
29399,27546.6745381
1661,1738.56337258
8706,8271.8126956
281,381.056993447
8046,7722.91139922
1686,1875.44607063
1939,2155.06047603
11719,11937.84729
247,359.099308093
2112,2029.73071134
752,1038.39556874
4947,4474.95393741
300,412.752401615
477,246.003140797
1061,1241.15736899
3703,3737.09710328
943,765.600344343
5533,4913.56435559
2683,2474.46825352
1101,1069.68021632
1586,1629.33008957
1246,544.196815068
1265,1496.15318957
4800,5056.64601238
774,658.67235771
2836,2909.53721867
2551,2408.14422039
1788,2205.92519716
1775,2023.27900622
4867,4958.28620084
4630,4687.28111736
4150,4485.93880047
3348,3855.24206879
1158,1293.70984183
2640,2548.30445471
3088,3350.33763951
1017,1200.45413424
2014,2158.2852391
1754,1922.65049315
408,262.778147144
3877,4241.66735935
285,527.280940821
1829,1707.2577498
9720,9669.97235518
1785,1542.93080771
2027,1308.61357382
3303,-1388.86934477
2333,2545.58465722
3638,3744.4444227
354,487.812691654
2185,2207.33283784
3193,3719.98450455
2360,2380.10770565
6416,8440.03697083
8111,8224.01596652
7762,7808.80934623
7575,8626.04613706
25217,25616.3132193
906,798.722816786
2040,1760.86048819
2184,1908.00363819
1171,1123.96918361
448,115.309917326
3219,3336.89195308
440,919.262928694
4301,4423.95492711
7824,7774.63246035
3287,3400.35964403
191,370.620310549
2508,2785.03521948
3133,3326.59064001
544,468.378662012
1262,1245.48310796
4266,5348.26014963
3434,3002.8771478
1358,915.12715601
7459,7710.54067984
2597,2609.50518318
26,-32.6723334927
1238,687.791901858
1704,934.882805389
3322,3383.77472712
436,-18.1381480657
3986,5431.95247354
5333,6246.94555962
1525,1395.5350141
1035,1191.38980153
25401,25442.6795172
4551,4661.83554136
619,622.188656775
973,898.649709691
11490,12178.0913804
1741,1596.28194529
341,277.368046507
2395,2441.46382388
2347,1545.18242606
494,268.804263841
941,703.62209438
2520,2365.94392406
26408,26473.451479
450,604.87197083
686,381.07553116
2540,3798.6706308
3711,3443.64722907
32760,30714.213644
286,114.95766831
13752,13143.7945581
631,617.520593949
246,96.4799601327
3675,2203.666702
358,89.8157414524
605,305.478363152
3655,4170.10124878
392,254.039345809
5864,5603.17672576
9296,8683.69384744
4086,4031.26170408
992,1180.62663935
395,121.536918972
4416,6039.97130003
827,587.566347172
1248,1109.99257659
668,596.715582444
6821,6977.77181728
2971,2813.28775745
563,669.111307403
293,348.030523002
776,646.478941315
1538,2233.93827864
12551,11435.392857
334,250.221683098
16560,16457.3231337
1039,791.368480831
7091,7198.96095366
929,637.463635134
7490,6896.61567115
5876,5731.16932807
2933,3055.7208189
950,1203.36218752
410,378.538165042
3677,3560.18733387
3630,3724.47697095
481,196.799571351
220,182.986102886
19699,17526.1178564
3189,3923.56787866
16788,15834.001015
1817,1644.55600621
3132,4525.41009294
344,458.168604973
13919,13572.0420208
770,821.687797475
909,607.034063298
2430,2620.65545467
911,781.662020493
7060,7401.08060343
10942,10953.0961676
252,227.891622969
1817,1719.01225714
2521,2310.8488499
10398,10504.0494191
1694,1801.99562672
170,221.363013577
1579,1508.36258034
14938,13469.683557
2684,2351.42786907
762,2635.24913222
1727,1607.52848112
2741,2538.10742632
2299,1990.31110423
3368,3954.46842294
15039,14656.4104977
225,237.79542736
5800,5774.18457803
2533,2612.27652939
2019,2098.5711088
49034,43245.6669054
1532,1778.34255639
305,90.2685532629
784,909.556605986
3853,2438.91032777
2459,2583.54419011
11388,12790.269563
6068,6928.15053491
2054,2503.72524952
16042,15834.2806687
705,676.52556177
6844,7146.12128194
1557,1311.9831757
3800,4051.8261127
3500,3566.78269502
3877,4021.44181347
2988,3147.40117388
380,805.437704308
4551,4343.33200534
2002,1895.37855335
2604,2652.17561367
2533,2421.18312933
705,696.04478208
246,35.3882298617
3566,3540.58158816
1896,1945.94277522
477,259.922944385
49034,44846.2822666
1383,1392.14703927
1121,1143.39250027
28855,42363.4153742
27000,25717.1434179
4416,5039.34041689
1538,1857.60549843
328,267.350057744
4955,5081.14053195
329,387.661507713
1801,1895.67212709
2741,2431.2768921
700,706.639908908
1557,1454.9533917
311,228.7558437
3348,3550.53891371
1101,1138.80462795
3201,3254.36295554
454,262.712872275
7443,8013.06924676
170,288.134243458
13919,14380.595875
691,578.026496035
1440,1506.76648749
2064,2110.12002915
1482,1321.66735139
2435,2788.14058194
148,38.531348001
5757,6058.70441888
503,321.894897482
281,452.692617986
7263,6819.01354501
1525,1427.82706979
442,440.597841017
436,154.143724237
640,1021.90580426
5400,5632.7953183
1223,2049.49122991
619,615.850025711
440,705.871883565
780,1029.8535063
16560,17331.234639
801,705.98132125
4723,4895.62662539
2553,3073.09692337
1158,1244.92173245
2835,2941.0067682
3748,4118.86647565
2078,2344.95596964
5482,5825.55512699
374,209.383928011
5597,5546.23918126
1775,1829.71638341
395,164.414318776
114,128.214532263
1246,1025.48384828
300,289.315426941
16921,16726.5371382
601,611.719739126
5876,6217.53955933
2391,2204.65119759
4164,4084.33072382
12551,11694.0330565
1817,1941.50377717
701,592.751094459
145,135.788672381
3322,3585.18969598
25401,24526.9287173
4086,4461.85141768
6416,6818.11549936
1661,1653.72466065
1634,1994.39065699
8702,8965.56194224
1293,1152.05341386
417,267.538202289
2542,2471.12073024
25054,24432.9718354
601,471.505564904
2532,2534.68363015
3986,5169.44515659
687,481.285491258
344,300.138696311
2014,2201.82844492
140,158.547982108
1984,2033.03391994
400,612.496118869
1238,1149.90161169
1238,800.752235951
5053,5215.2970641
220,141.563255947
15039,15002.0748145
1607,1392.37572716
2971,2802.63609226
2088,1344.86510591
2445,2085.21372292
3193,3622.33785815
3655,3798.59906517
5432,5587.28366769
17607,16190.6958882
249,168.621906104
883,1061.09127298
3677,3341.96896009
594,184.168146041
3995,5768.53920677
1167,1214.1254962
239,985.970526816
440,365.221205559
1333,994.943421149
778,487.539184708
4945,3490.68628396
2974,3718.64552402
1532,2020.03538881
943,728.562712942
21014,20318.5722854
605,513.35597155
591,539.783919041
937,1009.8296022
992,1140.05418416
212,94.4034940729
7575,8559.7432431
247,348.850075299
1754,1873.15926358
1393,1271.76645888
915,1134.7943009
198,58.4544428644
10080,10475.5694213
2038,2172.50911533
1251,1300.94762817
3006,3543.63587606
528,668.110533828
1171,1113.51540819
448,119.955384154
1686,1908.15813116
5532,5715.95416622
929,634.260754224
4019,3342.36467282
3189,3671.34549982
2508,2686.89237239
5196,6020.86352376
544,470.430289242
7091,7266.89357932
358,79.4349253298
293,363.230966224
973,860.745229129
1579,1480.36731167
646,726.317011283
2360,2401.75646307
950,1082.7511029
9720,9680.25420485
729,784.967339736
789,692.218234084
597,821.085132617
481,248.6292809
1512,1584.1480519
1049,1224.69736296
899,864.381168204
1080,964.085281722
3853,2125.78449541
8111,8280.2529889
201,43.3274782818
774,743.530914935
752,969.642728544
1916,1574.30375381
6765,6262.05643061
3500,3538.59106685
1139,750.29658164
2597,2695.45138801
2299,1894.82423189
8046,7883.79577704
2184,1884.84079397
2112,2047.51506838
7490,7131.43302895
3503,2658.65097796
5864,5620.59709453
580,1402.30301263
204,177.273791262
1396,1727.91925444
354,524.824792498
7824,7821.65284107
43303,45543.0225998
500,476.911321104
3344,3880.68127198
736,798.738589143
2108,1558.35673952
976,989.038794018
3088,3344.96436891
2362,2462.66667522
2321,2004.36569055
2551,2523.92061364
1050,911.803232285
562,445.737235767
1213,1094.88035301
25482,27125.9805736
2640,2589.77385039
483,268.735269623
3234,3424.98049145
117,-8.37290620734
911,814.153781264
8716,8772.63191364
286,66.0668338475
1035,1160.52274281
1829,1649.13204766
237,360.151124686
2600,2895.84274505
305,13.8457945698
404,328.814919893
190,136.4129298
2565,2820.3354439
570,446.627408025
1451,1447.97500455
10222,9466.81728591
5533,5197.42293146
4150,4527.10301425
2430,2712.53157587
392,190.554337502
2890,2927.26062396
817,623.965055628
5078,4990.47009902
3981,4594.69204936
387,159.166140144
3630,3684.63511473
16042,16058.8296463
1741,1596.27470874
352,820.303645157
2019,1871.28448871
3703,3666.85043802
80,-142.965363794
2400,3060.10893166
1788,2328.1194055
5333,6200.9579245
4301,4329.74796727
16788,16294.9566952
871,724.427093818
617,450.325378132
2446,3007.69056836
3646,3693.66992934
14938,14117.2444285
1007,573.327474797
4266,5093.02633877
720,542.530224285
5727,5994.68278703
5650,5728.14981218
997,593.087999926
16179,15574.5275982
13528,19268.9825587
1708,1715.07152766
676,581.165579967
296,730.75364829
2738,2500.45856786
2520,2623.21898954
4158,3926.2224971
2994,3059.18829119
1243,1057.53621284
2082,2234.40089827
338,296.494163052
1265,1479.19357474
33028,31323.970023
3800,4216.62031603
893,938.754735782
4815,4958.73250442
600,569.301833184
391,238.241388015
2933,3117.44011978
2684,2312.91288339
1704,1188.87430021
2999,2820.86485206
4800,5160.47555632
285,548.852631065
2385,2622.56256275
8740,8401.87971065
2040,1880.54426661
8470,8692.025921
9296,9236.42710914
534,332.632593024
4947,4614.74863637
3148,3317.86127915
281,189.025843979
3219,3352.80277071
4504,5154.08932061
2109,2333.47498838
7505,7424.65826804
1823,1675.64094098
7060,7154.85964976
11045,10302.9323149
500,433.987939265
4630,4680.87070454
2941,3094.51776608
1073,1249.51958062
553,668.614326649
2310,2240.791348
16357,15730.6025426
22500,20940.0016722
191,176.244499216
36046,32658.6189883
300,443.568820349
5800,5871.17368712
2552,2533.89072921
26408,25613.9078154
8663,8048.35129877
2515,1898.33654865
252,190.766629242
584,296.866399909
3132,4770.6529629
3434,2982.08984994
25217,24929.2548784
1434,1770.2198105
1817,1551.23040249
827,516.854421562
2496,4102.99988223
1464,1591.36429258
3638,3662.93562867
526,333.992432775
1028,672.628669328
6063,6276.45846088
566,571.816010541
1939,2259.97468223
5841,5800.89966597
1417,1583.07701578
6138,6137.72903931
241,185.757731724
3532,3826.06924463
667,355.035887034
2326,1784.27938852
19699,18053.7268728
2856,2733.65650839
3133,3268.44678201
5103,5419.90436433
1017,1118.07389291
1785,1716.29732929
341,265.979893013
8549,8569.40374494
334,225.731815126
410,341.825323207
3287,3392.76094171
4112,4162.91590768
1694,1840.72724376
6844,7164.1307141
3612,4074.87505264
2683,2566.39645447
4867,4857.86662025
471,543.814883104
211,776.860936343
498,817.226880248
499,182.180560154
1694,2006.3892616
2027,1374.19574559
2521,2172.3913563
909,749.6668164
136,-36.3162371296
2395,2456.24590183
246,90.4853579925
8227,8186.39261652
686,374.76181808
10398,10452.8522314
784,885.126014595
399,433.774982675
406,333.945306709
1786,2019.50412428
941,1023.60769227
34085,37633.4490305
10942,11213.5614254
3368,3908.58020905
1076,1104.9558849
2387,2327.86581791
4695,4681.50200098
5242,5020.8513281
225,139.811459102
3238,2879.89887337
3431,3305.57434245
29399,26915.8042136
2836,2877.20182403
26,-13.6026843327
812,651.591461248
486,614.306601212
4054,4173.95350861
1724,2039.33570882
976,1117.83691188
1869,2415.90315882
3303,-1235.72812132
349,295.462937567
11490,12032.9948228
1404,2105.23463446
15165,14262.5684761
1244,972.118516338
9409,9551.21470872
450,558.9984354
89,-188.629999764
1061,1490.9404143
3546,3543.21671903
2540,3935.14092876
2952,2924.37162871
776,611.160036521
3437,3223.15169304
183,-18.6703055955
1249,1365.70076208
893,830.517568514
3372,1413.88365962
3214,3045.44727365
1001,740.883141981
540,553.409496181
770,797.951442526
5732,5607.09523284
3191,3162.77815712
54620,59809.2745348
2933,3019.28447184
1586,1656.55725855
762,2577.61516657
6068,6366.92613302
668,537.161957062
7762,7687.25410437
1134,1214.8446398
5639,5579.33765009
1248,1118.1372892
564,431.926244326
1358,999.409039842
631,621.448591115
11388,12484.9564611
494,254.164591028
9094,11721.3334509
2791,3228.45327729
903,923.973645207
2054,2490.26354783
13752,13007.0915571
14520,15813.031491
470,843.361009554
140,148.357102621
3762,3907.07193073
1262,1227.3627442
2639,2587.39657041
10200,9826.77828162
560,467.857288617
906,804.906053299
742,684.913688967
7816,7682.83650459
8706,8197.31035927
32760,31380.2978519
1039,705.359110459
2333,2492.7873811
803,674.927784878
4622,4938.17383806
7459,7803.44633946
1644,1610.93105619
667,840.889275322
6821,7130.33488469
1668,1372.79137189
563,685.813228124
4900,5208.31234641
1126,1141.21130416
1362,1639.44413104
1186,987.299931813
579,384.843423239
2347,1324.43468465
569,457.097310719
2459,2550.70951775
1930,1778.99096896
763,883.666563687
2244,2313.80426416
1584,1946.66874404
2672,2749.63956952
1727,1669.7564661
2450,2025.92898522
665,658.855124503
1278,1326.69186689
683,580.272795351
1200,1544.71683043
702,587.504348749
2185,2215.19359802
252,220.657848255
2566,2570.79741248
129,-12.6413233431
3675,1851.91123015
176,116.195220086
1853,2291.39605921
22920,23110.1517399
3711,3464.79167793
11719,11913.4960121
1210,2076.30149995
1313,1134.99078114
408,299.471238174
1514,1422.32313568
1211,866.76977491
13130,12150.7743614
3585,4370.7832231
2194,1770.82490937
2306,2431.58317105
338,537.413806257
764,519.713843018
10222,9486.98977199
584,234.752160136
9296,9133.8123366
1930,1738.02035104
1396,1840.65763768
293,330.053817907
3238,2962.117506
4164,4185.92004252
770,913.644300057
4112,4520.50797358
25482,26767.6309061
5400,5349.71244394
1817,1836.54328062
1134,1282.69315242
1788,2339.08210658
1243,982.740649154
13130,12330.8366807
6068,6756.9252246
579,410.095674817
526,271.370707579
204,229.737865914
3675,2602.18459431
1200,1781.54303263
2054,2164.80137476
1482,1161.16142916
6138,6390.19051204
1869,2542.43996958
973,950.582614574
909,717.554264597
1211,848.061246529
2683,2406.16490537
3585,3682.37235918
16179,15761.3454441
13528,20172.0675906
5650,5860.92272414
380,678.256544807
4800,5187.1002786
3133,3418.48154249
500,468.174181441
3532,4249.13953325
49034,43849.9275509
400,133.914446833
3088,3318.67113769
1741,1543.34498927
1754,1996.64425076
950,1191.74768691
1050,943.073433858
300,242.012697232
801,804.045240459
2088,1541.71171776
3981,5069.55042849
3303,-2331.94671007
563,708.271999878
5597,5516.08832929
667,323.481300151
569,404.761622481
305,29.4168990431
1017,1194.83582907
3986,5684.35442533
296,702.534946592
3655,3761.46112206
3191,2961.88009311
3711,3397.90843587
25401,25708.1000383
1532,2253.45229243
2306,2524.1940759
486,619.926820107
1126,922.845478536
591,469.771644569
883,1448.91611286
14520,15668.4554567
3148,3380.82095335
2027,1389.08014444
893,832.937744899
2108,1645.57451024
170,264.077396043
2542,2658.67120588
2600,3083.98691344
9094,12233.3851166
3219,3296.59803719
2604,2446.87898515
1333,908.204094244
3189,3994.19043983
252,251.201672422
10080,10130.3960242
354,334.631157058
4695,4611.74560885
5078,5062.34647052
16560,16664.8038931
4266,5748.07511568
2430,2739.87945084
1039,735.676629615
201,63.229371287
1801,1996.22268788
404,358.239777462
481,89.3911090374
7060,7328.28573037
10942,11252.5246012
2014,2142.88733719
349,198.110400701
702,706.449374667
8227,8193.51443517
5757,6247.01332187
1278,1328.10618267
2400,4020.90348489
1694,1627.37048323
1362,1320.36314981
7091,7492.1466619
22920,24050.8371977
564,512.967007224
3503,3358.77924083
1817,1573.94218811
16788,16122.5191386
1853,2047.39788782
560,547.827309329
28855,43089.3099555
34085,38782.6453926
2064,2113.55953606
2333,2520.84670106
6416,6918.13682413
334,209.679519407
7505,7413.39948506
5841,5626.51933688
776,641.856182676
22500,21261.221663
736,720.917780166
778,529.528476963
33028,31409.6541649
1584,1688.17885252
1823,1838.41740746
190,35.4688895081
9409,10171.2231292
3287,3603.64709173
742,666.822970672
5482,6019.13138587
7816,7739.24928624
1249,1265.67115856
1434,1566.15923919
871,746.859619317
1251,1310.24541464
7263,7002.11424551
148,36.2067251704
1210,1653.7591383
220,40.0008050386
1035,1101.15552865
812,717.519109397
5732,5523.98973533
1223,2575.12718269
601,631.521336841
7824,7719.674236
8740,8340.56569266
4945,4344.44665998
762,1536.76738399
3800,3859.01850565
597,624.2629081
3214,3059.20810306
1440,1521.35335796
2185,2113.64229831
1001,900.86971091
27000,25925.000837
2112,2175.27775828
8549,8222.3885007
4551,4470.19922566
1661,1688.78314098
1586,1640.00743853
311,157.482919313
498,479.043474544
2994,3342.76270788
780,947.829025987
5196,5378.28651186
374,164.046504872
2890,3052.05722904
2672,2687.49079998
2988,3081.56057444
7762,7581.47132284
686,417.499531382
2532,2562.71022464
241,110.713502121
11719,11849.829252
3638,3807.82028142
2038,2089.74792907
566,421.983506854
3434,3432.74704407
5876,6312.88349232
1775,1878.27386312
2299,2148.69981555
129,-14.9627594936
80,-88.0039611733
7459,7908.99585708
16357,15836.7201411
4630,4596.15183727
329,223.717252008
1121,1043.38116879
1404,1553.25416725
26408,25153.0720637
2184,2063.49704084
246,37.3849400974
3437,3383.3432604
285,542.093537569
646,675.603542932
11388,12609.3765216
5800,5699.13161294
1607,1454.26329237
729,772.642368844
3677,3453.66203932
1139,792.71427645
43303,45138.5938722
8470,8568.77157123
2385,2640.96924103
899,845.7987708
1634,1943.02901435
1724,2233.09259499
3368,3924.20640712
4900,4935.686787
2109,2253.31599876
976,1041.40891436
2553,3211.8300728
25054,23848.8927193
1451,1552.36156849
534,425.782251338
477,317.041822269
640,854.544994077
701,611.594791299
1829,1385.08951556
1785,1746.11476253
281,307.077486436
239,1016.25964913
1101,1106.52462108
399,386.287419058
2450,2041.87274202
976,1117.79553768
1896,1891.34518151
594,209.900803679
784,880.351585268
2565,2723.76266428
8702,8082.12783879
117,-41.9731961846
4815,5062.80392588
752,1006.52966523
911,812.401497122
5333,6502.13297282
2446,2911.3033107
540,546.381373206
553,647.536944608
7443,7443.72962503
1358,1073.0700425
252,208.965078826
4150,4393.17441701
2040,1880.12849905
338,220.090030045
2933,3035.77559607
3877,4094.26594615
358,129.61717214
36046,32387.0657306
300,440.68098891
1238,996.875323326
3703,3627.25046254
1171,1162.82012195
191,361.059979983
774,760.508242864
2999,2802.02305654
2836,2911.65110471
929,707.859260437
2362,2425.4642286
1262,1330.81966736
5053,5145.06718531
8663,8118.70307828
15039,14819.7879146
600,505.221692516
1644,1624.87730822
1313,1140.04148358
1704,1039.60898279
617,493.129144083
19699,18012.0207513
352,725.312705187
2835,2987.50833285
454,268.812893416
436,35.5407192704
3344,4135.75223053
32760,31149.825084
2521,2240.98335784
2395,2468.00467999
544,509.006715586
2552,2490.54089763
943,719.684467751
763,838.419331995
2078,2489.78595599
2435,2415.32581758
176,168.982359725
4867,4864.4931806
2194,1821.64529904
1708,1874.73505774
212,116.432814497
29399,27055.049679
2347,1486.19028057
1512,1583.63749978
3853,2396.6060733
2551,2581.98056733
3748,3938.03291685
1538,1936.15032882
2597,2686.80799697
9720,9703.88775057
2741,2463.39519783
471,597.789044616
13919,13795.283089
140,134.33567655
915,1134.71155469
1694,1943.70584162
1238,1164.99600399
4622,5013.20800147
16921,16622.4970229
1073,1512.47759078
17607,16006.7079471
1916,1602.33951155
803,662.258101189
1248,1152.86008003
16042,16158.8674826
4086,4340.49407416
2738,2542.97684165
1007,499.508167642
3234,3347.09983914
225,95.62989942
1080,959.386455817
2952,2956.23520277
1417,1770.94462172
494,239.371038136
3193,3631.64726693
391,246.098564458
395,75.9090583833
2533,2531.16158907
5532,5755.60660743
211,885.674523848
2019,2072.10830166
903,902.653427883
2459,2552.33435485
3132,4657.98617424
392,217.562845878
54620,59213.5176937
328,267.000784897
2496,4237.06505236
665,633.703221348
14938,13864.904136
448,131.589062768
2971,2910.88779366
1213,1232.86799488
1158,1369.16518324
89,-236.350599037
941,831.262409325
4301,4483.68243349
827,548.227466345
2974,3897.43154583
764,525.07506998
1244,971.776343238
2387,2430.11770326
5727,5822.76416645
1786,2126.63829651
705,587.841776215
3322,3381.2188901
1393,1308.42106922
145,148.887538014
3566,3753.836904
817,832.998619797
2326,1821.12159438
3612,3968.54668932
2791,3268.58125236
4504,4908.43719677
6063,6328.23312594
11490,12110.8284649
4054,4160.43740746
2684,2335.67540146
140,125.153029494
470,804.795019201
683,583.276943933
789,643.036328335
406,312.682917425
440,823.664596285
3646,3665.08624548
4723,5106.96189989
1265,1464.12809001
4955,5104.11868635
1246,593.315927696
528,646.275028706
2566,2578.11597783
3201,2956.45046108
1061,1489.22693633
13752,13319.3166462
687,374.187284452
417,363.320692476
249,115.437866448
26,-89.5718891807
1076,1345.71170289
2445,2168.92964524
344,395.984772602
4158,3850.82042856
4947,4749.30018854
442,454.062396387
992,1169.517412
676,566.261177853
2391,2316.72600932
114,120.538325407
1984,1867.95610008
3372,1613.38009181
893,991.280436609
286,68.757239139
720,721.763007137
3500,3482.00540603
7490,7226.65693409
605,546.277611714
499,157.033620167
2508,2675.82873832
2856,2746.5930989
483,293.238014152
3006,3611.65112102
6765,6288.85463222
3546,3255.84709834
1167,1216.73127834
1727,1652.83423427
1939,2154.31024772
906,784.671342945
1514,1411.27617154
3762,3931.98140689
8046,7726.64918348
562,520.315857359
21014,20353.42202
281,399.069164113
500,540.794258084
136,-89.7092413493
1186,978.983054267
937,1004.26481837
691,512.123038103
10398,10162.6770817
6844,7120.13924949
4416,5331.82165051
440,322.762394083
570,410.692576142
3431,3329.1426305
3348,3766.50951886
15165,14859.9913194
450,573.740267732
408,291.664693133
1579,1468.81461729
237,349.076091314
387,206.526384203
668,533.176895028
5103,5231.99266278
1293,1005.73078901
7575,8709.19612805
1049,1228.57356095
2941,3132.20044404
10200,9775.63427663
8111,8234.72946659
2002,1636.38735126
2520,2487.13813889
580,1413.25888644
1686,1895.59728465
2310,2243.5903567
6821,7208.68610005
410,329.075025055
3995,5819.80194469
1525,1399.84747301
1383,1236.22072745
5533,5093.46124286
503,314.961503825
25217,24190.0750828
5639,5544.14889386
2244,2291.64300957
631,624.915515381
1028,628.026322288
2933,3002.45341432
2540,3970.36798851
5864,5605.27676842
5242,5120.12056558
2640,2593.8671117
601,448.223268462
2321,1907.50182107
5432,5570.74839177
183,-32.4678273258
2360,2351.99324142
1557,1416.17884046
619,605.86265844
2082,2206.79405384
11045,10261.8004038
4019,3463.19699148
1464,1534.34883404
246,50.7927004612
198,39.512628865
247,333.987376711
341,244.918664941
1668,1364.78427009
700,700.72767047
8716,8778.16320247
667,832.019768333
2515,1970.19335057
8706,8213.25206607
12551,11683.096139
338,538.197203404
3630,3633.00640546
2639,2567.72650917
997,518.386333131
1482,1158.91565728
7575,9087.87944585
477,199.355007609
4695,4734.57511473
136,-57.1788305806
4622,4998.14215016
2064,2060.62434388
2552,2534.94421249
285,605.890246168
5732,5528.06866642
471,597.047053071
2002,1760.72469084
1073,1435.17538624
1126,1088.15109539
2040,1776.51646961
241,127.496702032
4723,5113.36721994
1238,466.644216071
2521,2465.47057276
1817,1810.99018347
1464,1572.21550516
8716,8970.30967275
470,821.678635879
170,247.8445846
1001,775.014838052
4416,5303.67250077
329,323.432381683
943,711.851794861
25401,25336.9141865
198,43.7410571483
54620,60073.1607917
498,832.771241037
1211,983.451350361
22500,20798.1108946
2496,4513.80868086
417,388.259815304
903,936.609086057
3877,4232.52154757
2244,2313.42596065
486,588.314637805
3566,3714.98933149
3431,3285.31868008
4086,4282.22963421
2540,4385.0919402
1265,1442.49157049
16179,15149.5836139
503,378.094545764
803,679.787704152
2639,2637.7987974
220,119.543345649
2553,3377.61469031
7762,7644.70627759
5597,5603.65948739
5533,5444.25046022
117,17.5113601417
640,933.830189273
5333,6777.17980849
374,122.286308488
387,264.646135891
3503,2921.28637425
3132,4699.44047685
190,226.23897896
1393,1266.56608959
1049,1336.43909625
776,587.801040154
1823,1644.45922197
4164,4093.04000505
2310,2259.36657873
191,368.532395605
770,804.494783773
601,551.714858357
2508,2685.3150426
3219,3195.68016351
9094,12405.8836918
338,501.450778908
354,549.279075103
5482,5726.51540622
1584,2024.76523709
5532,5768.14822125
140,169.496593257
406,344.187435863
1061,1531.38294203
4955,5124.80199301
201,5.25614312981
526,382.892359049
667,817.057283925
2738,2633.1802991
1007,573.471755807
239,1260.56829151
729,826.698189689
442,417.020254578
1186,1002.42629429
1139,801.346352367
3148,3351.91255378
7490,7184.04276831
992,1225.39665405
12551,11450.0834782
49034,43490.322861
973,883.116497578
1512,1551.91172585
448,160.376343141
436,51.1087197543
1171,1143.25341734
3748,3980.21040008
762,2762.86482888
281,335.765982108
1134,1189.88662027
3500,3572.92257947
3703,3706.32125147
5103,5327.17833017
534,349.083136746
1984,1815.8160031
1293,1029.78038918
36046,32509.537876
1916,1540.26203534
1158,1307.37226987
237,429.205852393
3434,2976.20739069
3762,3892.05954168
8111,8275.03336212
13130,11924.4951826
2019,1919.54022249
691,475.303048972
19699,19017.8518368
247,385.608942377
6765,6241.60943505
2604,2405.78156786
2445,2081.72003753
1050,960.56280097
812,647.993228347
1694,1779.97094423
4551,4630.54111716
338,139.956637275
281,271.632048641
344,431.397477391
1668,1344.54872351
4947,4472.23138061
2994,2961.73509451
13919,13663.5366687
1249,1355.47600663
5757,5675.00972329
1694,1974.93050415
22920,23079.9142349
296,533.393905315
358,145.021731967
2640,2600.82732177
148,-23.1959626448
686,371.439868706
11719,12019.2567308
5727,5788.66275164
2683,2495.74831647
915,991.330011264
204,210.787156669
553,692.228601406
1939,2187.11876309
2395,2405.20307467
27000,25102.3828796
440,867.818028351
736,816.031384541
1727,1779.03677902
1579,1427.09212735
2551,2465.46294588
2082,2168.25305678
483,264.342936783
2532,2284.58659374
3677,3277.54905978
5053,5249.11119959
997,551.036706575
2027,1332.18716119
176,144.962022425
2109,2189.11629281
499,193.160896837
1538,1847.51155279
1251,1330.95268351
10942,11264.9394489
2450,2094.09887518
3303,-1326.65155423
1785,1662.04656892
43303,45322.3501328
1039,722.583719723
1661,1768.80878932
211,781.500858373
1607,1405.78599652
395,109.081609343
2112,2019.66077186
883,1194.01458097
1396,1760.55326019
11045,10255.2700706
1080,987.916656461
4150,4477.06696478
563,598.409832696
7816,7773.94725844
7443,7520.71473357
246,184.616942013
569,444.036343678
1440,1625.8056654
3546,3211.15654788
617,468.189248901
2321,1907.37946494
1853,1923.18292671
778,566.948510662
4019,3840.37665871
5650,5579.23921083
1896,1934.03291428
3437,3402.02662463
1586,1681.20485457
391,231.564176347
2185,2086.80014672
17607,16630.4322208
2856,2743.1006734
11388,13640.4555028
2974,5211.19517141
4266,5444.02139939
454,120.114238731
619,539.654490523
3193,3646.88814459
2672,2716.7636627
481,257.884958416
2014,1976.08005698
2459,2983.71290796
665,615.398731075
7263,6949.31980616
5639,5920.8574256
774,465.297484473
668,488.214446714
252,305.265013179
1246,196.4728836
145,14.433540134
8702,7675.68761219
11490,12362.2082027
4301,4189.52777895
5876,6003.93983139
705,522.807440489
10398,10708.1978173
3368,4001.63968814
1200,1515.66181492
929,799.223249723
10222,9611.37002349
789,671.508374726
7091,7574.56487133
1514,1527.19113714
3585,5671.59385748
3675,1155.75020125
2890,2637.28163511
909,860.965351809
2108,1556.34528573
1278,1238.59868743
494,299.263116781
1775,1965.93510007
25054,24464.2944595
1213,1512.00818207
1223,16241.7396518
13752,12686.3701599
2054,3411.66158461
3189,3636.66422112
1434,1508.20877059
3006,3563.83503597
1708,1743.28627853
293,224.589540441
2430,2544.53133963
16560,16936.6736395
3214,3032.24696326
817,1087.62811693
560,439.320773935
3234,3321.21086644
7060,7183.03632369
2326,1659.52492406
7459,8213.12581128
500,458.855299217
2988,3829.59575151
683,659.45835398
2038,2209.32042429
3800,3987.40514626
252,165.456226758
1313,1200.10340826
8227,8276.72111397
544,392.495635087
6416,8187.57512619
2565,2864.13653773
1869,2238.84738448
16042,16743.3832935
8549,8386.25447546
1244,995.949323385
700,652.161628947
2333,2663.80077739
1358,1240.75792952
3133,3288.89387465
827,547.394863272
5196,5778.44052264
352,586.906343234
14520,15915.5882836
1028,557.189808871
5432,5405.31949202
15039,14807.9989281
976,1004.26629237
1076,1271.72143246
34085,38841.2537141
566,856.578648884
4630,4638.26292583
1417,1885.65011823
4867,5605.67989129
600,723.432053252
763,971.891373554
10080,10528.0494964
3986,4840.6447004
2533,2359.70172714
2741,2387.10724792
2306,2560.67952898
580,922.171636247
1525,1349.0167978
702,593.56664036
328,215.244212426
400,624.856551703
26,-164.941063591
2184,1871.2872736
5800,5753.54395492
311,152.789325546
1829,1838.74854733
3532,3476.73991713
1262,1207.11217126
183,12.6688089347
1017,1031.47420295
4945,4368.97776419
899,812.655994998
2542,2380.88776917
4504,4747.31894838
7505,7436.45182744
286,131.472977697
1557,1492.11066245
676,608.370057416
3711,3121.13938676
8470,8913.83795168
5864,5595.73622928
1724,2161.46135723
5400,5732.68203273
404,232.062340666
3322,3612.00937099
941,799.996076154
1167,1169.92335287
305,109.804262443
1404,1584.98250763
1333,1079.09854463
3655,3906.76160579
129,6.35966867659
1210,1645.05728031
591,535.566946522
1121,1103.87702282
4800,5145.81532075
300,236.482607736
2684,2642.72085901
893,743.561015917
450,449.464866839
2194,2091.71498473
2435,2763.20947887
1644,1699.00571893
2446,2774.9001446
8706,8174.21612352
3348,3594.33836525
950,928.290166647
1817,1585.32223303
410,259.60814892
21014,20242.8417151
911,711.479914608
2971,3053.40025758
3981,3403.74432386
2597,2725.37787723
2078,2258.14477544
6068,5909.85188173
246,34.2613998766
8046,8110.40371571
9720,10106.82261
1248,1256.23835809
28855,43580.9130028
2360,2221.47940305
9409,10062.3665552
3344,3023.82439298
3238,3106.21839572
1532,2072.15847811
25217,21290.3716823
976,1010.58577676
341,190.198169389
631,727.343222882
3630,3430.4902311
300,316.985710658
114,152.085283782
2566,2559.32874803
225,92.6831956372
80,-21.5917731099
2362,2322.0818695
2941,3131.15987339
1704,1346.81388934
720,679.116368937
26408,26053.4023007
15165,14923.938997
564,557.286981182
29399,28280.8292548
2347,1867.38723925
1383,1390.43065572
2387,2273.54567345
3287,3378.77606844
871,735.795026245
801,737.638772725
500,469.975635944
937,979.671577645
3201,2997.19971719
906,849.259604843
1801,1899.11910586
2835,2860.2668365
6138,6178.55158464
1741,1581.52106992
2088,1536.25834753
2391,2347.23829716
1035,1179.58657318
2400,3194.36834133
2600,2864.76167875
646,655.987155931
764,493.372988984
597,719.91256059
1686,1815.11784612
893,890.96702275
2933,3077.57094386
784,857.389662415
6844,6896.9195519
380,661.568330474
13528,19080.9922241
33028,31245.9376242
440,270.913626602
667,345.824767036
1788,2251.08681219
3612,3864.52146382
1362,1754.43670555
16357,15510.0820738
6063,6190.42588318
1451,1480.74273326
780,971.573051186
392,201.852925544
3995,6156.58774566
14938,14127.9475787
579,346.7412981
4158,3990.30267393
2791,3438.18277011
570,414.00222326
140,119.17351386
752,912.59795618
2933,3094.89236958
2836,2909.93854602
2385,2642.71179929
32760,30944.9865876
3853,2670.20133005
8740,8401.36810712
5078,5047.81235563
5841,5845.09877371
3646,3692.53854386
701,627.334965824
3638,3833.485805
1101,1044.51173019
9296,9326.43426629
349,222.873024633
2952,3030.72536059
540,492.816135566
8663,8285.09524604
2299,1965.10725989
5242,5100.78945707
594,188.441407084
1786,1949.34845466
605,583.397648332
25482,27249.5375882
4054,4158.78593071
399,359.968532548
408,233.548217019
528,629.24447673
7824,7799.84382021
584,247.153529886
249,80.6402455654
1634,1810.63163351
687,333.902033116
6821,7316.89200947
1238,1194.05694154
212,65.563253344
3191,3145.5491351
3372,2076.78879018
562,441.523794548
1930,1746.42918775
4112,4325.64460015
2999,2810.32699528
1243,1048.31957337
89,-256.067850452
1754,1955.68467686
16788,16454.4369524
601,419.228320386
3088,3274.35066963
16921,16934.9959502
742,708.522217416
4900,5079.30557363
4815,4929.03745255
10200,9929.8515364
334,176.813547337
2520,2660.34358924
2515,2021.22515543
