444,410.323509651
18,27.0197417711
8211,1551.43464049
352.8,150.153046014
38,645.708143457
636,879.276166885
973,1264.79472163
120,45.2265966494
215,439.102239541
60,101.732381586
10.8,-57.9950785684
756,1105.48734885
370,418.174726569
12,650.983303145
444,1841.48264153
170,199.820846083
1772.5,847.604900932
90,-33.1317661147
8.4,480.313897056
599,1028.53486629
278,811.411387946
882,1156.57561646
1200,2254.53518874
72,-185.088998526
480,1074.14345464
36,-300.362009025
8.4,-298.214917331
252,324.326249983
600,1098.49026708
300,980.805856193
117.6,-262.939281704
150,577.454648066
2400,2130.16639096
703,1052.41991041
300,935.162890705
1645.9,1190.23300546
107,262.36578782
31.2,-303.694694836
430,914.539895247
72,-121.397144327
48,-54.4375119357
70,24.1026595961
750,669.648207114
1248,972.398412511
432,1126.77149541
648,808.257806747
42,62.6056251089
82,55.2825658423
114,159.891634912
48,-85.9534099204
2120,1218.42965294
155,220.918185915
576,1092.23836996
1368,1323.30578295
24,-214.41760847
48,39.1718295066
1924.5,791.445950317
60,85.2919927704
192,1527.96939645
324,641.999831832
4178.2,1346.94320447
4560,5084.03760676
62,59.6664450691
420,971.930718513
210,171.340294643
97,1218.06824246
300,273.8082826
458,506.693978335
409,740.502363059
117.6,-229.763153542
162,582.625692694
2400,1422.20492244
2460,1578.72446876
239,219.889351709
72,628.592629322
360,294.900564093
60,-48.9272360691
42,107.597255635
240,567.668617206
720,1997.83878476
25.2,-229.252163388
36,-163.421428925
50,46.4358871886
1181,1422.34053304
60,75.7126662286
480,919.608363461
1350,803.314428034
400,487.043691086
571.4,533.368438364
98.8,221.813944015
360,322.87028599
192,193.326266636
60,106.415180577
324,651.232200926
210,123.757408959
480,1049.43415241
4178.2,1452.63404437
42,169.993440472
12,1013.36397155
150,454.63625872
70,45.1182701317
60,166.92265169
36,-97.4129796808
300,224.900345054
48,-23.8648595508
370,380.31060104
8.4,-308.18281315
444,1981.21237467
400,380.716564371
62,73.9701531391
31.2,-322.685200338
82,69.9060434196
98.8,237.7760149
8.4,428.588937224
72,655.524237624
120,26.9671104223
72,-133.64254124
192,1533.02984021
2400,2097.46436358
215,289.870822562
117.6,-256.063368982
48,-47.5398471097
60,7.79938623065
352.8,3.06201167156
599,956.777797607
480,1001.34052392
1248,993.248821473
432,1177.87118812
458,697.408092058
360,305.891427257
8211,1426.48472774
38,604.584832657
170,181.604895455
600,788.608697025
90,-39.0564823055
24,-81.1803932826
2400,1316.01893114
703,645.948244186
162,767.081543615
1645.9,790.126668859
756,1004.77532915
60,-21.1277124344
60,22.8856015643
1772.5,761.630730155
2120,1036.14631908
192,201.533259025
1200,1788.0338392
117.6,-19.5045428113
155,286.515858803
239,221.110946182
252,376.237466385
1368,1423.6861865
973,1447.98854478
72,-164.471612805
420,1076.72696108
1924.5,995.494089187
648,798.427717359
42,95.2177164967
300,938.071402885
2460,1623.59586932
882,1121.32505686
444,509.175760979
25.2,-219.393664975
278,708.481708922
576,1123.01964186
18,60.8606373037
97,1323.72158137
720,2158.94468058
48,-69.4295506006
50,23.4754125958
750,724.302326455
409,780.858419976
571.4,522.859649524
114,139.096551497
10.8,-274.079265338
430,852.857751433
60,31.5569353286
300,889.748376932
1350,800.876258688
36,-286.498388401
4560,5552.20276887
360,334.439461443
1181,1547.30616291
107,232.808961183
240,522.177452182
636,1069.36951049
4560,6507.47749906
82,16.4606447119
2400,1799.20872479
300,261.75481767
720,2368.97485461
420,1202.80488144
1181,1774.34994959
98.8,108.362275173
458,603.976678049
300,883.5134973
444,645.049933839
36,-400.332013565
117.6,-325.73367562
1200,2697.37248821
155,178.494474198
370,399.516693337
60,105.400235012
192,1851.65143092
48,-70.3291065991
1368,1183.50939983
1350,500.944206198
25.2,44.3492142738
8211,1350.58913667
430,604.478714089
107,272.667438265
170,173.218849118
162,905.272188306
2120,1095.70603547
239,218.668226422
62,91.5092725786
8.4,20.7097560328
36,-96.4084143719
480,438.438121279
360,359.154487667
1924.5,720.560221637
360,402.855656965
432,918.139531765
38,1094.9199767
97,1431.00304001
70,61.7582835405
703,1091.44346359
324,635.598349623
18,70.5083111101
882,1201.24311188
48,-20.913504029
600,1135.79017746
636,1101.49173225
114,214.831324503
756,1397.58959131
192,233.661393921
1248,1079.17301861
60,67.7701532391
571.4,548.273877274
444,2142.0174509
409,882.892383277
72,522.985373981
120,82.119320679
60,112.464526781
278,760.890917164
42,194.748621986
2400,1980.40272582
599,907.445222583
72,-30.853629463
1772.5,956.982978642
60,190.745019898
750,587.944959693
210,143.770679074
42,147.42830792
576,1005.31367621
4178.2,1402.55937938
8.4,448.513157113
12,1021.6275468
480,1006.83194048
50,134.050495513
117.6,-293.139050169
648,810.844709086
72,-254.066693742
240,565.049013597
31.2,-358.263694835
300,899.453262678
24,-233.380837424
352.8,-17.9498729169
252,348.454134844
1645.9,1047.4399126
400,454.21454391
90,-44.0188557185
215,241.239106833
2460,1569.25177768
10.8,-324.711990361
150,524.667317795
973,1394.99681408
60,-62.2755060515
48,-115.699020474
210,50.4314233725
117.6,-342.708818755
192,164.263824144
60,-113.491836285
720,2199.23571887
90,-102.249545471
1368,1573.38499583
2460,1810.71482987
576,1162.13015139
1200,2527.17660225
4560,5959.46898943
107,113.209973446
10.8,-386.340984698
62,-1.6877088626
60,51.6552615865
48,-113.065425398
25.2,-379.375749667
38,1003.49711633
2400,1879.20237719
1645.9,875.903307586
8211,1487.50884325
8.4,-59.8188113571
360,385.640355969
12,638.130668144
170,194.362020618
72,53.3201119967
42,35.269900834
82,113.442108016
36,-52.7288748304
97,1077.62948912
300,720.42447989
98.8,125.51462612
571.4,404.455184103
48,-33.8661116863
1181,1242.12970165
70,93.3002975023
430,729.376927473
636,1031.75593803
192,1551.36489248
458,670.246618181
155,250.148568928
1924.5,984.571808001
150,535.683426487
60,147.121604917
370,476.878096687
444,2069.52310707
2400,1534.84878198
60,50.9952142709
400,473.736076597
1772.5,1032.95847684
120,56.8067326906
162,825.377741249
300,928.803529237
480,952.82903445
750,702.333917861
72,619.446765733
31.2,-303.299063152
60,57.5894946758
114,201.048771233
300,190.540196676
2120,1230.15435955
324,576.924346081
239,208.596544237
240,578.631107475
409,817.878651539
432,1139.78410696
648,836.737900738
215,307.423115872
18,62.9047497794
117.6,-239.905304755
72,-183.590251583
278,735.840777809
42,150.777242793
444,511.34410051
420,1029.96279512
50,83.0466118631
252,369.842579148
1350,700.919111384
973,1423.42202697
1248,944.033862554
8.4,313.281328257
599,767.336592252
703,954.581033926
480,815.27370045
36,-120.247951667
48,-34.7148971787
600,964.199537351
360,326.634086899
882,1049.41647923
24,-163.997340643
756,1209.7644141
4178.2,1386.44572464
352.8,73.6272624277
120,-17.4622604329
1368,1313.82017408
210,20.2168928209
750,713.506503004
72,-124.095334839
1181,1437.64978418
62,75.0232980807
150,557.261874417
599,978.415830634
60,-86.6468142116
162,998.35715146
70,48.1910003134
239,208.207313492
400,436.097730489
170,175.885721804
600,1065.27880374
82,77.7913724264
48,-68.8774662749
430,1077.32425064
117.6,-384.887320963
50,100.581506581
90,-51.0391420521
2460,1591.90118311
480,1167.15036307
97,1373.56403925
60,51.5929081044
60,11.6394093288
117.6,-373.404757903
25.2,-390.865985167
31.2,-435.538476346
12,1254.8785214
114,235.555901323
8.4,-408.641175011
60,168.547164554
420,951.093036926
636,1012.40796052
240,610.307573422
155,287.585936399
324,618.787954664
4178.2,1409.55398328
278,663.711873545
42,204.280843277
409,804.989546219
360,318.687220053
432,1099.25430211
42,160.551260598
703,1008.51585955
300,271.180441805
720,1863.2727708
8.4,357.903878694
300,820.095010368
2120,1229.57881606
2400,1414.33725839
215,343.056736292
192,1525.71931353
1645.9,998.262139946
1350,832.656254459
72,-146.464654559
352.8,31.789779268
370,366.988461575
444,594.657919006
4560,5667.55661029
360,402.506071205
107,121.683210101
38,953.395257514
18,37.4114400426
300,876.686418774
1200,2398.43097797
1772.5,955.799246958
192,184.437808682
882,1084.65086907
36,-369.474363804
756,1295.11196702
648,712.284382805
48,4.07120198286
480,508.882534934
444,1797.0361884
1924.5,756.42536411
571.4,431.575506618
48,-59.4547690131
24,-110.307300736
973,1267.72393188
36,-102.795948868
10.8,-18.2451276421
2400,1981.59877146
252,267.035561027
60,-12.9792447352
98.8,138.047350726
8211,1451.23299939
576,956.666945177
1248,884.873903941
72,491.573426585
458,656.462896933
