43.8,58.8282608696
37,58.8282608696
52,58.8282608696
31.5,58.8282608696
1586,58.8282608696
20.1,58.8282608696
39,58.8282608696
42.3,58.8282608696
39.5,58.8282608696
212,56.19375
8.2,56.19375
59.1,56.19375
29,56.19375
36,56.19375
36.9,56.19375
31.5,56.19375
9,56.19375
54,56.19375
58.9,56.19375
89.5,41.4
22,41.4
85,41.4
55.7,41.4
13.9,41.4
34.3,41.4
18,41.4
7.5,41.4
103.5,41.4
50.1,43.96875
5.6,43.96875
20.6,43.96875
37.1,43.96875
23,43.96875
27.5,43.96875
157,43.96875
120,43.96875
48,43.96875
37,43.96875
6,55.55
170,55.55
32.7,55.55
7.1,55.55
340,55.55
67.3,55.55
59.5,55.55
39,55.55
58.9,55.55
37.2,55.55
5.6,53.075
59.1,53.075
48,53.075
37,53.075
52,53.075
67.3,53.075
9,53.075
7.1,53.075
39,53.075
103.5,6.35
89.5,6.35
58.9,6.35
37.1,6.35
31.5,6.35
6,6.35
50.1,6.35
34.3,6.35
39,6.35
20.6,6.35
120,6.35
7.5,6.35
42.3,6.35
22,6.35
58.9,6.35
39.5,6.35
23,6.35
157,6.35
36,6.35
59.5,33.046875
55.7,33.046875
8.2,33.046875
37.2,33.046875
37,33.046875
1586,33.046875
18,33.046875
85,33.046875
54,33.046875
170,33.046875
36.9,6.35
27.5,6.35
20.1,6.35
32.7,6.35
212,6.35
13.9,6.35
340,6.35
29,6.35
31.5,6.35
43.8,6.35
67.3,191.0
157,191.0
1586,191.0
55.7,191.0
23,191.0
34.3,191.0
27.5,191.0
42.3,191.0
20.1,191.0
212,87.1983333333
18,87.1983333333
7.5,87.1983333333
43.8,87.1983333333
39.5,87.1983333333
7.1,87.1983333333
36.9,87.1983333333
89.5,87.1983333333
31.5,87.1983333333
39,87.1983333333
58.9,84.4161290323
120,84.4161290323
59.1,84.4161290323
37,84.4161290323
58.9,84.4161290323
48,84.4161290323
39,84.4161290323
59.5,84.4161290323
5.6,84.4161290323
37.1,97.35
54,97.35
36,97.35
85,97.35
37,97.35
32.7,97.35
8.2,97.35
22,97.35
31.5,97.35
170,97.35
340,56.71875
103.5,56.71875
37.2,56.71875
52,56.71875
9,56.71875
6,56.71875
20.6,56.71875
29,56.71875
50.1,56.71875
13.9,56.71875
8.2,44.54375
212,44.54375
6,44.54375
31.5,44.54375
85,44.54375
52,44.54375
54,44.54375
32.7,44.54375
37,44.54375
170,50.1090909091
120,50.1090909091
9,50.1090909091
37,50.1090909091
157,50.1090909091
34.3,50.1090909091
20.6,50.1090909091
39,50.1090909091
59.5,50.1090909091
1586,50.1090909091
42.3,28.1666666667
43.8,28.1666666667
31.5,28.1666666667
39,28.1666666667
58.9,28.1666666667
36.9,28.1666666667
58.9,28.1666666667
29,28.1666666667
48,28.1666666667
67.3,45.9348484848
7.1,45.9348484848
36,45.9348484848
55.7,45.9348484848
89.5,45.9348484848
13.9,45.9348484848
18,45.9348484848
20.1,45.9348484848
340,45.9348484848
39.5,45.9348484848
27.5,11.05
7.5,11.05
22,11.05
5.6,11.05
23,11.05
103.5,11.05
59.1,11.05
37.2,11.05
50.1,11.05
37.1,11.05
50.1,42.04375
31.5,42.04375
39,42.04375
37,42.04375
103.5,42.04375
39,42.04375
340,42.04375
27.5,42.04375
43.8,42.04375
54,43.55
58.9,43.55
48,43.55
212,43.55
34.3,43.55
32.7,43.55
37.1,43.55
59.5,43.55
9,43.55
29,43.55
39.5,21.5
36.9,21.5
22,21.5
37,21.5
37.2,21.5
58.9,21.5
7.5,21.5
5.6,21.5
20.6,21.5
52,67.2491666667
59.1,67.2491666667
157,67.2491666667
8.2,67.2491666667
18,67.2491666667
120,67.2491666667
31.5,67.2491666667
1586,67.2491666667
36,67.2491666667
13.9,67.2491666667
6,95.6
89.5,95.6
67.3,95.6
55.7,95.6
7.1,95.6
85,95.6
42.3,95.6
170,95.6
20.1,95.6
23,95.6
