1518,1507
1261,1979
614,811
1021,2796
5170,1912
10083,2402
3272,2009
1772,2362
3376,2424
12149,4171
921,3670
1087,2068
1807,2068
3268,1832
5208,1974
1273,2170
3280,2170
98,1011
87,1493
2274,937
1856,3282
112,1068
672,2283
2134,5345
1530,2536
14453,3837
257,1164
452,878
784,2932
1464,2684
7037,3164
800,2500
7327,2843
1806,2210
326,1072
441,2500
8490,3958
1856,3282
257,1155
112,813
3272,1984
1518,1451
7327,4910
2274,882
3268,1726
14453,2590
98,957
5170,2339
1021,3906
5208,1487
8490,4797
12149,2924
3280,2721
452,869
326,1000
1273,2413
7037,2988
1772,2630
1261,1979
1530,2661
614,1434
3376,2594
87,1018
921,5131
784,2594
1464,2593
1806,4169
672,3069
1087,2881
800,2818
2134,5345
10083,3071
441,3045
1807,3069
3376,2399
3280,2399
1273,2089
14453,3477
1807,2399
7327,4288
2134,3912
1856,2728
784,2662
921,5002
614,817
1087,2489
1806,4394
10083,2913
672,2053
7037,3907
2274,1072
326,1402
1518,1337
5170,2054
8490,4045
98,886
12149,4465
87,1428
1021,3950
1261,1626
3268,2220
452,1014
257,1428
1530,2490
441,2490
1772,2362
3272,2239
5208,2490
1464,2490
112,703
800,2239
7037,2537
8490,3315
12149,2474
1807,2399
2134,2200
1261,1808
10083,2964
800,2525
441,2500
14453,3821
452,700
87,1395
1518,1551
2274,1006
5208,1941
784,2138
257,1303
98,1178
326,1434
3280,2138
1772,2388
1530,2205
3268,2293
1856,3169
7327,4441
1021,4051
3272,1866
672,2066
5170,2906
1806,5262
921,4812
1464,2648
112,1035
1087,2464
1273,2716
614,817
3376,2589
441,2660
1273,2375
1087,2485
3280,2686
1807,2421
1856,3763
7037,4371
614,944
7327,4403
3376,2158
112,1114
452,789
1021,4403
5208,1974
672,2838
1806,5698
98,848
1464,2826
921,4871
800,2838
2134,5345
10083,3090
3272,2430
8490,3631
326,992
2274,948
1518,1442
14453,3786
12149,3304
1261,1856
784,2145
257,1209
1772,2144
87,1218
5170,2799
3268,2083
1530,2211
