12,28
702,757
423,83
130,92
106,85
1063,113
387,140
605,113
6400,5749
82,499
539,477
40,113
7.3,229.45
126,75
70,35
9,322
230,631
6,31
38,557
47,14
523,1315
55,757
14,196
83,66
11400,1820
45,116
958,330
43,77
6600,6927
240,104
2040,6500
98,49
176,64
36,27
1075,743
61,330
18,27
1600,6720
57,84
73,586
218,105
8,9
122,74
321,105
237,672
156,234
87,94
88,188
41,72
8,85
15,132
453,105
79,405
20,58
8,44
5.9,31.15
724,384
201,313
1272,378
33,47
2455,3561
243,378
50,41
201,631
79,405
130,390
87,116
8,19
38,486
83,75
1063,307
88,299
1600,6720
70,35
702,757
6600,2027
9,322
724,215
156,234
176,51
1272,378
7.3,229.45
122,65
539,215
218,261
387,140
126,75
20,39
230,631
8,9
523,132
36,27
106,85
605,24
2455,3388
243,1151
240,82
958,206
55,862
57,55
15,188
41,52
45,116
6400,6051
33,47
43,181
1075,1010
5.9,230.15
2040,6500
40,307
98,70
423,140
73,147
237,672
47,45
453,105
8,85
18,39
321,113
11400,1820
82,672
61,255
50,45
12,39
14,97
6,39
122,65
83,66
724,370
8,45
40,307
453,105
88,188
61,326
82,672
2455,3561
7.3,30.45
1063,514
156,234
1272,80
18,27
6400,56
130,390
240,82
57,55
321,129
230,631
702,51
243,1255
9,322
11400,1820
47,7
539,477
14,97
958,206
218,165
20,29
36,8
605,24
70,29
126,75
201,401
523,1342
8,86
8,86
106,104
15,188
6600,2027
387,140
45,104
50,45
12,39
87,104
33,86
2040,6500
6,58
55,757
38,486
73,507
41,52
43,181
98,70
176,523
5.9,230.15
1600,6720
423,144
237,672
79,294
1075,1010
958,299
130,390
122,73
87,116
57,69
453,105
201,309
230,631
702,145
8,44
43,136
11400,1820
605,24
70,35
321,24
106,85
218,24
8,46
12,28
38,486
1600,6720
523,1342
176,523
41,52
539,477
240,82
73,566
2455,1061
243,1151
47,12
6600,6500
8,9
40,307
15,132
98,49
55,862
50,41
33,47
2040,6500
423,140
20,39
9,322
88,188
45,116
14,97
5.9,254
1272,378
1063,322
83,96
7.3,254
18,27
82,499
6,31
156,234
6400,400
237,486
126,75
1075,743
61,255
724,370
36,27
79,312
387,312
9,322
387,140
20,39
106,85
83,66
98,49
321,209
6600,2027
88,188
14,137
122,65
130,403
1063,216
18,26
61,330
702,757
958,299
7.3,229.45
73,77
605,113
55,757
40,113
724,384
36,39
8,45
8,29
45,116
1075,743
6,31
8,59
240,104
218,165
33,106
70,35
237,672
156,234
43,104
230,406
1600,1349
453,105
11400,1421
539,462
126,75
6400,400
2040,313
41,52
523,1315
1272,378
87,94
82,672
79,237
243,378
50,38
57,55
2455,3561
176,523
15,79
47,7
5.9,230.15
201,631
12,7
423,237
38,486
