2410,1893
3167,3009
15233,2577
3401,2128
600,726
145,6270
1184,1893
11165,11765
252,2128
9234,1887
1613,3215
4224,2411
4847,3316
12556,2128
3306,2213
2459,1743
784,634
1188,3353
536,6092
3193,2425
3922,699
3069,6317
19306,7401
6590,7753
840,2411
148,2411
134,3215
3563,2425
947,2083
3558,5415
724,1336
451,3495
47493,13334
245,699
3238,2403
2950,1968
669,692
1488,692
22444,2247
1597,3560
40,3249
3638,2532
9234,1921
1188,3353
4847,3316
3167,3009
4224,2411
252,2764
3558,2451
1613,3215
947,3740
148,2411
12556,3958
47493,11765
40,3215
22444,2451
3563,2425
145,6270
2459,2691
134,12818
784,634
15233,2577
451,6578
245,1272
3401,2128
1488,634
3238,3249
2410,494
669,692
3193,2425
2950,1968
724,818
6590,10895
3638,2532
3922,699
3306,2213
1597,3560
600,726
1184,1893
19306,3931
536,6092
840,3931
11165,3931
3069,2294
840,3931
2459,2691
1184,3931
3922,699
148,3024
22444,2451
6590,10895
2950,862
3306,2213
1597,3560
134,3215
9234,2425
3167,3898
1488,692
3069,2294
536,3256
1613,3400
947,3740
40,3215
669,692
47493,13334
245,1024
11165,11472
724,818
252,2764
600,1078
19306,7401
4224,2411
4847,6151
3401,2128
3563,2213
451,6578
784,1078
3638,2532
1188,3353
2410,494
3558,5415
12556,3316
145,6270
15233,2451
3193,2588
3238,2588
3238,3378
40,3249
1613,6398
3069,5211
22444,2451
669,692
6590,7753
252,3653
3558,6270
2459,2691
47493,20875
11165,11472
840,2411
1597,2213
3563,2213
2950,862
600,1078
145,6270
1188,3353
784,1078
3638,1012
19306,6174
536,6092
3167,3958
4224,1012
4847,3316
3193,2425
245,1272
3401,2128
3306,2213
1184,1893
9234,1887
451,3495
12556,2128
134,3215
2410,2239
947,1901
724,926
148,2411
1488,692
15233,2577
3922,2004
947,3740
536,6092
1488,926
3069,5211
2459,3898
784,1953
724,666
600,928
1597,3560
3306,5211
15233,3254
4847,6398
451,3495
40,3215
669,692
1613,6236
1188,3353
11165,11765
6590,3256
12556,3316
22444,2451
47493,11765
245,1272
145,6270
3638,2532
2410,2239
4224,2411
3922,699
3238,2403
134,1616
19306,7401
3558,5415
148,2411
840,3931
252,3653
9234,1921
3167,3958
3563,2213
3401,2128
2950,2128
1184,1893
3193,2425
