444,60
18,60
8211,4178.2
352.8,25.2
38,480
636,882
973,1368
120,60
215,60
60,60
10.8,8.4
756,576
370,2120
12,480
444,882
170,192
1772.5,4178.2
90,48
8.4,10.8
599,430
278,420
882,636
1200,756
72,60
480,1924.5
36,31.2
8.4,10.8
252,420
600,432
300,72
117.6,117.6
150,162
2400,162
703,409
300,72
1645.9,4178.2
107,2120
31.2,36
430,599
72,360
48,60
70,239
750,409
1248,192
432,600
648,599
42,60
82,239
114,42
48,60
2120,370
155,98.8
576,756
1368,973
24,60
48,90
1924.5,8211
60,24
192,150
324,360
4178.2,8211
4560,432
62,82
420,360
210,90
97,576
300,60
458,703
409,703
117.6,117.6
162,150
2400,8.4
2460,703
239,82
72,300
360,72
60,300
42,114
240,432
720,72
25.2,36
36,24
50,300
1181,1248
60,300
480,12
1350,12
400,150
571.4,155
98.8,155
360,48
192,170
60,42
324,360
210,90
480,38
4178.2,8211
42,114
12,38
150,162
70,82
60,42
36,24
300,60
48,48
370,2120
8.4,10.8
444,636
400,636
62,82
31.2,36
82,70
98.8,155
8.4,10.8
72,300
120,60
72,360
192,150
2400,150
215,48
117.6,117.6
48,48
60,48
352.8,10.8
599,430
480,1645.9
1248,192
432,600
458,2460
360,36
8211,4178.2
38,12
170,62
600,432
90,48
24,48
2400,8.4
703,409
162,150
1645.9,4178.2
756,576
60,300
60,50
1772.5,4178.2
2120,370
192,62
1200,97
117.6,117.6
155,98.8
239,82
252,60
1368,192
973,400
72,60
420,360
1924.5,4178.2
648,430
42,60
300,300
2460,458
882,636
444,60
25.2,36
278,1248
576,756
18,120
97,1200
720,72
48,90
50,60
750,703
409,703
571.4,98.8
114,42
10.8,8.4
430,599
60,60
300,300
1350,480
36,31.2
4560,2400
360,72
1181,1248
107,2120
240,600
636,444
4560,97
82,70
2400,8.4
300,60
720,360
420,360
1181,1248
98.8,571.4
458,2460
300,300
444,60
36,31.2
117.6,117.6
1200,97
155,571.4
370,2120
60,50
192,150
48,90
1368,973
1350,12
25.2,36
8211,4178.2
430,599
107,370
170,192
162,150
2120,370
239,82
62,82
8.4,10.8
36,24
480,12
360,48
1924.5,4178.2
360,72
432,600
38,12
97,576
70,82
703,750
324,360
18,120
882,150
48,48
600,432
636,150
114,42
756,576
192,170
1248,278
60,60
571.4,98.8
444,150
409,750
72,300
120,60
60,48
278,420
42,114
2400,150
599,430
72,360
1772.5,8211
60,114
750,409
210,90
42,114
576,756
4178.2,8211
8.4,10.8
12,480
480,1645.9
50,60
117.6,117.6
648,430
72,60
240,432
31.2,36
300,300
24,48
352.8,25.2
252,420
1645.9,4178.2
400,636
90,48
215,60
2460,458
10.8,8.4
150,162
973,1368
60,300
48,48
210,48
117.6,117.6
192,170
60,300
720,360
90,48
1368,973
2460,458
576,756
1200,97
4560,2400
107,2120
10.8,8.4
62,82
60,50
48,48
25.2,36
38,12
2400,150
1645.9,4178.2
8211,4178.2
8.4,10.8
360,324
12,480
170,192
72,324
42,60
82,239
36,31.2
97,576
300,300
98.8,155
571.4,155
48,90
1181,1248
70,239
430,599
636,882
192,882
458,2460
155,98.8
1924.5,4178.2
150,2400
60,42
370,2120
444,882
2400,8.4
60,24
400,882
1772.5,4178.2
120,60
162,2400
300,300
480,8211
750,409
72,300
31.2,36
60,60
114,60
300,60
2120,370
324,360
239,82
240,600
409,703
432,600
648,430
215,60
18,120
117.6,117.6
72,60
278,420
42,60
444,60
420,360
50,60
252,60
1350,12
973,1368
1248,192
8.4,10.8
599,430
703,409
480,12
36,48
48,48
600,432
360,48
882,636
24,48
756,576
4178.2,8211
352.8,10.8
120,300
1368,973
210,90
750,409
72,60
1181,1248
62,192
150,192
599,430
60,300
162,192
70,192
239,192
400,636
170,192
600,432
82,192
48,48
430,599
117.6,36
50,60
90,48
2460,458
480,1645.9
97,576
60,324
60,48
117.6,36
25.2,36
31.2,36
12,480
114,42
8.4,10.8
60,42
420,360
636,444
240,432
155,98.8
324,72
4178.2,8211
278,420
42,60
409,750
360,72
432,600
42,60
703,750
300,60
720,72
8.4,10.8
300,300
2120,370
2400,10.8
215,60
192,150
1645.9,4178.2
1350,480
72,360
352.8,117.6
370,2120
444,60
4560,2400
360,36
107,2120
38,12
18,120
300,300
1200,97
1772.5,4178.2
192,170
882,636
36,31.2
756,576
648,430
48,48
480,12
444,636
1924.5,4178.2
571.4,155
48,90
24,48
973,1368
36,48
10.8,8.4
2400,150
252,420
60,50
98.8,155
8211,4178.2
576,756
1248,192
72,300
458,2460
