12,115.005263158
702,115.005263158
423,115.005263158
130,115.005263158
106,115.005263158
1063,115.005263158
387,115.005263158
605,115.005263158
6400,115.005263158
82,115.005263158
539,115.005263158
40,115.005263158
7.3,269.5
126,269.5
70,269.5
9,269.5
230,269.5
6,269.5
38,269.5
47,269.5
523,269.5
55,269.5
14,269.5
83,269.5
11400,269.5
45,154.142857143
958,154.142857143
43,154.142857143
6600,154.142857143
240,154.142857143
2040,154.142857143
98,154.142857143
176,154.142857143
36,154.142857143
1075,154.142857143
61,154.142857143
18,154.142857143
1600,800.924
57,800.924
73,800.924
218,800.924
8,800.924
122,800.924
321,800.924
237,800.924
156,800.924
87,800.924
88,800.924
41,800.924
8,800.924
15,31.5
453,31.5
79,31.5
20,31.5
8,31.5
5.9,31.5
724,31.5
201,31.5
1272,31.5
33,31.5
2455,31.5
243,31.5
50,31.5
201,20.5
79,20.5
130,20.5
87,20.5
8,20.5
38,20.5
83,20.5
1063,20.5
88,20.5
1600,20.5
70,20.5
702,20.5
6600,412.0
9,412.0
724,412.0
156,412.0
176,412.0
1272,412.0
7.3,412.0
122,412.0
539,412.0
218,412.0
387,412.0
126,412.0
20,412.0
230,1058.0
8,1058.0
523,1058.0
36,1058.0
106,1058.0
605,1058.0
2455,1058.0
243,1058.0
240,1058.0
958,1058.0
55,1058.0
57,1058.0
15,384.5
41,384.5
45,384.5
6400,384.5
33,384.5
43,384.5
1075,384.5
5.9,384.5
2040,384.5
40,384.5
98,384.5
423,384.5
73,384.5
237,50.375
47,50.375
453,50.375
8,50.375
18,50.375
321,50.375
11400,50.375
82,50.375
61,50.375
50,50.375
12,50.375
14,50.375
6,50.375
122,816.5
83,816.5
724,816.5
8,816.5
40,816.5
453,816.5
88,816.5
61,816.5
82,816.5
2455,816.5
7.3,816.5
1063,816.5
156,77.625
1272,77.625
18,77.625
6400,77.625
130,77.625
240,77.625
57,77.625
321,77.625
230,77.625
702,77.625
243,77.625
9,77.625
11400,77.625
47,26.5
539,26.5
14,26.5
958,26.5
218,26.5
20,26.5
36,26.5
605,26.5
70,26.5
126,26.5
201,26.5
523,26.5
8,631.5
8,631.5
106,631.5
15,631.5
6600,631.5
387,631.5
45,631.5
50,631.5
12,631.5
87,631.5
33,631.5
2040,631.5
6,631.5
55,367.5
38,367.5
73,367.5
41,367.5
43,367.5
98,367.5
176,367.5
5.9,367.5
1600,367.5
423,367.5
237,367.5
79,367.5
1075,367.5
958,12.6666666667
130,12.6666666667
122,12.6666666667
87,12.6666666667
57,12.6666666667
453,12.6666666667
201,12.6666666667
230,12.6666666667
702,12.6666666667
8,12.6666666667
43,12.6666666667
11400,12.6666666667
605,159.0
70,159.0
321,159.0
106,159.0
218,159.0
8,159.0
12,159.0
38,159.0
1600,159.0
523,159.0
176,159.0
41,159.0
539,159.0
240,296.25
73,296.25
2455,296.25
243,296.25
47,296.25
6600,296.25
8,296.25
40,296.25
15,296.25
98,296.25
55,296.25
50,296.25
33,574.0
2040,574.0
423,574.0
20,574.0
9,574.0
88,574.0
45,574.0
14,574.0
5.9,574.0
1272,574.0
1063,574.0
83,574.0
7.3,574.0
18,14.0
82,14.0
6,14.0
156,14.0
6400,14.0
237,14.0
126,14.0
1075,14.0
61,14.0
724,14.0
36,14.0
79,14.0
387,14.0
9,408.625
387,408.625
20,408.625
106,408.625
83,408.625
98,408.625
321,408.625
6600,408.625
88,408.625
14,408.625
122,408.625
130,408.625
1063,113.5
18,113.5
61,113.5
702,113.5
958,113.5
7.3,113.5
73,113.5
605,113.5
55,113.5
40,113.5
724,113.5
36,113.5
8,113.5
8,261.0
45,261.0
1075,261.0
6,261.0
8,261.0
240,261.0
218,261.0
33,261.0
70,261.0
237,261.0
156,261.0
43,261.0
230,29.0
1600,29.0
453,29.0
11400,29.0
539,29.0
126,29.0
6400,29.0
2040,29.0
41,29.0
523,29.0
1272,29.0
87,29.0
82,29.0
79,12.0
243,12.0
50,12.0
57,12.0
2455,12.0
176,12.0
15,12.0
47,12.0
5.9,12.0
201,12.0
12,12.0
423,12.0
38,12.0
