3647,2286
546,2226
2275,2479
7252,5989
2331,2867
4494,7279
3472,2424
1435,4212
4067,4647
2422,4043
9100,8447
1575,2464
2282,4066
710,2902
2174,4038
3136,5258
2989,4570
2821,4281
19894,8970
13860,8040
847,1729
14973,5876
9135,5173
2583,3006
1603,4008
6405,6007
595,2027
1617,3780
4004,4161
3948,6856
3542,5561
2800,7398
2548,2728
4620,3637
6699,5554
5152,5774
5775,5289
1400,7462
2429,3197
3829,4483
5880,7936
14434,5712
9520,8965
8050,9723
3164,6140
2926,3635
1267,3516
1155,2555
2569,4355
2723,2483
5817,5332
4277,7733
14987,6861
651,2768
8232,6676
3927,3902
3983,6766
3626,5815
3437,5487
9051,6508
2149,3980
5180,7659
12824,5362
4172,3809
2520,2596
6783,4953
3913,4654
3276,2443
23940,11520
10577,6066
2352,8027
3192,4051
5635,4616
805,4051
3941,5004
4977,4919
1876,2332
7854,4734
840,3916
5922,7256
11361,8959
7854,3459
1400,7813
3276,2473
2352,8386
6783,3759
1155,2388
1876,2554
9051,5954
3913,3517
4977,3646
3948,5719
5180,6660
5922,7483
595,1958
10577,5245
9135,4775
2275,2433
4004,4193
3829,3869
2174,3806
14434,5737
805,4338
4172,4783
1575,2580
2723,2739
3136,4081
3164,6075
14987,5422
2429,4055
5635,3869
4067,4933
3192,5739
11361,9065
3472,2168
3927,4068
5152,5548
1435,3433
12824,5652
3626,4735
2149,3825
13860,7296
5880,5769
9100,11207
8232,6380
3437,5587
3647,2308
5775,6458
2569,4841
23940,10172
8050,8424
6405,6309
2548,2614
4494,6213
847,1844
2520,2554
1617,4067
2422,3896
840,4519
9520,11386
14973,7053
6699,7377
2331,3075
2821,4080
4277,7239
7252,5282
3983,7119
710,3126
1603,3130
3542,5879
2989,4643
1267,3550
19894,10168
2926,3631
2800,6782
3941,4963
546,2185
4620,6119
2282,4396
2583,3140
651,3133
5817,5420
4977,4232
2331,2919
3136,5791
2989,5010
3647,2308
5152,5152
9051,5229
1435,4028
5880,8836
6783,4410
2352,8788
3829,3840
2821,4099
10577,4718
2569,4511
3983,6917
3626,4858
2520,3079
14434,4998
5635,4616
3437,4974
1400,5450
2282,4066
14973,6584
4620,4296
2174,3611
3941,2958
19894,8172
3948,6808
13860,7762
2723,2483
710,2801
7252,5516
6699,6631
2149,3980
3192,4760
847,3040
546,2381
3276,2767
2800,6865
1267,3594
4494,7178
2583,3237
7854,4519
840,3564
4277,8389
3913,4654
1575,2608
2429,2425
12824,5597
805,4010
14987,6797
1603,3745
5775,6612
4004,4894
23940,10867
5817,5743
1155,2422
4172,4742
2926,2655
595,2258
9135,5148
651,2117
6405,6020
3927,3773
2422,3791
2275,2539
3164,7190
4067,5160
5180,6954
11361,7362
3542,5981
1876,2444
1617,4069
9520,9049
9100,10103
3472,2524
2548,2702
5922,6900
8232,6162
8050,8110
10577,5566
3913,3851
14973,5974
2723,2198
5152,4843
3276,2586
3164,5601
7854,4228
6405,6020
9100,9568
3983,6490
1876,2215
5922,7632
2275,2439
3192,3865
3472,2466
14434,5481
5635,4925
3647,2086
12824,4426
5180,6447
2282,4928
3437,5775
2926,3341
8232,8405
840,3915
4172,4530
1435,4280
710,2733
4277,7060
2149,3802
6783,4410
1603,3788
651,2868
847,1921
1155,2513
4977,4232
19894,10168
1617,3560
5880,7826
3626,5837
3136,5327
2548,2484
2331,2998
3941,4625
9520,9447
2569,5440
4004,4147
7252,5678
9135,4676
14987,5831
11361,6412
8050,6314
3829,4130
3542,4760
546,2059
2422,3791
13860,6636
4494,5839
9051,6397
3927,3517
5817,4757
6699,6027
5775,6115
2429,3239
2989,3742
595,2466
2583,3519
23940,12446
1400,6947
3948,6664
4067,5251
2174,3841
2520,3709
2352,9272
2821,4609
805,3549
4620,7267
1267,2862
2800,7176
1575,2702
3472,2431
3829,4629
3626,3652
2548,2484
9135,3648
23940,11079
11361,8014
5880,7586
3983,4989
4977,5179
12824,4735
2331,3105
6783,2163
1603,3790
14434,5631
2174,3321
3913,4654
7252,5516
5635,4767
3647,2324
2800,6865
2926,3459
7854,4173
2149,3653
805,3370
710,3345
1435,5947
651,3352
4494,7065
847,3324
1575,2533
3542,5169
9100,10410
8050,8693
2989,4658
4620,5456
14987,6797
595,1958
3276,2473
840,4235
6405,6020
1617,4235
2569,5005
1876,2358
4067,5448
8232,5968
5922,6947
4004,3906
4277,8354
2583,3270
3941,5004
3948,6629
4172,4393
10577,6570
546,2059
9520,9960
19894,10452
3164,6629
14973,7560
3437,6276
3192,5438
5775,6580
2352,7527
3927,4208
2723,2739
2520,2550
3136,4892
13860,8040
6699,5803
1400,6465
5152,5195
1155,2541
2275,3017
2282,4417
2429,3969
9051,5943
2422,3421
2821,3953
5817,5115
5180,7197
1267,3576
