12,20.5
702,20.5
423,20.5
130,20.5
106,20.5
1063,20.5
387,20.5
605,20.5
6400,20.5
82,20.5
539,20.5
40,20.5
7.3,143.75
126,143.75
70,143.75
9,143.75
230,143.75
6,143.75
38,143.75
47,143.75
523,143.75
55,143.75
14,143.75
83,143.75
11400,143.75
45,21.125
958,21.125
43,21.125
6600,21.125
240,21.125
2040,21.125
98,21.125
176,21.125
36,21.125
1075,21.125
61,21.125
18,21.125
1600,27.5
57,27.5
73,27.5
218,27.5
8,27.5
122,27.5
321,27.5
237,27.5
156,27.5
87,27.5
88,27.5
41,27.5
8,27.5
15,384.5
453,384.5
79,384.5
20,384.5
8,384.5
5.9,384.5
724,384.5
201,384.5
1272,384.5
33,384.5
2455,384.5
243,384.5
50,384.5
201,6002.5
79,6002.5
130,6002.5
87,6002.5
8,6002.5
38,6002.5
83,6002.5
1063,6002.5
88,6002.5
1600,6002.5
70,6002.5
702,6002.5
6600,32.5
9,32.5
724,32.5
156,32.5
176,32.5
1272,32.5
7.3,32.5
122,32.5
539,32.5
218,32.5
387,32.5
126,32.5
20,32.5
230,149.0
8,149.0
523,149.0
36,149.0
106,149.0
605,149.0
2455,149.0
243,149.0
240,149.0
958,149.0
55,149.0
57,149.0
15,430.0
41,430.0
45,430.0
6400,430.0
33,430.0
43,430.0
1075,430.0
5.9,430.0
2040,430.0
40,430.0
98,430.0
423,430.0
73,430.0
237,20.5
47,20.5
453,20.5
8,20.5
18,20.5
321,20.5
11400,20.5
82,20.5
61,20.5
50,20.5
12,20.5
14,20.5
6,20.5
122,233.0
83,233.0
724,233.0
8,233.0
40,233.0
453,233.0
88,233.0
61,233.0
82,233.0
2455,233.0
7.3,233.0
1063,233.0
156,21.0
1272,21.0
18,21.0
6400,21.0
130,21.0
240,21.0
57,21.0
321,21.0
230,21.0
702,21.0
243,21.0
9,21.0
11400,21.0
47,141.5
539,141.5
14,141.5
958,141.5
218,141.5
20,141.5
36,141.5
605,141.5
70,141.5
126,141.5
201,141.5
523,141.5
8,197.0
8,197.0
106,197.0
15,197.0
6600,197.0
387,197.0
45,197.0
50,197.0
12,197.0
87,197.0
33,197.0
2040,197.0
6,197.0
55,367.5
38,367.5
73,367.5
41,367.5
43,367.5
98,367.5
176,367.5
5.9,367.5
1600,367.5
423,367.5
237,367.5
79,367.5
1075,367.5
958,867.5
130,867.5
122,867.5
87,867.5
57,867.5
453,867.5
201,867.5
230,867.5
702,867.5
8,867.5
43,867.5
11400,867.5
605,242.0
70,242.0
321,242.0
106,242.0
218,242.0
8,242.0
12,242.0
38,242.0
1600,242.0
523,242.0
176,242.0
41,242.0
539,242.0
240,174.0
73,174.0
2455,174.0
243,174.0
47,174.0
6600,174.0
8,174.0
40,174.0
15,174.0
98,174.0
55,174.0
50,174.0
33,5860.5
2040,5860.5
423,5860.5
20,5860.5
9,5860.5
88,5860.5
45,5860.5
14,5860.5
5.9,5860.5
1272,5860.5
1063,5860.5
83,5860.5
7.3,5860.5
18,104.5
82,104.5
6,104.5
156,104.5
6400,104.5
237,104.5
126,104.5
1075,104.5
61,104.5
724,104.5
36,104.5
79,104.5
387,104.5
9,12.0
387,12.0
20,12.0
106,12.0
83,12.0
98,12.0
321,12.0
6600,12.0
88,12.0
14,12.0
122,12.0
130,12.0
1063,113.5
18,113.5
61,113.5
702,113.5
958,113.5
7.3,113.5
73,113.5
605,113.5
55,113.5
40,113.5
724,113.5
36,113.5
8,113.5
8,463.0
45,463.0
1075,463.0
6,463.0
8,463.0
240,463.0
218,463.0
33,463.0
70,463.0
237,463.0
156,463.0
43,463.0
230,29.0
1600,29.0
453,29.0
11400,29.0
539,29.0
126,29.0
6400,29.0
2040,29.0
41,29.0
523,29.0
1272,29.0
87,29.0
82,29.0
79,785.177546296
243,785.177546296
50,785.177546296
57,785.177546296
2455,785.177546296
176,785.177546296
15,785.177546296
47,785.177546296
5.9,785.177546296
201,785.177546296
12,785.177546296
423,785.177546296
38,785.177546296
