2410,6917
3167,3896
15233,4959
3401,3968
600,4163
145,4704
1184,4934
11165,7773
252,3695
9234,4645
1613,4619
4224,4028
4847,4645
12556,4881
3306,4619
2459,4632
784,3882
1188,4908
536,5831
3193,5635
3922,5631
3069,3521
19306,7519
6590,4901
840,4207
148,4863
134,4584
3563,3934
947,4873
3558,4733
724,3368
451,4754
47493,6856
245,4844
3238,4655
2950,4844
669,2444
1488,2467
22444,3410
1597,4674
40,3216
3638,3874
9234,5295
1188,5295
4847,5295
3167,4138
4224,3855
252,4346
3558,5372
1613,5270
947,3962
148,3535
12556,3418
47493,4936
40,2686
22444,2849
3563,3371
145,3658
2459,3826
134,4804
784,3864
15233,4857
451,5028
245,5187
3401,5213
1488,3697
3238,5017
2410,7267
669,3392
3193,4194
2950,4535
724,7919
6590,4718
3638,4980
3922,5469
3306,5063
1597,5610
600,4088
1184,3910
19306,7404
536,5259
840,4118
11165,7434
3069,3884
840,4169
2459,3644
1184,4327
3922,4141
148,3651
22444,2991
6590,3560
2950,4581
3306,5438
1597,5444
134,5106
9234,5464
3167,4077
1488,3185
3069,4077
536,5681
1613,4080
947,4920
40,4905
669,2323
47493,6766
245,5850
11165,4753
724,3237
252,3483
600,3695
19306,5146
4224,4755
4847,4592
3401,5043
3563,4592
451,4520
784,4017
3638,4467
1188,4342
2410,4528
3558,4433
12556,4571
145,3933
15233,4558
3193,4309
3238,4309
3238,4243
40,3747
1613,4433
3069,3509
22444,3150
669,2354
6590,3745
252,3509
3558,4563
2459,4473
47493,6160
11165,4617
840,4095
1597,5670
3563,3535
2950,4485
600,4067
145,5747
1188,5476
784,3257
3638,4067
19306,7684
536,5476
3167,4101
4224,4640
4847,5250
3193,5048
245,5243
3401,5250
3306,5048
1184,4714
9234,5244
451,4157
12556,3440
134,4022
2410,7383
947,4554
724,7713
148,4848
1488,3643
15233,2993
3922,4344
947,5968
536,5402
1488,3527
3069,4028
2459,4015
784,3463
724,7827
600,4125
1597,4904
3306,4898
15233,4731
4847,5087
451,4662
40,4382
669,4489
1613,4898
1188,3136
11165,4330
6590,3136
12556,3353
22444,2772
47493,4079
245,3850
145,3806
3638,3302
2410,6101
4224,4335
3922,5579
3238,3758
134,4605
19306,7427
3558,4165
148,3352
840,4749
252,4227
9234,5176
3167,4019
3563,5150
3401,5412
2950,5176
1184,5133
3193,5150
