3647,5505.12307692
546,5505.12307692
2275,5505.12307692
7252,5505.12307692
2331,5505.12307692
4494,5505.12307692
3472,5505.12307692
1435,5505.12307692
4067,5505.12307692
2422,5505.12307692
9100,5505.12307692
1575,5505.12307692
2282,5505.12307692
710,5505.12307692
2174,5505.12307692
3136,5505.12307692
2989,3010.77083333
2821,3010.77083333
19894,3010.77083333
13860,3010.77083333
847,3010.77083333
14973,3010.77083333
9135,3010.77083333
2583,3010.77083333
1603,3010.77083333
6405,3010.77083333
595,3010.77083333
1617,3010.77083333
4004,3010.77083333
3948,3010.77083333
3542,3010.77083333
2800,3010.77083333
2548,5075.43076923
4620,5075.43076923
6699,5075.43076923
5152,5075.43076923
5775,5075.43076923
1400,5075.43076923
2429,5075.43076923
3829,5075.43076923
5880,5075.43076923
14434,5075.43076923
9520,5075.43076923
8050,5075.43076923
3164,5075.43076923
2926,5075.43076923
1267,5075.43076923
1155,5075.43076923
2569,6381.33333333
2723,6381.33333333
5817,6381.33333333
4277,6381.33333333
14987,6381.33333333
651,6381.33333333
8232,6381.33333333
3927,6381.33333333
3983,6381.33333333
3626,6381.33333333
3437,6381.33333333
9051,6381.33333333
2149,6381.33333333
5180,6381.33333333
12824,6381.33333333
4172,6381.33333333
2520,3185.0
6783,3185.0
3913,3185.0
3276,3185.0
23940,3185.0
10577,3185.0
2352,3185.0
3192,3185.0
5635,3185.0
805,3185.0
3941,3185.0
4977,3185.0
1876,3185.0
7854,3185.0
840,3185.0
5922,3185.0
11361,3185.0
7854,11690.0
1400,11690.0
3276,11690.0
2352,11690.0
6783,11690.0
1155,11690.0
1876,11690.0
9051,11690.0
3913,11690.0
4977,11690.0
3948,11690.0
5180,11690.0
5922,11690.0
595,11690.0
10577,11690.0
9135,11690.0
2275,5802.125
4004,5802.125
3829,5802.125
2174,5802.125
14434,5802.125
805,5802.125
4172,5802.125
1575,5802.125
2723,5802.125
3136,5802.125
3164,5802.125
14987,5802.125
2429,5802.125
5635,5802.125
4067,5802.125
3192,5802.125
11361,3235.87431694
3472,3235.87431694
3927,3235.87431694
5152,3235.87431694
1435,3235.87431694
12824,3235.87431694
3626,3235.87431694
2149,3235.87431694
13860,3235.87431694
5880,3235.87431694
9100,3235.87431694
8232,3235.87431694
3437,3235.87431694
3647,3235.87431694
5775,3235.87431694
2569,3235.87431694
23940,6013.0
8050,6013.0
6405,6013.0
2548,6013.0
4494,6013.0
847,6013.0
2520,6013.0
1617,6013.0
2422,6013.0
840,6013.0
9520,6013.0
14973,6013.0
6699,6013.0
2331,6013.0
2821,6013.0
4277,6013.0
7252,4574.5
3983,4574.5
710,4574.5
1603,4574.5
3542,4574.5
2989,4574.5
1267,4574.5
19894,4574.5
2926,4574.5
2800,4574.5
3941,4574.5
546,4574.5
4620,4574.5
2282,4574.5
2583,4574.5
651,4574.5
5817,4574.5
4977,696.5
2331,696.5
3136,696.5
2989,696.5
3647,696.5
5152,696.5
9051,696.5
1435,696.5
5880,696.5
6783,696.5
2352,696.5
3829,696.5
2821,696.5
10577,696.5
2569,696.5
3983,696.5
3626,12608.962963
2520,12608.962963
14434,12608.962963
5635,12608.962963
3437,12608.962963
1400,12608.962963
2282,12608.962963
14973,12608.962963
4620,12608.962963
2174,12608.962963
3941,12608.962963
19894,12608.962963
3948,12608.962963
13860,12608.962963
2723,12608.962963
710,12608.962963
7252,3337.875
6699,3337.875
2149,3337.875
3192,3337.875
847,3337.875
546,3337.875
3276,3337.875
2800,3337.875
1267,3337.875
4494,3337.875
2583,3337.875
7854,3337.875
840,3337.875
4277,3337.875
3913,3337.875
1575,3337.875
2429,2660.0
12824,2660.0
805,2660.0
14987,2660.0
1603,2660.0
5775,2660.0
4004,2660.0
23940,2660.0
5817,2660.0
1155,2660.0
4172,2660.0
2926,2660.0
595,2660.0
9135,2660.0
651,2660.0
6405,2660.0
3927,8106.0
2422,8106.0
2275,8106.0
3164,8106.0
4067,8106.0
5180,8106.0
11361,8106.0
3542,8106.0
1876,8106.0
1617,8106.0
9520,8106.0
9100,8106.0
3472,8106.0
2548,8106.0
5922,8106.0
8232,8106.0
8050,8106.0
10577,4936.83076923
3913,4936.83076923
14973,4936.83076923
2723,4936.83076923
5152,4936.83076923
3276,4936.83076923
3164,4936.83076923
7854,4936.83076923
6405,4936.83076923
9100,4936.83076923
3983,4936.83076923
1876,4936.83076923
5922,4936.83076923
2275,4936.83076923
3192,4936.83076923
3472,4936.83076923
14434,7764.29003268
5635,7764.29003268
3647,7764.29003268
12824,7764.29003268
5180,7764.29003268
2282,7764.29003268
3437,7764.29003268
2926,7764.29003268
8232,7764.29003268
840,7764.29003268
4172,7764.29003268
1435,7764.29003268
710,7764.29003268
4277,7764.29003268
2149,7764.29003268
6783,7764.29003268
1603,8919.16666667
651,8919.16666667
847,8919.16666667
1155,8919.16666667
4977,8919.16666667
19894,8919.16666667
1617,8919.16666667
5880,8919.16666667
3626,8919.16666667
3136,8919.16666667
2548,8919.16666667
2331,8919.16666667
3941,8919.16666667
9520,8919.16666667
2569,8919.16666667
4004,8919.16666667
7252,3351.90625
9135,3351.90625
14987,3351.90625
11361,3351.90625
8050,3351.90625
3829,3351.90625
3542,3351.90625
546,3351.90625
2422,3351.90625
13860,3351.90625
4494,3351.90625
9051,3351.90625
3927,3351.90625
5817,3351.90625
6699,3351.90625
5775,3351.90625
2429,8086.75
2989,8086.75
595,8086.75
2583,8086.75
23940,8086.75
1400,8086.75
3948,8086.75
4067,8086.75
2174,8086.75
2520,8086.75
2352,8086.75
2821,8086.75
805,8086.75
4620,8086.75
1267,8086.75
2800,8086.75
1575,8086.75
3472,1995.0
3829,1995.0
3626,1995.0
2548,1995.0
9135,1995.0
23940,1995.0
11361,1995.0
5880,1995.0
3983,1995.0
4977,1995.0
12824,1995.0
2331,1995.0
6783,1995.0
1603,1995.0
14434,1995.0
2174,1995.0
3913,2401.0
7252,2401.0
5635,2401.0
3647,2401.0
2800,2401.0
2926,2401.0
7854,2401.0
2149,2401.0
805,2401.0
710,2401.0
1435,2401.0
651,2401.0
4494,2401.0
847,2401.0
1575,2401.0
3542,2401.0
9100,2162.125
8050,2162.125
2989,2162.125
4620,2162.125
14987,2162.125
595,2162.125
3276,2162.125
840,2162.125
6405,2162.125
1617,2162.125
2569,2162.125
1876,2162.125
4067,2162.125
8232,2162.125
5922,2162.125
4004,2162.125
4277,652.5
2583,652.5
3941,652.5
3948,652.5
4172,652.5
10577,652.5
546,652.5
9520,652.5
19894,652.5
3164,652.5
14973,652.5
3437,652.5
3192,652.5
5775,652.5
2352,652.5
3927,652.5
2723,7681.1875
2520,7681.1875
3136,7681.1875
13860,7681.1875
6699,7681.1875
1400,7681.1875
5152,7681.1875
1155,7681.1875
2275,7681.1875
2282,7681.1875
2429,7681.1875
9051,7681.1875
2422,7681.1875
2821,7681.1875
5817,7681.1875
5180,7681.1875
1267,7681.1875
