130.3,147.008333333
1107.31,147.008333333
287,147.008333333
82.5,252.8
69.9,252.8
336.3,252.8
23.2,721.805
116,721.805
246.9,721.805
86.9,123.15
230.7,123.15
157,123.15
72,108.6
84,108.6
258.7,108.6
230.7,77.25
86.9,77.25
157,77.25
82.5,193.85
72,193.85
23.2,193.85
130.3,121.225
69.9,121.225
287,121.225
84,106.73125
1107.31,106.73125
116,106.73125
246.9,264.80125
336.3,264.80125
258.7,264.80125
1107.31,186.95
69.9,186.95
258.7,186.95
116,721.805
246.9,721.805
130.3,721.805
230.7,100.1
86.9,100.1
72,100.1
84,187.35
82.5,187.35
287,187.35
23.2,83.25
157,83.25
336.3,83.25
336.3,193.85
246.9,193.85
258.7,193.85
23.2,226.15
230.7,226.15
287,226.15
86.9,238.05
72,238.05
84,238.05
69.9,165.1
130.3,165.1
1107.31,165.1
116,252.8
157,252.8
82.5,252.8
287,193.85
86.9,193.85
84,193.85
336.3,224.875833333
23.2,224.875833333
230.7,224.875833333
69.9,232.625
72,232.625
157,232.625
1107.31,115.279166667
130.3,115.279166667
258.7,115.279166667
246.9,153.225
82.5,153.225
116,153.225
