13635,7590.4375
3319,7590.4375
1631,7590.4375
1143,7590.4375
4115,7590.4375
380,7590.4375
593,7590.4375
1173,7590.4375
718,7590.4375
2223,7590.4375
2634,7590.4375
6607,7590.4375
324,7590.4375
2265,7590.4375
1428,7590.4375
5816,7590.4375
669,7590.4375
580,7590.4375
1252,7590.4375
2570,7590.4375
1557,7590.4375
2895,7590.4375
988,7590.4375
676,7590.4375
1113,7590.4375
583,7590.4375
2860,7590.4375
2591,7590.4375
1079,7590.4375
3189,2177.75
5249,2177.75
652,2177.75
5359,2177.75
8600,2177.75
570,2177.75
887,2177.75
2356,2177.75
12646,2177.75
3555,2177.75
4494,2177.75
3483,2177.75
955,2177.75
1304,2177.75
718,2177.75
1532,2177.75
2393,2177.75
1722,2177.75
1388,2177.75
1832,2177.75
1328,2177.75
990,2177.75
3088,2177.75
989,2177.75
5927,2177.75
219,2177.75
630,2177.75
4414,2177.75
1413,2177.75
502,1633.75
5456,1633.75
15673,1633.75
1432,1633.75
3050,1633.75
1003,1633.75
1742,1633.75
995,1633.75
2972,1633.75
286,1633.75
2172,1633.75
2037,1633.75
220,1633.75
322,1633.75
928,1633.75
113930,1633.75
896,1633.75
3966,1633.75
7649,1633.75
3504,1633.75
1877,1633.75
2170,1633.75
763,1633.75
1737,1633.75
321,1633.75
750,1633.75
1455,1633.75
339,1633.75
1884,1633.75
557,3448.59214744
892,3448.59214744
1318,3448.59214744
4009,3448.59214744
6307,3448.59214744
485,3448.59214744
1066,3448.59214744
585,3448.59214744
2029,3448.59214744
5094,3448.59214744
1280,3448.59214744
4068,3448.59214744
726,3448.59214744
1940,3448.59214744
1650,3448.59214744
570,3448.59214744
313,3448.59214744
1016,3448.59214744
5927,3448.59214744
1584,3448.59214744
693,3448.59214744
1698,3448.59214744
1431,3448.59214744
3826,3448.59214744
2964,3448.59214744
2203,3448.59214744
8509,3448.59214744
4824,3448.59214744
1122,3448.59214744
1860,2717.25
2408,2717.25
254,2717.25
1693,2717.25
1425,2717.25
2663,2717.25
980,2717.25
1401,2717.25
437,2717.25
1868,2717.25
654,2717.25
1660,2717.25
1040,2717.25
464,2717.25
2224,2717.25
1832,2717.25
5646,2717.25
5192,2717.25
1939,2717.25
2480,2717.25
302,2717.25
655,2717.25
8656,2717.25
698,2717.25
1159,2717.25
1024,2717.25
1576,2717.25
874,2717.25
322,2717.25
570,14159.5
990,14159.5
1940,14159.5
6307,14159.5
3966,14159.5
980,14159.5
219,14159.5
1557,14159.5
989,14159.5
2356,14159.5
339,14159.5
1328,14159.5
380,14159.5
2964,14159.5
2408,14159.5
5646,14159.5
1693,14159.5
1455,14159.5
13635,14159.5
464,14159.5
113930,14159.5
1832,14159.5
286,14159.5
1122,14159.5
1388,14159.5
693,14159.5
2172,14159.5
2170,14159.5
1877,14159.5
15673,3350.13793103
887,3350.13793103
302,3350.13793103
1939,3350.13793103
1304,3350.13793103
718,3350.13793103
3826,3350.13793103
557,3350.13793103
2037,3350.13793103
1024,3350.13793103
324,3350.13793103
8656,3350.13793103
1860,3350.13793103
1318,3350.13793103
1576,3350.13793103
896,3350.13793103
2570,3350.13793103
995,3350.13793103
583,3350.13793103
322,3350.13793103
502,3350.13793103
1650,3350.13793103
437,3350.13793103
254,3350.13793103
1252,3350.13793103
928,3350.13793103
7649,3350.13793103
2029,3350.13793103
718,3350.13793103
2972,1729.0
1428,1729.0
988,1729.0
669,1729.0
2591,1729.0
750,1729.0
5094,1729.0
1280,1729.0
2860,1729.0
3050,1729.0
698,1729.0
2223,1729.0
874,1729.0
3088,1729.0
1425,1729.0
322,1729.0
1016,1729.0
1584,1729.0
1742,1729.0
1413,1729.0
726,1729.0
1868,1729.0
585,1729.0
1040,1729.0
4115,1729.0
321,1729.0
4068,1729.0
12646,1729.0
5927,1729.0
6607,1784.25
3504,1784.25
892,1784.25
2663,1784.25
4414,1784.25
2895,1784.25
630,1784.25
4009,1784.25
570,1784.25
763,1784.25
2203,1784.25
1003,1784.25
1401,1784.25
2224,1784.25
955,1784.25
655,1784.25
1431,1784.25
313,1784.25
1066,1784.25
220,1784.25
1432,1784.25
4824,1784.25
580,1784.25
1832,1784.25
3319,1784.25
2265,1784.25
1143,1784.25
652,1784.25
5927,1784.25
1631,2252.140625
1722,2252.140625
3555,2252.140625
593,2252.140625
1737,2252.140625
1884,2252.140625
1698,2252.140625
2634,2252.140625
654,2252.140625
1159,2252.140625
2393,2252.140625
1079,2252.140625
8600,2252.140625
1113,2252.140625
3189,2252.140625
485,2252.140625
5816,2252.140625
1173,2252.140625
676,2252.140625
2480,2252.140625
4494,2252.140625
5192,2252.140625
1660,2252.140625
1532,2252.140625
5249,2252.140625
8509,2252.140625
5359,2252.140625
5456,2252.140625
3483,2252.140625
324,3177.98275862
1113,3177.98275862
1428,3177.98275862
2029,3177.98275862
5094,3177.98275862
887,3177.98275862
2634,3177.98275862
655,3177.98275862
1318,3177.98275862
5192,3177.98275862
1832,3177.98275862
1884,3177.98275862
1173,3177.98275862
693,3177.98275862
2480,3177.98275862
1877,3177.98275862
1868,3177.98275862
12646,3177.98275862
2172,3177.98275862
2393,3177.98275862
2203,3177.98275862
1631,3177.98275862
1939,3177.98275862
570,3177.98275862
7649,3177.98275862
980,3177.98275862
988,3177.98275862
1431,3177.98275862
15673,3177.98275862
557,1092.828125
6307,1092.828125
4068,1092.828125
580,1092.828125
1079,1092.828125
339,1092.828125
1122,1092.828125
3189,1092.828125
726,1092.828125
302,1092.828125
321,1092.828125
322,1092.828125
2356,1092.828125
718,1092.828125
2860,1092.828125
4494,1092.828125
2170,1092.828125
1860,1092.828125
8656,1092.828125
874,1092.828125
5927,1092.828125
2224,1092.828125
1066,1092.828125
5359,1092.828125
5646,1092.828125
1693,1092.828125
3555,1092.828125
8600,1092.828125
3826,1092.828125
928,2430.3362069
955,2430.3362069
990,2430.3362069
3966,2430.3362069
4115,2430.3362069
669,2430.3362069
1425,2430.3362069
502,2430.3362069
1650,2430.3362069
1737,2430.3362069
113930,2430.3362069
3504,2430.3362069
485,2430.3362069
1940,2430.3362069
5927,2430.3362069
1280,2430.3362069
1584,2430.3362069
892,2430.3362069
1832,2430.3362069
750,2430.3362069
1304,2430.3362069
4824,2430.3362069
3483,2430.3362069
1159,2430.3362069
630,2430.3362069
1401,2430.3362069
2037,2430.3362069
2265,2430.3362069
3319,2430.3362069
3088,3341.99759615
1698,3341.99759615
896,3341.99759615
6607,3341.99759615
585,3341.99759615
2964,3341.99759615
2663,3341.99759615
593,3341.99759615
989,3341.99759615
1016,3341.99759615
437,3341.99759615
1742,3341.99759615
1413,3341.99759615
286,3341.99759615
570,3341.99759615
2570,3341.99759615
4009,3341.99759615
2895,3341.99759615
2223,3341.99759615
1388,3341.99759615
322,3341.99759615
583,3341.99759615
5249,3341.99759615
464,3341.99759615
1722,3341.99759615
1328,3341.99759615
2972,3341.99759615
1143,3341.99759615
1455,3341.99759615
1003,2020.6875
676,2020.6875
5816,2020.6875
1576,2020.6875
8509,2020.6875
1532,2020.6875
1432,2020.6875
13635,2020.6875
652,2020.6875
2591,2020.6875
995,2020.6875
219,2020.6875
4414,2020.6875
1040,2020.6875
1024,2020.6875
1660,2020.6875
313,2020.6875
1557,2020.6875
763,2020.6875
254,2020.6875
5456,2020.6875
718,2020.6875
220,2020.6875
2408,2020.6875
1252,2020.6875
698,2020.6875
654,2020.6875
3050,2020.6875
380,2020.6875
1737,3858.84077381
1401,3858.84077381
2029,3858.84077381
1159,3858.84077381
676,3858.84077381
1024,3858.84077381
652,3858.84077381
1173,3858.84077381
887,3858.84077381
1698,3858.84077381
380,3858.84077381
1388,3858.84077381
989,3858.84077381
2895,3858.84077381
892,3858.84077381
5456,3858.84077381
1650,3858.84077381
3966,3858.84077381
219,3858.84077381
750,3858.84077381
302,3858.84077381
5249,3858.84077381
2170,3858.84077381
5192,3858.84077381
1016,3858.84077381
1455,3858.84077381
2265,3858.84077381
5816,3858.84077381
1742,3858.84077381
2408,1358.5
990,1358.5
313,1358.5
1660,1358.5
2037,1358.5
3319,1358.5
1252,1358.5
485,1358.5
2203,1358.5
4494,1358.5
1428,1358.5
718,1358.5
2634,1358.5
2223,1358.5
322,1358.5
1432,1358.5
896,1358.5
2663,1358.5
254,1358.5
1940,1358.5
2393,1358.5
8656,1358.5
5359,1358.5
13635,1358.5
874,1358.5
8600,1358.5
1868,1358.5
5927,1358.5
3826,1358.5
654,2256.03448276
1631,2256.03448276
1413,2256.03448276
5646,2256.03448276
1860,2256.03448276
2591,2256.03448276
3088,2256.03448276
4414,2256.03448276
15673,2256.03448276
669,2256.03448276
693,2256.03448276
1431,2256.03448276
1584,2256.03448276
4068,2256.03448276
4824,2256.03448276
580,2256.03448276
1576,2256.03448276
3504,2256.03448276
585,2256.03448276
1939,2256.03448276
570,2256.03448276
113930,2256.03448276
2224,2256.03448276
286,2256.03448276
955,2256.03448276
5094,2256.03448276
220,2256.03448276
6307,2256.03448276
1693,2256.03448276
1066,3028.859375
630,3028.859375
557,3028.859375
718,3028.859375
1532,3028.859375
2964,3028.859375
1143,3028.859375
980,3028.859375
1832,3028.859375
928,3028.859375
1280,3028.859375
1722,3028.859375
339,3028.859375
2480,3028.859375
1122,3028.859375
726,3028.859375
583,3028.859375
3050,3028.859375
4009,3028.859375
655,3028.859375
2860,3028.859375
464,3028.859375
8509,3028.859375
2356,3028.859375
12646,3028.859375
1328,3028.859375
763,3028.859375
1557,3028.859375
6607,3028.859375
437,6007.53125
324,6007.53125
1003,6007.53125
3555,6007.53125
7649,6007.53125
698,6007.53125
1425,6007.53125
3189,6007.53125
3483,6007.53125
2972,6007.53125
593,6007.53125
1304,6007.53125
1318,6007.53125
570,6007.53125
1113,6007.53125
988,6007.53125
1832,6007.53125
1884,6007.53125
5927,6007.53125
322,6007.53125
4115,6007.53125
2172,6007.53125
1079,6007.53125
502,6007.53125
995,6007.53125
1877,6007.53125
2570,6007.53125
321,6007.53125
1040,6007.53125
1431,3048.3046875
1113,3048.3046875
1455,3048.3046875
322,3048.3046875
580,3048.3046875
2037,3048.3046875
5456,3048.3046875
5816,3048.3046875
652,3048.3046875
2223,3048.3046875
654,3048.3046875
995,3048.3046875
698,3048.3046875
113930,3048.3046875
3189,3048.3046875
669,3048.3046875
2408,3048.3046875
6307,3048.3046875
3555,3048.3046875
2570,3048.3046875
485,3048.3046875
1940,3048.3046875
12646,3048.3046875
1698,3048.3046875
1040,3048.3046875
5094,3048.3046875
655,3048.3046875
585,3048.3046875
1860,3048.3046875
593,1912.0
5249,1912.0
2972,1912.0
502,1912.0
1832,1912.0
693,1912.0
1425,1912.0
7649,1912.0
1159,1912.0
2895,1912.0
1304,1912.0
220,1912.0
313,1912.0
1432,1912.0
8509,1912.0
321,1912.0
1650,1912.0
4494,1912.0
8656,1912.0
570,1912.0
630,1912.0
3826,1912.0
1328,1912.0
4824,1912.0
4115,1912.0
887,1912.0
2591,1912.0
15673,1912.0
3483,1912.0
2224,3228.20689655
5927,3228.20689655
989,3228.20689655
5646,3228.20689655
1868,3228.20689655
324,3228.20689655
4068,3228.20689655
8600,3228.20689655
2172,3228.20689655
1066,3228.20689655
1693,3228.20689655
1428,3228.20689655
1939,3228.20689655
3050,3228.20689655
464,3228.20689655
5359,3228.20689655
1143,3228.20689655
1003,3228.20689655
1122,3228.20689655
1318,3228.20689655
896,3228.20689655
2203,3228.20689655
1388,3228.20689655
1024,3228.20689655
302,3228.20689655
1832,3228.20689655
928,3228.20689655
3319,3228.20689655
13635,3228.20689655
557,1336.703125
1173,1336.703125
437,1336.703125
286,1336.703125
1576,1336.703125
955,1336.703125
2964,1336.703125
4009,1336.703125
1532,1336.703125
583,1336.703125
4414,1336.703125
1079,1336.703125
6607,1336.703125
1877,1336.703125
1016,1336.703125
219,1336.703125
2265,1336.703125
380,1336.703125
1722,1336.703125
990,1336.703125
763,1336.703125
2170,1336.703125
750,1336.703125
322,1336.703125
1584,1336.703125
1631,1336.703125
339,1336.703125
718,1336.703125
1660,1336.703125
2480,2767.28125
1884,2767.28125
570,2767.28125
5192,2767.28125
980,2767.28125
2029,2767.28125
2356,2767.28125
5927,2767.28125
676,2767.28125
1742,2767.28125
2860,2767.28125
726,2767.28125
1413,2767.28125
874,2767.28125
3504,2767.28125
892,2767.28125
1737,2767.28125
2393,2767.28125
3088,2767.28125
1252,2767.28125
988,2767.28125
2663,2767.28125
254,2767.28125
2634,2767.28125
3966,2767.28125
1557,2767.28125
1401,2767.28125
718,2767.28125
1280,2767.28125
