1518,767
1261,1005
614,736
1021,4155
5170,2139
10083,3166
3272,2184
1772,2036
3376,1570
12149,6247
921,4297
1087,2026
1807,2052
3268,2052
5208,1932
1273,2719
3280,1837
98,710
87,710
2274,710
1856,2100
112,710
672,1740
2134,8750
1530,2139
14453,5387
257,994
452,994
784,3153
1464,3248
7037,4208
800,2558
7327,3847
1806,1470
326,352
441,1708
8490,4144
1856,2100
257,312
112,312
3272,2730
1518,312
7327,7452
2274,312
3268,1483
14453,4064
98,1125
5170,1005
1021,4155
5208,1005
8490,7161
12149,4743
3280,2773
452,490
326,619
1273,2130
7037,4743
1772,1654
1261,1005
1530,1941
614,1093
3376,1456
87,581
921,4297
784,2627
1464,3034
1806,3134
672,2867
1087,3777
800,2867
2134,8750
10083,4258
441,3726
1807,2867
3376,1639
3280,2322
1273,2130
14453,4902
1807,1456
7327,7174
2134,6940
1856,2280
784,3153
921,5968
614,547
1087,2026
1806,4663
10083,3614
672,1740
7037,5657
2274,352
326,352
1518,352
5170,2139
8490,5720
98,352
12149,6247
87,1126
1021,4576
1261,1005
3268,1941
452,1054
257,1126
1530,2076
441,1708
1772,2100
3272,1708
5208,2549
1464,2047
112,578
800,2549
7037,2741
8490,2856
12149,3107
1807,2558
2134,2928
1261,1005
10083,3614
800,2558
441,1708
14453,5387
452,323
87,323
1518,624
2274,323
5208,1932
784,2608
257,1082
98,1082
326,667
3280,1773
1772,1654
1530,1005
3268,2617
1856,1767
7327,7452
1021,2857
3272,2216
672,2225
5170,2139
1806,4663
921,5968
1464,3145
112,578
1087,2477
1273,2695
614,547
3376,1567
441,2592
1273,2241
1087,2026
3280,2867
1807,1567
1856,2029
7037,7525
614,547
7327,7452
3376,1639
112,490
452,490
1021,2808
5208,1932
672,2842
1806,4663
98,1125
1464,3248
921,4118
800,2773
2134,8750
10083,3686
3272,2184
8490,4379
326,352
2274,223
1518,352
14453,5935
12149,4379
1261,1005
784,2664
257,1085
1772,2139
87,1085
5170,2139
3268,1941
1530,2107
