13635,3031
3319,3374
1631,3361
1143,2489
4115,1853
380,1597
593,2130
1173,2948
718,2268
2223,4011
2634,2482
6607,2489
324,2254
2265,3174
1428,2268
5816,1568
669,2268
580,2875
1252,2268
2570,2804
1557,1486
2895,2255
988,1568
676,2344
1113,1940
583,1308
2860,3670
2591,3267
1079,1952
3189,2566
5249,2441
652,1567
5359,1939
8600,3235
570,1700
887,1808
2356,1939
12646,2646
3555,2072
4494,1939
3483,1922
955,2048
1304,2421
718,1342
1532,1567
2393,1642
1722,1645
1388,2239
1832,1919
1328,1608
990,1589
3088,1988
989,2566
5927,2372
219,1671
630,1567
4414,2590
1413,1567
502,856
5456,2767
15673,4706
1432,2494
3050,1674
1003,1882
1742,1770
995,1336
2972,2079
286,2038
2172,1937
2037,1937
220,1157
322,1974
928,1739
113930,5743
896,2107
3966,2010
7649,2280
3504,1960
1877,1937
2170,2046
763,1693
1737,1837
321,1993
750,1061
1455,1933
339,1937
1884,1093
557,1832
892,1366
1318,1980
4009,2555
6307,3918
485,1465
1066,1943
585,2775
2029,1796
5094,2211
1280,1946
4068,2356
726,3396
1940,1648
1650,1619
570,2372
313,1696
1016,1414
5927,2403
1584,2511
693,2272
1698,2516
1431,2154
3826,3645
2964,1520
2203,1410
8509,3031
4824,2283
1122,3031
1860,2006
2408,1869
254,2195
1693,2397
1425,1864
2663,2618
980,1568
1401,3781
437,2397
1868,2620
654,4089
1660,2493
1040,2176
464,1805
2224,2106
1832,2115
5646,2815
5192,2102
1939,2397
2480,2275
302,2059
655,1662
8656,2006
698,1966
1159,2397
1024,1141
1576,2124
874,2671
322,2910
570,1598
990,2007
1940,1685
6307,3330
3966,2281
980,1685
219,1002
1557,1716
989,1716
2356,2167
339,1736
1328,1624
380,1124
2964,1838
2408,1550
5646,2426
1693,1736
1455,2021
13635,4564
464,1399
113930,5581
1832,1530
286,1791
1122,2033
1388,2167
693,1327
2172,1999
2170,2080
1877,1736
15673,2700
887,2179
302,2146
1939,2130
1304,2266
718,1853
3826,3763
557,2078
2037,2130
1024,1161
324,2016
8656,2280
1860,2266
1318,2567
1576,1881
896,2218
2570,2280
995,2269
583,1602
322,1953
502,1818
1650,2132
437,2130
254,2066
1252,2130
928,1862
7649,2351
2029,2061
718,2130
2972,1957
1428,2056
988,1552
669,2056
2591,3640
750,1578
5094,2772
1280,1551
2860,3007
3050,2459
698,1609
2223,3273
874,2720
3088,1792
1425,1746
322,2713
1016,1861
1584,2679
1742,1647
1413,1551
726,4024
1868,2584
585,2693
1040,1843
4115,2072
321,1656
4068,2109
12646,2796
5927,2147
6607,1866
3504,2147
892,1576
2663,1866
4414,3274
2895,2419
630,1907
4009,1866
570,2153
763,1554
2203,1946
1003,2541
1401,3555
2224,2172
955,2029
655,1925
1431,1825
313,2083
1066,2128
220,2128
1432,1949
4824,2765
580,3555
1832,2057
3319,3415
2265,3014
1143,1866
652,2092
5927,1866
1631,3116
1722,2384
3555,2027
593,1658
1737,2189
1884,1176
1698,2800
2634,1827
654,3614
1159,1733
2393,2048
1079,1804
8600,3022
1113,1647
3189,3326
485,1229
5816,1597
1173,2884
676,1765
2480,2040
4494,1891
5192,1863
1660,2381
1532,1514
5249,1863
8509,2505
5359,2002
5456,2077
3483,1986
324,2499
1113,2372
1428,2119
2029,1664
5094,3392
887,2289
2634,2136
655,1716
1318,2211
5192,2650
1832,2215
1884,1958
1173,3347
693,2114
2480,1610
1877,2298
1868,2273
12646,2034
2172,2169
2393,2334
2203,1934
1631,1743
1939,2328
570,1749
7649,2361
980,1760
988,1678
1431,2147
15673,1946
557,1716
6307,3899
4068,1865
580,3776
1079,1768
339,1968
1122,3776
3189,2481
726,3188
302,2056
321,1537
322,2858
2356,1768
718,1464
2860,3094
4494,1881
2170,3776
1860,2116
8656,2116
874,2366
5927,2124
2224,2000
1066,1647
5359,1709
5646,2075
1693,2189
3555,1566
8600,2715
3826,3632
928,1678
955,1659
990,2058
3966,2066
4115,2098
669,1775
1425,1155
502,883
1650,1677
1737,1555
113930,5570
3504,1995
485,1113
1940,1555
5927,2618
1280,997
1584,2099
892,1044
1832,1507
750,1046
1304,1566
4824,2091
3483,1498
1159,1775
630,848
1401,1721
2037,1775
2265,1559
3319,3112
3088,2438
1698,2293
896,2215
6607,2210
585,2590
2964,3217
2663,2108
593,2338
989,3340
1016,1710
437,1600
1742,3261
1413,1669
286,3217
570,2334
2570,2503
4009,2210
2895,3340
2223,3986
1388,1932
322,2422
583,1648
5249,2527
464,2503
1722,2422
1328,3217
2972,2470
1143,2108
1455,3322
1003,2587
676,1932
5816,1899
1576,2378
8509,2617
1532,1864
1432,2125
13635,3424
652,1828
2591,3312
995,2224
219,1932
4414,3372
1040,2033
1024,1287
1660,2392
313,1748
1557,1755
763,1820
254,2319
5456,2233
718,2041
220,1893
2408,2094
1252,1731
698,1932
654,3701
3050,2415
380,1893
1737,2313
1401,3570
2029,1420
1159,1747
676,1752
1024,1105
652,1669
1173,3692
887,2092
1698,2800
380,1803
1388,2139
989,2553
2895,2491
892,1340
5456,2053
1650,2446
3966,1914
219,1752
750,1700
302,1986
5249,1937
2170,3570
5192,1937
1016,2080
1455,3381
2265,3169
5816,1841
1742,2518
2408,1698
990,2066
313,1722
1660,2568
2037,2279
3319,3809
1252,2279
485,1252
2203,1977
4494,2204
1428,2279
718,1540
2634,1789
2223,3991
322,1883
1432,1651
896,1695
2663,2279
254,1899
1940,2350
2393,2279
8656,1995
5359,1827
13635,2891
874,2556
8600,3267
1868,2282
5927,2279
3826,2566
654,1591
1631,1868
1413,933
5646,2283
1860,1699
2591,2051
3088,2007
4414,2001
15673,4401
669,2072
693,1123
1431,2072
1584,2072
4068,2197
4824,2299
580,1836
1576,1382
3504,1843
585,1699
1939,1906
570,1567
113930,5378
2224,1376
286,1788
955,2088
5094,3515
220,945
6307,3129
1693,2072
1066,2062
630,1953
557,2147
718,2015
1532,1998
2964,1694
1143,2236
980,1861
1832,2104
928,1861
1280,2129
1722,1938
339,2015
2480,1755
1122,3287
726,3265
583,2129
3050,2076
4009,2236
655,1772
2860,3129
464,2036
8509,3287
2356,2274
12646,2776
1328,1694
763,1703
1557,1638
6607,2236
437,1764
324,2417
1003,2000
3555,2047
7649,2173
698,2417
1425,1754
3189,2477
3483,2417
2972,1927
593,2211
1304,2665
1318,2332
570,1820
1113,2375
988,1509
1832,1537
1884,1666
5927,2167
322,2917
4115,2047
2172,2173
1079,1802
502,1721
995,2545
1877,1764
2570,2593
321,1566
1040,2090
1431,1758
1113,1825
1455,1883
322,1728
580,2093
2037,1758
5456,2744
5816,2677
652,1129
2223,2030
654,1746
995,1442
698,976
113930,5507
3189,2007
669,1607
2408,1575
6307,3243
3555,2911
2570,1948
485,1100
1940,1594
12646,4706
1698,1791
1040,1519
5094,3876
655,790
585,1948
1860,1709
593,1742
5249,1987
2972,1843
502,1801
1832,1991
693,1894
1425,1801
7649,2264
1159,1747
2895,2372
1304,2059
220,1750
313,1617
1432,2005
8509,2040
321,1563
1650,1768
4494,2099
8656,2059
570,2087
630,1679
3826,3339
1328,1563
4824,1278
4115,2038
887,2044
2591,3336
15673,2457
3483,1979
2224,2029
5927,2301
989,2563
5646,2028
1868,2590
324,2140
4068,2467
8600,3182
2172,2546
1066,1670
1693,2546
1428,2546
1939,2546
3050,2608
464,2137
5359,1428
1143,2546
1003,1903
1122,2945
1318,2167
896,1825
2203,1836
1388,1974
1024,1171
302,2675
1832,1709
928,1821
3319,3385
13635,2945
557,2178
1173,3498
437,2404
286,2307
1576,2332
955,2326
2964,2384
4009,2404
1532,2170
583,1787
4414,3305
1079,2430
6607,2404
1877,2404
1016,2105
219,1854
2265,3213
380,2075
1722,2382
990,2027
763,1662
2170,3676
750,1981
322,2788
1584,2404
1631,3100
339,2404
718,2404
1660,2382
2480,2547
1884,1856
570,1907
5192,2412
980,2614
2029,1856
2356,1973
5927,2424
676,1949
1742,2574
2860,3253
726,3806
1413,1480
874,2580
3504,1615
892,1137
1737,2401
2393,2011
3088,2048
1252,1650
988,2401
2663,2199
254,2231
2634,1910
3966,2412
1557,1649
1401,3710
718,1598
1280,1480
