3647,3276
546,595
2275,1876
7252,4977
2331,2989
4494,3437
3472,1155
1435,847
4067,7854
2422,4172
9100,9520
1575,2548
2282,3913
710,651
2174,2583
3136,5817
2989,2331
2821,5635
19894,14434
13860,11361
847,1435
14973,3437
9135,3626
2583,2174
1603,1155
6405,6699
595,546
1617,2569
4004,2174
3948,3164
3542,6699
2800,5817
2548,1575
4620,4004
6699,6405
5152,5180
5775,3983
1400,11361
2429,1435
3829,5635
5880,13860
14434,5817
9520,9100
8050,11361
3164,3948
2926,3276
1267,1575
1155,3472
2569,1617
2723,1575
5817,3136
4277,3948
14987,6699
651,1435
8232,4494
3927,840
3983,5775
3626,2926
3437,4494
9051,7854
2149,3829
5180,14434
12824,3948
4172,4977
2520,2583
6783,3626
3913,9051
3276,2926
23940,9520
10577,6699
2352,13860
3192,4172
5635,3829
805,2422
3941,2275
4977,7252
1876,3472
7854,9051
840,3927
5922,5775
11361,13860
7854,4067
1400,5880
3276,2926
2352,13860
6783,3626
1155,3472
1876,3472
9051,6405
3913,2282
4977,7252
3948,3164
5180,3983
5922,5775
595,546
10577,6699
9135,3626
2275,3647
4004,4620
3829,2149
2174,2583
14434,6699
805,840
4172,4977
1575,2548
2723,3647
3136,5817
3164,3948
14987,4494
2429,1435
5635,2149
4067,7854
3192,840
11361,8050
3472,1155
3927,840
5152,5180
1435,847
12824,3948
3626,2926
2149,3829
13860,9520
5880,1400
9100,9520
8232,4494
3437,4494
3647,3276
5775,3983
2569,1617
23940,9100
8050,11361
6405,3829
2548,1575
4494,3437
847,651
2520,2583
1617,2569
2422,805
840,3927
9520,9100
14973,3437
6699,14434
2331,2989
2821,2149
4277,3948
7252,4977
3983,5180
710,1435
1603,1155
3542,6699
2989,2331
1267,2548
19894,14434
2926,3276
2800,3136
3941,2275
546,595
4620,4004
2282,3913
2583,2174
651,1435
5817,3136
4977,7252
2331,2520
3136,5817
2989,5817
3647,3276
5152,5180
9051,7854
1435,847
5880,1400
6783,3626
2352,13860
3829,5635
2821,5635
10577,7854
2569,1617
3983,5180
3626,2926
2520,2583
14434,6699
5635,3829
3437,4494
1400,5880
2282,3913
14973,4494
4620,4004
2174,2583
3941,2275
19894,14987
3948,3164
13860,11361
2723,1575
710,651
7252,4977
6699,14434
2149,3829
3192,4172
847,1435
546,595
3276,2926
2800,5817
1267,2548
4494,3437
2583,2520
7854,9051
840,3927
4277,3948
3913,2282
1575,2548
2429,1435
12824,3164
805,840
14987,4277
1603,3136
5775,3983
4004,2174
23940,9520
5817,3136
1155,3472
4172,4977
2926,3276
595,546
9135,3626
651,710
6405,6699
3927,840
2422,4172
2275,3647
3164,3948
4067,7854
5180,3983
11361,13860
3542,6699
1876,1155
1617,2569
9520,13860
9100,13860
3472,1155
2548,1575
5922,5775
8232,4494
8050,14973
10577,6699
3913,2282
14973,3437
2723,1575
5152,5180
3276,2926
3164,3948
7854,9051
6405,6699
9100,9520
3983,5180
1876,1155
5922,5775
2275,3647
3192,840
3472,1155
14434,6699
5635,3829
3647,3276
12824,3948
5180,3983
2282,3913
3437,4494
2926,3276
8232,4494
840,3927
4172,4977
1435,847
710,651
4277,3948
2149,3829
6783,3626
1603,5817
651,1435
847,1435
1155,3472
4977,7252
19894,14434
1617,7854
5880,1400
3626,2926
3136,5817
2548,1575
2331,2989
3941,2275
9520,9100
2569,7854
4004,2174
7252,4977
9135,3626
14987,4277
11361,3626
8050,14973
3829,5635
3542,4277
546,595
2422,4172
13860,9100
4494,3437
9051,7854
3927,840
5817,3136
6699,14434
5775,3983
2429,1435
2989,2331
595,546
2583,3276
23940,9520
1400,5880
3948,4277
4067,7854
2174,4004
2520,2331
2352,13860
2821,2149
805,840
4620,5775
1267,2548
2800,5817
1575,2548
3472,1155
3829,5635
3626,2926
2548,1575
9135,2926
23940,9520
11361,13860
5880,1400
3983,5180
4977,7252
12824,3164
2331,2989
6783,2723
1603,1155
14434,6699
2174,2583
3913,2282
7252,4977
5635,3829
3647,3276
2800,5817
2926,3276
7854,9051
2149,3829
805,840
710,2569
1435,2429
651,2429
4494,3437
847,2723
1575,2548
3542,6699
9100,9520
8050,11361
2989,2331
4620,6699
14987,4494
595,546
3276,2926
840,3927
6405,6699
1617,7854
2569,7854
1876,3472
4067,7854
8232,4494
5922,5775
4004,2174
4277,3542
2583,2174
3941,2275
3948,12824
4172,4977
10577,7854
546,595
9520,9100
19894,14434
3164,7252
14973,4494
3437,4494
3192,840
5775,3983
2352,13860
3927,840
2723,1575
2520,2583
3136,2989
13860,11361
6699,14434
1400,5880
5152,5775
1155,3472
2275,3647
2282,3913
2429,1435
9051,7854
2422,4172
2821,5635
5817,2989
5180,3983
1267,2548
