2,29.2875419339
1.2,20.4466412379
4,-265.773401675
22,-465.309471695
4,-360.718898834
2,-48.0292017327
1,-32.8835575504
18,-2975.44018398
5,-829.33438654
3,135.157943288
4.5,57.8204527857
2.1,24.8275061793
2.1,-25.9502600953
1,-22.110685882
22,-957.859960662
4,-354.90560949
1.2,61.952329896
2,41.4881644286
5,655.740373368
4.5,-82.2181470862
18,-2210.15431645
2,104.473847542
3,260.189065665
4,601.241382702
2,97.0597591665
4,357.08409326
1.2,77.9572318952
1,35.8512987139
3,189.44240214
2,38.1320612814
4.5,80.6568315992
4,-380.922124173
18,-1885.41923263
22,-1244.83056524
5,-978.634754697
2.1,-51.4714360486
3,222.736230505
5,708.929212402
2.1,-36.1603061093
18,-2622.84694262
1.2,-94.7899499495
2,-63.1750851907
22,-1279.84539985
4,-509.461273643
4.5,-93.8259722749
1,10.3799523917
2,27.1722443549
4,97.7643795205
4,-581.014896987
4.5,-107.068727562
2,-26.2590848101
3,-133.125002337
22,-1041.54834465
2,-105.521906025
18,-2934.77808956
2.1,31.0169211212
1.2,57.3780875288
4,106.667981428
5,226.593514069
1,8.88229907768
