61.2,15.05
3.6,15.05
28.8,15.05
10.8,15.05
8,49.65
11.1,49.65
12.9,49.65
7.5,49.65
15.8,49.65
102.4,22.9545454545
2.9,22.9545454545
12,22.9545454545
11.8,22.9545454545
0.5,22.9545454545
4.9,41.15
38.1,41.15
19,41.15
8.9,41.15
6.1,41.15
18.3,7.3375
4.1,7.3375
10,7.3375
21.1,7.3375
105.2,7.3375
11.8,5.1375
102.4,5.1375
8,5.1375
4.9,5.1375
8.9,5.8875
12.9,5.8875
11.1,5.8875
28.8,5.8875
21.1,5.8875
10,12.35
3.6,12.35
19,12.35
105.2,12.35
15.8,12.35
12,11.98125
10.8,11.98125
38.1,11.98125
2.9,11.98125
4.1,11.98125
18.3,13.125
0.5,13.125
6.1,13.125
61.2,13.125
7.5,13.125
4.1,3.3
11.1,3.3
61.2,3.3
8.9,3.3
2.9,5.1
4.9,5.1
21.1,5.1
0.5,5.1
8,5.1
15.8,5.2
6.1,5.2
19,5.2
11.8,5.2
105.2,5.2
7.5,20.05
28.8,20.05
10.8,20.05
10,20.05
12,20.05
3.6,5.1
102.4,5.1
18.3,5.1
12.9,5.1
38.1,5.1
15.8,24.2125
19,24.2125
6.1,24.2125
12,24.2125
2.9,13.3
12.9,13.3
8,13.3
18.3,13.3
10,13.3
4.9,23.875
61.2,23.875
8.9,23.875
21.1,23.875
28.8,23.875
11.1,5.1
7.5,5.1
105.2,5.1
10.8,5.1
11.8,5.1
4.1,13.3
3.6,13.3
38.1,13.3
0.5,13.3
102.4,13.3
28.8,17.05
21.1,17.05
8,17.05
38.1,17.05
102.4,9.3
10.8,9.3
15.8,9.3
10,9.3
61.2,9.3
0.5,6.87142857143
7.5,6.87142857143
18.3,6.87142857143
105.2,6.87142857143
4.9,6.87142857143
3.6,24.8666666667
2.9,24.8666666667
12,24.8666666667
6.1,24.8666666667
19,24.8666666667
11.8,7.8
4.1,7.8
12.9,7.8
11.1,7.8
8.9,7.8
