4047,5179
1060,2911
25910,16753
4620,8706
845,2696
1520,3339
963,3111
5931,5726
1651,4455
796,4534
11039,7144
7105,8190
3600,3706
10000,6463
7871,7269
583,2689
7451,11499
5787,2001
4557,2802
1755,1299
63694,11108
13700,4073
1233,3315
1745,1642
11900,8931
5578,2100
1100,1212
7184,4129
37286,11891
14000,10984
5100,5620
8117,2644
18500,13703
3440,5155
3850,8794
2957,6296
9369,2273
6816,5734
1981,4121
4224,2380
4150,8828
39479,26016
3240,8345
9700,4284
5279,7412
2565,4038
2826,4083
1798,12384
1450,3042
21272,5332
2330,3110
8752,3217
9125,5576
4456,6110
15052,22603
4300,2162
900,4738
8710,7113
7320,5575
11023,5254
6800,7054
10447,10656
796,4134
845,2422
11039,7144
1745,2057
2957,5070
13700,4523
2565,4038
5279,7961
10000,6463
8752,4147
8117,4606
9700,4578
8710,7113
900,4738
63694,12778
6800,7054
4557,2802
21272,9918
1651,3222
7320,6707
11900,8539
39479,9843
4224,3804
5931,10884
4150,5866
6816,5164
3850,7373
7184,6633
4456,5889
1520,2505
5578,3859
2330,1956
18500,13385
9125,5849
3240,8345
7105,5331
4620,11684
3600,3773
963,2591
5100,5620
10447,11199
4047,4861
583,2689
1100,3313
15052,24496
2826,4512
37286,10435
14000,10984
7871,7269
25910,16916
4300,2162
3440,4496
9369,5076
5787,2001
11023,22839
1450,3937
7451,8522
1233,3950
1798,7976
1060,2046
1755,2429
1981,3921
2957,5070
8117,2193
1755,1396
4456,6110
11900,6469
13700,4073
4047,2760
7184,6231
3600,1985
4620,11684
2565,4038
900,4362
6800,7263
1233,4009
583,1342
1745,1358
6816,5327
5578,2100
5279,7412
1520,3271
3440,5155
9369,3923
1981,2011
11023,7365
796,4134
3240,8345
11039,7144
2826,5575
14000,18601
5787,1668
10447,10656
2330,3085
845,2210
8752,4147
1100,3343
7451,10819
4557,2802
18500,13703
7105,5109
10000,14347
15052,22603
4150,5474
1651,3651
8710,5593
25910,15459
5100,4565
9125,5688
21272,6557
3850,6801
37286,13909
4224,2635
63694,9773
9700,4799
4300,4202
1798,10123
1450,3937
963,2416
39479,11376
7871,6299
5931,10163
1060,2157
7320,6707
10000,6655
8752,4147
845,2422
1100,4114
1745,2457
7105,5098
11900,5854
5578,4201
39479,23011
9700,4578
963,2850
13700,4523
4224,3665
63694,11108
1520,3730
2565,3327
4300,4868
3440,4595
1450,3937
2330,2912
4150,8828
3850,8794
25910,16916
1755,1025
21272,7118
37286,10435
7184,5328
6816,5371
15052,22603
4557,2802
14000,10435
3240,7944
9369,5076
5100,3480
5787,1668
4456,4825
11023,5892
18500,13703
3600,3773
7871,6299
2826,4083
11039,6174
6800,5581
4047,2760
4620,12572
8710,7113
7320,4599
1651,4358
10447,11364
5279,7634
8117,4678
2957,6214
583,4003
9125,5667
7451,8522
900,5012
1060,1902
1798,11739
1233,2360
1981,4912
796,4280
5931,10884
1520,2505
7451,11499
3240,8153
9700,4799
15052,24496
4300,2364
9125,5737
18500,13703
7871,7269
796,4134
1450,3937
5931,9778
6800,5220
7105,5098
4224,2380
10000,14825
1745,1358
11023,7519
8117,3930
8752,5871
3850,4490
1981,1815
2330,3110
13700,4010
3600,1985
7184,6067
6816,5371
4150,7471
39479,23011
2565,2132
9369,4044
10447,10815
7320,6303
5787,1668
5100,4329
4047,2760
4557,2802
25910,16916
21272,10431
8710,7113
2826,5575
1798,8957
845,2354
2957,6878
963,2962
1755,2550
11900,8539
4620,8706
11039,7144
900,5012
63694,11108
1060,1902
1233,3748
583,4287
3440,5155
5578,4177
4456,6110
14000,10939
1100,4090
37286,11727
1651,4824
5279,5616
