130.3,110.25625
1107.31,110.25625
287,110.25625
82.5,175.000625
69.9,175.000625
336.3,175.000625
23.2,181.413125
116,181.413125
246.9,181.413125
86.9,175.881875
230.7,175.881875
157,175.881875
72,179.625625
84,179.625625
258.7,179.625625
230.7,175.881875
86.9,175.881875
157,175.881875
82.5,194.438125
72,194.438125
23.2,194.438125
130.3,175.094375
69.9,175.094375
287,175.094375
84,123.8375
1107.31,123.8375
116,123.8375
246.9,152.925625
336.3,152.925625
258.7,152.925625
1107.31,115.8
69.9,115.8
258.7,115.8
116,174.719375
246.9,174.719375
130.3,174.719375
230.7,181.194375
86.9,181.194375
72,181.194375
84,177.200625
82.5,177.200625
287,177.200625
23.2,173.263125
157,173.263125
336.3,173.263125
336.3,152.925625
246.9,152.925625
258.7,152.925625
23.2,171.738125
230.7,171.738125
287,171.738125
86.9,190.363125
72,190.363125
84,190.363125
69.9,123.825
130.3,123.825
1107.31,123.825
116,183.325625
157,183.325625
82.5,183.325625
287,176.925625
86.9,176.925625
84,176.925625
336.3,168.656875
23.2,168.656875
230.7,168.656875
69.9,186.863125
72,186.863125
157,186.863125
1107.31,112.025
130.3,112.025
258.7,112.025
246.9,177.706875
82.5,177.706875
116,177.706875
