444,33.6
18,33.6
8211,33.6
352.8,33.6
38,33.6
636,33.6
973,33.6
120,33.6
215,33.6
60,33.6
10.8,33.6
756,33.6
370,33.6
12,33.6
444,33.6
170,33.6
1772.5,33.6
90,33.6
8.4,647.716216216
599,647.716216216
278,647.716216216
882,647.716216216
1200,647.716216216
72,647.716216216
480,647.716216216
36,647.716216216
8.4,647.716216216
252,647.716216216
600,647.716216216
300,647.716216216
117.6,647.716216216
150,647.716216216
2400,647.716216216
703,647.716216216
300,647.716216216
1645.9,647.716216216
107,647.716216216
31.2,336.971428571
430,336.971428571
72,336.971428571
48,336.971428571
70,336.971428571
750,336.971428571
1248,336.971428571
432,336.971428571
648,336.971428571
42,336.971428571
82,336.971428571
114,336.971428571
48,336.971428571
2120,336.971428571
155,336.971428571
576,336.971428571
1368,336.971428571
24,336.971428571
48,33.6
1924.5,33.6
60,33.6
192,33.6
324,33.6
4178.2,33.6
4560,33.6
62,33.6
420,33.6
210,33.6
97,33.6
300,33.6
458,33.6
409,33.6
117.6,33.6
162,33.6
2400,33.6
2460,33.6
239,33.6
72,126.0
360,126.0
60,126.0
42,126.0
240,126.0
720,126.0
25.2,126.0
36,126.0
50,126.0
1181,126.0
60,126.0
480,126.0
1350,126.0
400,126.0
571.4,126.0
98.8,126.0
360,126.0
192,126.0
60,126.0
324,753.0
210,753.0
480,753.0
4178.2,753.0
42,753.0
12,753.0
150,753.0
70,753.0
60,753.0
36,753.0
300,753.0
48,753.0
370,753.0
8.4,753.0
444,753.0
400,753.0
62,753.0
31.2,753.0
82,180.0
98.8,180.0
8.4,180.0
72,180.0
120,180.0
72,180.0
192,180.0
2400,180.0
215,180.0
117.6,180.0
48,180.0
60,180.0
352.8,180.0
599,180.0
480,180.0
1248,180.0
432,180.0
458,180.0
360,180.0
8211,171.0
38,171.0
170,171.0
600,171.0
90,171.0
24,171.0
2400,171.0
703,171.0
162,171.0
1645.9,171.0
756,171.0
60,171.0
60,171.0
1772.5,171.0
2120,171.0
192,171.0
1200,171.0
117.6,171.0
155,2975.35
239,2975.35
252,2975.35
1368,2975.35
973,2975.35
72,2975.35
420,2975.35
1924.5,2975.35
648,2975.35
42,2975.35
300,2975.35
2460,2975.35
882,2975.35
444,2975.35
25.2,2975.35
278,2975.35
576,2975.35
18,2975.35
97,2975.35
720,115.125
48,115.125
50,115.125
750,115.125
409,115.125
571.4,115.125
114,115.125
10.8,115.125
430,115.125
60,115.125
300,115.125
1350,115.125
36,115.125
4560,115.125
360,115.125
1181,115.125
107,115.125
240,115.125
636,115.125
4560,55.0
82,55.0
2400,55.0
300,55.0
720,55.0
420,55.0
1181,55.0
98.8,55.0
458,55.0
300,55.0
444,55.0
36,55.0
117.6,55.0
1200,55.0
155,55.0
370,55.0
60,55.0
192,55.0
48,55.0
1368,55.0
1350,55.0
25.2,55.0
8211,55.0
430,55.0
107,55.0
170,55.0
162,55.0
2120,55.0
239,55.0
62,55.0
8.4,55.0
36,55.0
480,55.0
360,55.0
1924.5,55.0
360,55.0
432,55.0
38,119.5
97,119.5
70,119.5
703,119.5
324,119.5
18,119.5
882,119.5
48,119.5
600,119.5
636,119.5
114,119.5
756,119.5
192,119.5
1248,119.5
60,119.5
571.4,119.5
444,119.5
409,119.5
72,117.6
120,117.6
60,117.6
278,117.6
42,117.6
2400,117.6
599,117.6
72,117.6
1772.5,117.6
60,117.6
750,117.6
210,117.6
42,117.6
576,117.6
4178.2,117.6
8.4,117.6
12,117.6
480,117.6
50,117.6
117.6,186.0
648,186.0
72,186.0
240,186.0
31.2,186.0
300,186.0
24,186.0
352.8,186.0
252,186.0
1645.9,186.0
400,186.0
90,186.0
215,186.0
2460,186.0
10.8,186.0
150,186.0
973,186.0
60,186.0
48,186.0
210,524.25
117.6,524.25
192,524.25
60,524.25
720,524.25
90,524.25
1368,524.25
2460,524.25
576,524.25
1200,524.25
4560,524.25
107,524.25
10.8,524.25
62,524.25
60,524.25
48,524.25
25.2,524.25
38,524.25
2400,180.0
1645.9,180.0
8211,180.0
8.4,180.0
360,180.0
12,180.0
170,180.0
72,180.0
42,180.0
82,180.0
36,180.0
97,180.0
300,180.0
98.8,180.0
571.4,180.0
48,180.0
1181,180.0
70,180.0
430,180.0
636,414.45
192,414.45
458,414.45
155,414.45
1924.5,414.45
150,414.45
60,414.45
370,414.45
444,414.45
2400,414.45
60,414.45
400,414.45
1772.5,414.45
120,414.45
162,414.45
300,414.45
480,414.45
750,414.45
72,55.0
31.2,55.0
60,55.0
114,55.0
300,55.0
2120,55.0
324,55.0
239,55.0
240,55.0
409,55.0
432,55.0
648,55.0
215,55.0
18,55.0
117.6,55.0
72,55.0
278,55.0
42,55.0
444,55.0
420,198.0
50,198.0
252,198.0
1350,198.0
973,198.0
1248,198.0
8.4,198.0
599,198.0
703,198.0
480,198.0
36,198.0
48,198.0
600,198.0
360,198.0
882,198.0
24,198.0
756,198.0
4178.2,198.0
352.8,198.0
120,117.6
1368,117.6
210,117.6
750,117.6
72,117.6
1181,117.6
62,117.6
150,117.6
599,117.6
60,117.6
162,117.6
70,117.6
239,117.6
400,117.6
170,117.6
600,117.6
82,117.6
48,117.6
430,180.0
117.6,180.0
50,180.0
90,180.0
2460,180.0
480,180.0
97,180.0
60,180.0
60,180.0
117.6,180.0
25.2,180.0
31.2,180.0
12,180.0
114,180.0
8.4,180.0
60,180.0
420,180.0
636,180.0
240,180.0
155,117.6
324,117.6
4178.2,117.6
278,117.6
42,117.6
409,117.6
360,117.6
432,117.6
42,117.6
703,117.6
300,117.6
720,117.6
8.4,117.6
300,117.6
2120,117.6
2400,117.6
215,117.6
192,117.6
1645.9,56.0
1350,56.0
72,56.0
352.8,56.0
370,56.0
444,56.0
4560,56.0
360,56.0
107,56.0
38,56.0
18,56.0
300,56.0
1200,56.0
1772.5,56.0
192,56.0
882,56.0
36,56.0
756,56.0
648,56.0
48,16.8
480,16.8
444,16.8
1924.5,16.8
571.4,16.8
48,16.8
24,16.8
973,16.8
36,16.8
10.8,16.8
2400,16.8
252,16.8
60,16.8
98.8,16.8
8211,16.8
576,16.8
1248,16.8
72,16.8
458,16.8
