395,455
374,399
3148,2759
190,204
11719,6196
1028,628
7490,13700
237,313
2971,2013
1916,2319
1249,1496
16042,15353
8227,4737
7824,3319
3566,1626
7263,8178
212,267
1238,779
687,705
2321,798
1278,1112
7060,9599
440,537
1984,2319
1930,1754
729,855
2446,4192
10200,7060
2999,1084
929,1533
5732,4427
4504,4338
817,1490
4150,2361
4164,2477
500,449
6138,2732
1121,1647
448,830
14520,9599
4158,2494
3800,4192
640,877
1167,1685
2836,1490
54620,23711
1262,1021
903,1125
2540,3896
780,2060
3500,2910
5242,5371
2387,2385
950,896
3133,2010
1061,1626
4622,4219
1134,777
3437,1624
15165,8745
5333,5242
3214,1839
352,1028
2941,2660
1035,1570
9094,7117
619,786
498,793
883,1647
1434,1315
3655,6652
246,507
1158,1555
8702,5700
570,442
1704,2166
2108,2163
1532,994
526,556
941,3802
1451,1036
7575,18110
26,229
3322,1804
553,575
1741,2382
358,331
3762,898
601,374
911,367
10222,8178
2112,4192
1017,359
2385,520
2684,3016
1126,833
700,376
191,1446
1644,1932
3877,2753
1525,1070
3006,2920
300,349
676,910
183,278
668,1049
705,317
32760,18510
1293,558
281,585
2683,2092
1265,1190
2933,1991
1607,1827
176,366
784,550
2835,2827
540,1339
3612,1866
3431,1743
380,1028
3193,2051
3646,1950
5639,6122
720,504
631,990
2552,995
2326,1721
5196,1493
28855,25268
25217,2807
736,1379
16921,16649
1788,908
2109,1669
1661,2205
129,238
17607,10493
16788,5681
646,515
1007,1119
481,691
406,324
7505,4727
5053,2611
1171,365
7762,4427
2002,2341
566,915
2019,1350
252,267
742,548
25401,13640
943,459
8549,4654
1514,741
281,1303
4112,3122
665,1070
2988,2637
1785,1498
3630,1755
2994,3793
239,1839
286,238
871,463
22920,10941
5432,6940
247,317
4723,2058
584,809
2597,243
893,1787
34085,20001
499,815
440,1492
13130,10790
683,1526
1101,1135
338,1028
5400,4727
8470,6260
5532,2416
114,142
408,1680
1211,1055
6068,4800
801,627
334,176
774,432
4800,2753
500,449
976,1070
3372,6196
973,739
2496,6196
2400,3527
486,327
564,1348
5533,3847
2532,1931
580,2538
3238,939
2054,3445
220,615
1464,920
893,1065
770,505
6821,4130
225,207
354,632
2038,2653
1186,976
1039,795
1829,6065
2027,2239
410,731
2450,3468
252,156
8663,6712
2347,3098
349,487
6844,5897
2553,4130
5103,4404
2082,551
803,797
1139,929
201,369
400,449
1786,1106
528,1179
2856,1006
2672,1344
2362,1892
605,1037
3191,1051
4086,4369
246,426
2515,4039
2333,2002
450,386
2974,1531
436,412
2185,1140
3503,1233
1200,2526
1817,914
1333,1409
3711,2913
117,542
1243,1634
5841,3383
5597,5043
43303,28502
3532,1210
19699,11746
2566,1751
3995,3847
2435,2604
1073,1223
1210,1879
27000,31213
1584,3137
1853,1550
5800,5580
3434,953
3585,4039
2395,934
13528,19576
2600,787
1076,2592
300,430
140,365
1049,787
26408,29783
1634,1722
145,291
2459,965
16560,12559
1417,359
1775,376
305,505
1248,3548
7443,8290
2520,2002
249,731
387,1634
1396,2681
7091,2222
296,1394
3348,5757
812,668
8046,3027
8740,5440
1869,3482
976,1029
80,495
6416,4039
4416,2049
2310,982
8716,7107
10942,8091
136,214
417,376
569,1116
534,1718
5727,2913
16357,11503
686,2240
752,2071
21014,21664
778,1250
392,1116
3189,2049
2551,2973
563,1271
4945,9642
1896,4338
2064,1722
1754,1226
3287,1718
3853,4764
2391,1642
3219,1411
1313,1826
2521,3763
2360,1787
1244,421
4301,2967
1223,2220
3677,7107
211,1624
591,1466
1393,249
140,293
148,104
667,1460
311,119
1080,1456
503,1326
399,500
3675,4764
1724,941
997,1616
9720,6804
597,934
49034,31213
14938,8858
198,629
3546,1721
3201,1485
25482,30246
1238,797
470,362
2306,2878
1823,2626
2299,3415
701,445
909,824
2604,1604
600,1412
3303,4556
1686,2057
4054,2331
562,899
477,771
937,2470
544,552
764,822
5482,5710
601,644
3088,3650
1001,548
170,934
293,249
1694,1717
4019,4764
5864,6119
4695,4773
4947,2935
9409,7189
827,1166
560,1303
2933,2039
1404,2505
454,249
763,893
2890,1624
25054,14365
13919,16415
328,578
2244,1116
2791,1827
2430,2168
1694,1319
1668,1826
241,170
2445,2356
344,1155
2565,709
3748,2119
2184,904
3368,1543
579,341
11388,8393
29399,20065
285,1432
4630,1223
391,383
494,193
12551,11672
2508,913
4266,14798
6765,2454
1557,1435
4867,8742
7459,3649
4900,1814
11045,4959
13752,4399
776,548
3638,3348
1482,1842
1538,4395
1801,1854
1383,1107
2741,1172
594,1935
2014,613
471,1028
1727,1049
1251,680
341,637
6063,3792
3703,1818
5650,3108
1050,648
2952,2279
1939,2266
2040,877
9296,4169
2640,1466
702,378
4551,4411
1358,1146
906,404
404,444
11490,8742
4955,3110
442,142
1362,877
992,1950
204,796
5757,3044
789,563
3344,1814
5876,3538
3981,917
33028,38017
2533,505
1586,718
5078,1560
691,1074
329,418
2194,912
8706,4274
1440,1824
2078,2119
10080,4260
2088,3649
2639,1028
3132,5681
1708,1585
4815,2540
7816,8742
915,1302
762,3099
3234,797
15039,5810
899,1241
8111,3238
667,1365
617,652
1213,797
10398,2337
1817,3511
2542,2348
1512,480
16179,5262
89,471
1579,1560
2738,1884
36046,31986
22500,11327
483,295
3986,1871
338,650
1246,2719
349,463
498,1950
212,448
129,255
2002,2341
2835,4616
2310,1058
1708,1570
2306,2466
3148,1187
80,677
691,2131
591,1466
665,723
183,308
380,489
601,644
3762,2809
499,355
1238,898
4112,2613
2941,2681
300,349
1080,1631
683,229
417,376
1200,2526
600,305
2566,397
1293,558
2988,3511
646,565
778,1250
580,3833
883,2902
338,650
2565,709
6138,2765
540,574
1211,1429
736,729
2088,3649
25482,27549
4945,8802
2387,2385
5482,3406
503,1388
2738,1884
1243,1210
3532,1000
700,2154
2078,2119
701,521
5078,1560
442,142
6063,3792
3006,2075
9094,9545
1512,480
1396,2681
190,565
2385,2120
2639,1636
1440,1824
387,1142
2321,923
8702,5385
471,1466
2600,1084
2890,2141
1417,489
1186,566
617,652
1482,1842
281,2154
5597,5043
22500,11327
252,537
4815,2540
3238,1000
5639,5788
601,463
817,1490
2553,4130
1139,929
1121,2311
400,449
702,718
211,2141
667,475
2446,2532
4158,2494
4900,2210
1244,421
89,521
893,1636
486,844
16179,8193
22920,7303
1028,628
584,513
328,694
579,341
2326,1692
1869,3482
5841,4602
1210,1879
2400,17149
1249,1496
1724,941
5400,5580
2445,1895
3748,2894
801,627
528,1179
3981,1901
903,951
4504,4338
338,510
241,272
500,475
21014,25945
6765,2454
3612,1866
560,1933
1434,3230
311,180
5103,3268
2435,2604
11045,7231
1134,988
329,418
16921,25945
2952,2279
2994,4506
562,899
399,450
1694,671
296,1394
5727,2894
406,919
2856,803
352,1028
5196,1871
5732,3958
2532,1931
4054,1767
687,593
3201,2346
2064,2082
1073,1223
937,1902
5532,2354
2552,2500
2082,2390
570,372
34085,21544
4019,3764
2496,6196
4695,2346
2109,510
1167,608
569,952
198,629
1464,783
1668,1826
7816,5333
5432,2956
1916,1241
117,692
667,1769
374,399
1050,572
5242,6153
871,451
4723,2058
899,1241
1801,2082
2791,2371
10222,8178
7263,5174
1223,1425
43303,17154
2974,2778
1362,877
1584,1032
3234,628
454,272
28855,20921
1823,2504
2515,3171
1001,593
742,593
2450,2458
148,197
534,1718
7443,9841
2194,912
803,406
5650,3108
1853,1550
2672,1917
566,915
114,837
500,449
3546,1712
27000,22979
2604,1604
3566,2455
1607,1766
812,1726
1984,1454
1007,1119
1930,1754
2933,1913
3646,1869
36046,22168
8470,3926
239,1839
676,941
1049,787
404,510
1076,1036
201,277
13528,19576
140,667
640,877
3344,3726
5757,2600
3214,1448
553,610
15165,8745
789,687
4164,2477
1514,1446
136,214
997,933
1313,1242
8227,4737
3995,3095
8716,7698
1333,2224
33028,39216
176,478
8740,5440
763,893
3372,3086
597,934
16357,5015
3191,2827
1126,952
4955,4575
17607,11165
9409,6541
14520,6564
1451,1036
3503,2339
2244,1256
2542,2351
440,437
564,480
2999,1084
10200,3385
470,362
764,822
976,1029
1213,915
2038,1147
483,295
915,1302
1634,1355
10080,10235
976,1070
1251,680
5053,1842
526,556
391,584
720,504
7505,4727
54620,23711
246,507
13130,6564
249,315
780,2060
2391,1007
893,1065
1404,2505
1896,3334
2362,1616
8549,4654
3585,4039
3431,2990
3437,1624
145,667
140,365
4622,4219
1644,1932
1278,1112
2108,2020
594,1080
1393,1568
1786,432
1383,938
8663,6712
25054,16483
729,1582
204,1017
237,313
29399,34537
1661,860
8706,5757
281,1303
8046,7444
1686,1876
1939,2257
11719,6196
247,272
2112,2699
752,1701
4947,2935
300,190
477,598
1061,1065
3703,2223
943,1614
5533,3835
2683,941
1101,1799
1586,727
1246,1504
1265,1190
4800,1882
774,432
2836,1490
2551,3786
1788,1302
1775,376
4867,8742
4630,2597
4150,1276
3348,5757
1158,376
2640,376
3088,2834
1017,381
2014,834
1754,1090
408,801
3877,1882
285,1074
1829,2857
9720,5733
1785,955
2027,2239
3303,4643
2333,1478
3638,1882
354,632
2185,1758
3193,2812
2360,293
6416,2935
8111,3238
7762,4427
7575,2812
25217,2807
906,521
2040,877
2184,1806
1171,375
448,406
3219,2313
440,1492
4301,1379
7824,2500
3287,886
191,686
2508,1966
3133,667
544,727
1262,983
4266,10711
3434,953
1358,1146
7459,3649
2597,686
26,165
1238,1771
1704,2647
3322,1930
436,412
3986,6016
5333,2481
1525,1070
1035,990
25401,13640
4551,2841
619,786
973,792
11490,8742
1741,2067
341,408
2395,1824
2347,3255
494,188
941,624
2520,2002
26408,29783
450,386
686,2240
2540,3528
3711,2913
32760,18832
286,190
13752,4482
631,990
246,521
3675,4764
358,428
605,1013
3655,6452
392,644
5864,6380
9296,4362
4086,4369
992,1950
395,432
4416,3601
827,880
1248,3841
668,788
6821,4130
2971,2827
563,1271
293,350
776,844
1538,4395
12551,9912
334,308
16560,7756
1039,1028
7091,3435
929,1533
7490,12548
5876,4254
2933,1991
950,402
410,844
3677,5606
3630,2616
481,217
220,225
19699,7852
3189,3981
16788,5681
1817,3855
3132,5681
344,875
13919,7714
770,346
909,824
2430,2911
911,502
7060,7840
10942,8091
252,350
1817,1908
2521,5134
10398,2337
1694,1862
170,923
1579,1113
14938,8858
2684,3016
762,7611
1727,1289
2741,1518
2299,3415
3368,1661
15039,6859
225,190
5800,6493
2533,1456
2019,1111
49034,31213
1532,994
305,346
784,450
3853,4776
2459,965
11388,8393
6068,9091
2054,3445
16042,6824
705,820
6844,3823
1557,1435
3800,2532
3500,3273
3877,3334
2988,1439
380,877
4551,4411
2002,2222
2604,1485
2533,1456
705,249
246,776
3566,2455
1896,4219
477,629
49034,31213
1383,2210
1121,1451
28855,30045
27000,31213
4416,3601
1538,3848
328,942
4955,3110
329,418
1801,2217
2741,1518
700,376
1557,1435
311,119
3348,4698
1101,1352
3201,1485
454,270
7443,9841
170,923
13919,11403
691,2131
1440,1824
2064,2217
1482,1842
2435,2604
148,372
5757,3044
503,1200
281,2119
7263,7544
1525,1409
442,1626
436,859
640,877
5400,5580
1223,2220
619,786
440,1492
780,2060
16560,12559
801,316
4723,2058
2553,4130
1158,1555
2835,4616
3748,2119
2078,2119
5482,3794
374,399
5597,5871
1775,376
395,471
114,837
1246,2222
300,349
16921,23711
601,644
5876,3794
2391,871
4164,2477
12551,17939
1817,914
701,165
145,1626
3322,1754
25401,13640
4086,4369
6416,4039
1661,2205
1634,1722
8702,5700
1293,558
417,403
2542,1448
25054,17939
601,610
2532,1931
3986,6253
687,705
344,875
2014,648
140,1626
1984,2781
400,449
1238,784
1238,797
5053,1842
220,545
15039,4219
1607,1766
2971,4130
2088,3649
2445,2356
3193,3567
3655,6652
5432,3376
17607,13649
249,593
883,1862
3677,5606
594,1261
3995,3095
1167,934
239,1839
440,437
1333,2224
778,1443
4945,9642
2974,1879
1532,1430
943,593
21014,25945
605,1037
591,1466
937,2454
992,1241
212,448
7575,2812
247,353
1754,1226
1393,478
915,679
198,629
10080,3719
2038,2442
1251,1582
3006,3162
528,1179
1171,506
448,406
1686,1876
5532,2220
929,1533
4019,4604
3189,3782
2508,1586
5196,1871
544,1239
7091,2220
358,331
293,353
973,693
1579,1560
646,135
2360,1787
950,402
9720,10381
729,1582
789,563
597,934
481,234
1512,480
1049,787
899,1241
1080,2733
3853,4604
8111,6240
201,369
774,432
752,2064
1916,1241
6765,2454
3500,2919
1139,1008
2597,243
2299,3270
8046,3027
2184,2608
2112,2699
7490,11345
3503,1233
5864,6380
580,3841
204,796
1396,2681
354,1531
7824,2579
43303,28502
500,449
3344,2988
736,729
2108,1884
976,1701
3088,2352
2362,2154
2321,1482
2551,4093
1050,572
562,899
1213,797
25482,30246
2640,1466
483,394
3234,859
117,692
911,618
8716,7698
286,177
1035,990
1829,4410
237,451
2600,990
305,346
404,444
190,565
2565,709
570,509
1451,1709
10222,6065
5533,3847
4150,684
2430,803
392,1040
2890,1032
817,2252
5078,1341
3981,917
387,1462
3630,2696
16042,11310
1741,2067
352,1028
2019,1111
3703,1284
80,677
2400,3726
1788,1302
5333,3896
4301,2967
16788,10167
871,451
617,792
2446,2532
3646,1950
14938,8858
1007,1119
4266,14798
720,690
5727,3729
5650,6866
997,933
16179,9821
13528,19576
1708,1585
676,657
296,1394
2738,5364
2520,2002
4158,4402
2994,3793
1243,1634
2082,941
338,1028
1265,1190
33028,39216
3800,3772
893,1787
4815,1823
600,305
391,476
2933,2039
2684,3541
1704,1482
2999,1084
4800,3757
285,995
2385,1276
8740,5440
2040,877
8470,7866
9296,4169
534,1718
4947,4774
3148,1489
281,585
3219,1743
4504,4737
2109,510
7505,4727
1823,2504
7060,9599
11045,4905
500,449
4630,1593
2941,421
1073,1223
553,836
2310,1058
16357,11118
22500,11214
191,1446
36046,23983
300,190
5800,5580
2552,2907
26408,16063
8663,6712
2515,3171
252,476
584,809
3132,5681
3434,953
25217,3983
1434,2292
1817,3511
827,1018
2496,6196
1464,920
3638,3348
526,556
1028,747
6063,2322
566,747
1939,1187
5841,3383
1417,510
6138,2732
241,497
3532,1543
667,1266
2326,1721
19699,9997
2856,1490
3133,1626
5103,3268
1017,381
1785,1897
341,408
8549,4654
334,206
410,844
3287,1521
4112,2444
1694,1278
6844,1718
3612,2680
2683,1456
4867,8742
471,490
211,1624
498,1454
499,727
1694,1230
2027,2239
2521,3763
909,824
136,311
2395,1960
246,426
8227,4740
686,1422
10398,2337
784,450
399,500
406,757
1786,1261
941,624
34085,21544
10942,8091
3368,1661
1076,2592
2387,3988
4695,2346
5242,4602
225,207
3238,1272
3431,2788
29399,23079
2836,1490
26,165
812,668
486,844
4054,2331
1724,1132
976,1029
1869,3482
3303,5134
349,622
11490,8742
1404,1764
15165,9919
1244,421
9409,7189
450,356
89,497
1061,1378
3546,5286
2540,4392
2952,2279
776,548
3437,1624
183,308
1249,882
893,553
3372,6196
3214,1839
1001,497
540,574
770,372
5732,3932
3191,2680
54620,23711
2933,3081
1586,997
762,3099
6068,6196
668,788
7762,5431
1134,574
5639,6991
1248,2311
564,556
1358,1280
631,990
11388,9074
494,320
9094,7117
2791,1932
903,891
2054,2647
13752,4399
14520,6196
470,362
140,361
3762,898
1262,904
2639,1900
10200,7060
560,1179
906,404
742,548
7816,8742
8706,5757
32760,35767
1039,1060
2333,1247
803,797
4622,4219
7459,3649
1644,1932
667,475
6821,4219
1668,1826
563,1541
4900,2948
1126,833
1362,877
1186,684
579,341
2347,3255
569,952
2459,2286
1930,1754
763,893
2244,1064
1584,1533
2672,1917
1727,523
2450,2458
665,891
1278,2397
683,229
1200,7261
702,378
2185,1140
252,372
2566,1594
129,255
3675,4764
176,548
1853,1550
22920,10551
3711,2913
11719,6196
1210,6652
1313,1826
408,644
1514,1446
1211,1429
13130,12333
3585,4039
2194,912
2306,1491
338,650
764,822
10222,6065
584,809
9296,4169
1930,2627
1396,1572
293,353
3238,1151
4164,1244
770,505
4112,2613
25482,27549
5400,4134
1817,1908
1134,527
1788,679
1243,1326
13130,3802
6068,3796
579,341
526,556
204,796
3675,4764
1200,2526
2054,3445
1482,1842
6138,2765
1869,2886
973,523
909,793
1211,1151
2683,1456
3585,4039
16179,9821
13528,9348
5650,6442
380,877
4800,3757
3133,2010
500,449
3532,3952
49034,31213
400,449
3088,4133
1741,2370
1754,1649
950,402
1050,648
300,349
801,627
2088,3086
3981,5818
3303,4643
563,1271
5597,5043
667,877
569,952
305,505
1017,550
3986,6253
296,1394
3655,6652
3191,2185
3711,2913
25401,11736
1532,994
2306,1696
486,844
1126,833
591,437
883,906
14520,3936
3148,1187
2027,3842
893,1065
2108,2518
170,923
2542,1391
2600,787
9094,9545
3219,2570
2604,2161
1333,1566
3189,3397
252,156
10080,10235
354,1531
4695,5330
5078,1633
16560,10235
4266,14474
2430,2911
1039,795
201,277
1801,1854
404,510
481,234
7060,3802
10942,8091
2014,960
349,577
702,718
8227,4737
5757,3044
1278,1848
2400,4324
1694,1143
1362,1250
7091,1126
22920,6453
564,1284
3503,2339
1817,3415
16788,10494
1853,3137
560,1303
28855,25268
34085,21544
2064,1722
2333,1359
6416,4039
334,176
7505,4727
5841,3383
776,548
22500,11327
736,729
778,1250
33028,39216
1584,2328
1823,2504
190,723
9409,5888
3287,1083
742,548
5482,3234
7816,7544
1249,893
1434,3163
871,677
1251,680
7263,7544
148,372
1210,1879
220,225
1035,1570
812,668
5732,4427
1223,2455
601,453
7824,2579
8740,5440
4945,8802
762,3099
3800,3939
597,797
3214,2424
1440,1685
2185,1736
1001,497
27000,22979
2112,2699
8549,4654
4551,4411
1661,3033
1586,727
311,136
498,1255
2994,3793
780,2531
5196,1871
374,424
2890,1320
2672,1685
2988,2637
7762,4427
686,2240
2532,1931
241,191
11719,6196
3638,3334
2038,2106
566,915
3434,1126
5876,3567
1775,376
2299,3415
129,269
80,677
7459,3649
16357,11503
4630,1593
329,723
1121,1647
1404,1661
26408,20001
2184,1631
246,507
3437,1624
285,1432
646,495
11388,8393
5800,5580
1607,1766
729,2358
3677,5606
1139,929
43303,28502
8470,7866
2385,2120
899,1241
1634,1013
1724,941
3368,1661
4900,680
2109,510
976,1070
2553,4130
25054,14365
1451,361
534,1546
477,650
640,898
701,445
1829,4410
1785,1634
281,585
239,2187
1101,1352
399,500
2450,2131
976,1029
1896,4219
594,1012
784,450
2565,709
8702,2518
117,450
4815,3185
752,1315
911,792
5333,6564
2446,2532
540,1817
553,836
7443,9841
1358,2187
252,499
4150,1899
2040,1151
338,898
2933,1913
3877,3334
358,343
36046,41031
300,190
1238,893
3703,2223
1171,506
191,1446
774,432
2999,1084
2836,1242
929,1384
2362,2154
1262,1021
5053,1867
8663,3270
15039,6859
600,305
1644,1932
1313,1242
1704,2647
617,652
19699,11746
352,1028
2835,4616
454,270
436,412
3344,680
32760,35767
2521,3763
2395,1960
544,1239
2552,995
943,593
763,893
2078,2119
2435,2118
176,548
4867,8742
2194,912
1708,720
212,448
29399,30014
2347,3255
1512,480
3853,3847
2551,1355
3748,2119
1538,6710
2597,243
9720,6804
2741,1518
471,1028
13919,12725
140,361
915,1660
1694,671
1238,718
4622,4219
16921,23711
1073,1660
17607,13872
1916,1241
803,797
1248,1862
16042,8682
4086,956
2738,2067
1007,2719
3234,859
225,207
1080,1831
2952,2279
1417,510
494,366
3193,6710
391,476
395,361
2533,1456
5532,5262
211,1624
2019,1350
903,1065
2459,3281
3132,4221
392,644
54620,30246
328,694
2496,6196
665,718
14938,8858
448,361
2971,2013
1213,797
1158,2207
89,471
941,1842
4301,2967
827,1018
2974,1879
764,695
1244,765
2387,1729
5727,5987
1786,1355
705,249
3322,1754
1393,249
145,1626
3566,2387
817,1490
2326,1200
3612,2614
2791,1932
4504,6052
6063,4311
11490,8742
4054,4506
2684,3016
140,503
470,975
683,506
789,650
406,919
440,1492
3646,1957
4723,2402
1265,1190
4955,3110
1246,2719
528,2014
2566,510
3201,2346
1061,1626
13752,4399
687,705
417,302
249,315
26,247
1076,1036
2445,1729
344,859
4158,2494
4947,4221
442,1277
992,1241
676,941
2391,1659
114,837
1984,2781
3372,3086
893,1636
286,177
720,504
3500,931
7490,12548
605,1037
499,797
2508,786
2856,1490
483,391
3006,2920
6765,2454
3546,3220
1167,1822
1727,422
1939,1187
906,687
1514,1446
3762,2233
8046,7303
562,899
21014,21201
281,1303
500,399
136,192
1186,566
937,1902
691,843
10398,2337
6844,3823
4416,3601
440,331
570,537
3431,2788
3348,4591
15165,18719
450,386
408,801
1579,1560
237,313
387,537
668,788
5103,3268
1293,558
7575,3639
1049,1913
2941,2681
10200,7060
8111,7346
2002,2341
2520,3696
580,2538
1686,2057
2310,1446
6821,4130
410,844
3995,3011
1525,877
1383,1899
5533,3011
503,1200
25217,6265
5639,5788
2244,1256
631,990
1028,684
2933,1991
2540,6564
5864,3793
5242,3201
2640,1466
601,569
2321,798
5432,2532
183,190
2360,1787
1557,1245
619,786
2082,1123
11045,5096
4019,3764
1464,920
246,426
198,234
247,272
341,480
1668,2074
700,376
8716,7698
667,475
2515,3647
8706,4167
12551,4761
338,650
3630,1614
2639,901
997,933
1482,831
7575,18110
477,428
4695,2644
136,214
4622,4219
2064,1722
2552,995
285,1432
5732,4427
471,1028
2002,2341
1073,1223
1126,833
2040,1250
241,191
4723,2402
1238,797
2521,3763
1817,728
1464,920
8716,7698
470,362
170,598
1001,497
4416,2069
329,440
943,366
25401,13640
198,446
54620,23711
498,1950
1211,1429
22500,15051
2496,2219
417,376
903,951
3877,3334
2244,1064
486,365
3566,2387
3431,2788
4086,1166
2540,6564
1265,920
16179,8193
503,851
803,797
2639,1166
220,326
2553,4219
7762,4427
5597,2365
5533,3835
117,658
640,877
5333,6564
374,399
387,1003
3503,2339
3132,5681
190,440
1393,249
1049,787
776,548
1823,1808
4164,2477
2310,1303
191,1446
770,278
601,644
2508,913
3219,1411
9094,7117
338,612
354,786
5482,3406
1584,2354
5532,2416
140,365
406,919
1061,1626
4955,4575
201,369
526,612
667,1581
2738,2067
1007,2341
239,1839
729,855
442,142
1186,798
1139,929
3148,930
7490,3748
992,1950
12551,4761
49034,34537
973,792
1512,1318
448,455
436,859
1171,537
3748,1303
762,3012
281,1303
1134,527
3500,3273
3703,2223
5103,4404
534,1718
1984,2319
1293,558
36046,31213
1916,745
1158,1123
237,490
3434,4049
3762,898
8111,3238
13130,6564
2019,1111
691,1074
19699,11386
247,272
6765,2454
2604,1604
2445,2356
1050,484
812,1778
1694,1862
4551,4411
338,1028
281,585
344,859
1668,1826
4947,2935
2994,2648
13919,16415
1249,882
5757,3044
1694,671
22920,7303
296,1394
358,343
2640,1123
148,294
686,2240
11719,5618
5727,2894
2683,2558
915,1302
204,796
553,836
1939,2266
2395,1824
27000,31213
440,1492
736,1058
1727,867
1579,1113
2551,1355
2082,551
483,295
2532,1931
3677,5606
5053,1770
997,1510
2027,2239
176,548
2109,510
499,632
1538,4395
1251,680
10942,7290
2450,2131
3303,3012
1785,1634
43303,31470
1039,795
1661,2205
211,2141
1607,1272
395,455
2112,2699
883,1604
1396,2681
11045,6380
1080,1456
4150,1123
563,1271
7816,8742
7443,7290
246,776
569,556
1440,1824
3546,1712
617,652
2321,798
1853,3137
778,1443
4019,4693
5650,3108
1896,4338
3437,1504
1586,727
391,383
2185,1736
17607,13649
2856,1490
11388,8393
2974,2603
4266,25945
454,525
619,786
3193,3567
2672,1917
481,234
2014,648
2459,593
665,1070
7263,5174
5639,5788
774,432
668,788
252,820
1246,1504
145,291
8702,5700
11490,6155
4301,2967
5876,4254
705,820
10398,3047
3368,1661
1200,901
929,1533
10222,6341
789,563
7091,2220
1514,1446
3585,4039
3675,4764
2890,1572
909,824
2108,2020
1278,1112
494,193
1775,376
25054,14365
1213,2253
1223,897
13752,4399
2054,3926
3189,2683
1434,2292
3006,1223
1708,1585
293,244
2430,2164
16560,6457
3214,2424
817,2252
560,1303
3234,1037
7060,9599
2326,1924
7459,3649
500,449
2988,2651
683,229
2038,2442
3800,2532
252,537
1313,2252
8227,4737
544,552
6416,4039
2565,709
1869,3482
16042,15353
8549,4654
1244,421
700,376
2333,2002
1358,1280
3133,2010
827,901
5196,1871
352,1028
14520,5700
1028,747
5432,2532
15039,6859
976,1701
1076,2592
34085,34392
566,964
4630,1223
1417,510
4867,8742
600,1412
763,729
10080,10235
3986,6016
2533,904
2741,1518
2306,2107
580,2538
1525,877
702,273
328,326
400,449
26,142
2184,904
5800,692
311,273
1829,5710
3532,955
1262,1021
183,194
1017,381
4945,8802
899,1488
2542,1391
4504,2886
7505,2660
286,346
1557,1435
676,941
3711,7073
8470,3926
5864,4852
1724,1442
5400,2691
404,170
3322,1754
941,1084
1167,934
305,411
1404,1661
1333,1409
3655,992
129,194
1210,4284
591,1391
1121,787
4800,3757
300,672
2684,3016
893,1065
450,386
2194,912
2435,1550
1644,1932
2446,2532
8706,5100
3348,7925
950,2306
1817,3511
410,844
21014,21201
911,421
2971,2827
3981,1436
2597,243
2078,2138
6068,10095
246,426
8046,3359
9720,10381
1248,3548
28855,20921
2360,1787
9409,5440
3344,7073
3238,1227
1532,994
25217,5091
976,1507
341,408
631,990
3630,2696
300,449
114,837
2566,2615
225,361
80,371
2362,714
2941,2681
1704,1839
720,504
26408,25846
15165,18719
564,877
29399,34537
2347,3255
1383,938
2387,2385
3287,718
871,463
801,316
500,450
937,1902
3201,3649
906,370
1801,1854
2835,3999
6138,3541
1741,2067
2088,3649
2391,1771
1035,1287
2400,15975
2600,1287
646,135
764,822
597,934
1686,2004
893,1787
2933,3081
784,208
6844,3237
380,877
13528,19576
33028,39216
440,331
667,1649
1788,908
3612,1866
1362,877
16357,11503
6063,2371
1451,714
780,3291
392,644
3995,4604
14938,8858
579,341
4158,4402
2791,2371
570,331
140,293
752,2064
2933,1913
2836,1242
2385,520
32760,18832
3853,3847
8740,4602
5078,1633
5841,4602
3646,1950
701,267
3638,3334
1101,1572
9296,4169
349,463
2952,2279
540,129
8663,6712
2299,3415
5242,4334
594,418
1786,1487
605,1037
25482,30246
4054,1767
399,450
408,893
528,1179
7824,2579
584,809
249,315
1634,3802
687,593
6821,4711
1238,784
212,718
3191,2185
3372,6196
562,867
1930,2627
4112,2613
2999,1084
1243,1326
89,267
1754,1649
16788,11229
601,1241
3088,3650
16921,17112
742,705
4900,1814
4815,3185
10200,7060
334,170
2520,2002
2515,3647
