130.3,147.008333333
1107.31,147.008333333
287,147.008333333
82.5,108.6
69.9,108.6
336.3,108.6
23.2,721.805
116,721.805
246.9,721.805
86.9,252.8
230.7,252.8
157,252.8
72,108.6
84,108.6
258.7,108.6
230.7,77.25
86.9,77.25
157,77.25
82.5,252.5625
72,252.5625
23.2,252.5625
130.3,233.459166667
69.9,233.459166667
287,233.459166667
84,106.73125
1107.31,106.73125
116,106.73125
246.9,264.80125
336.3,264.80125
258.7,264.80125
1107.31,154.4
69.9,154.4
258.7,154.4
116,721.805
246.9,721.805
130.3,721.805
230.7,187.35
86.9,187.35
72,187.35
84,187.35
82.5,187.35
287,187.35
23.2,83.25
157,83.25
336.3,83.25
336.3,193.85
246.9,193.85
258.7,193.85
23.2,226.15
230.7,226.15
287,226.15
86.9,226.15
72,226.15
84,226.15
69.9,165.1
130.3,165.1
1107.31,165.1
116,252.8
157,252.8
82.5,252.8
287,153.2125
86.9,153.2125
84,153.2125
336.3,677.105
23.2,677.105
230.7,677.105
69.9,232.625
72,232.625
157,232.625
1107.31,191.3375
130.3,191.3375
258.7,191.3375
246.9,153.225
82.5,153.225
116,153.225
