2,4.62916666667
1.2,4.62916666667
4,4.28
22,4.28
4,6.86666666667
2,6.86666666667
1,6.86666666667
18,2.56666666667
5,2.56666666667
3,6.57777777778
4.5,6.57777777778
2.1,6.57777777778
2.1,5.3625
1,5.3625
22,4.28
4,4.28
1.2,6.73333333333
2,6.73333333333
5,6.73333333333
4.5,1.55
18,1.55
2,5.70625
3,5.70625
4,5.70625
2,2.55
4,2.55
1.2,8.92222222222
1,8.92222222222
3,12.0
2,12.0
4.5,12.0
4,1.6
18,1.6
22,10.35625
5,10.35625
2.1,10.35625
3,9.53333333333
5,9.53333333333
2.1,4.725
18,4.725
1.2,2.55
2,2.55
22,2.55
4,6.03
4.5,6.03
1,13.5666666667
2,13.5666666667
4,13.5666666667
4,6.03
4.5,6.03
2,6.38
3,6.38
22,2.9725
2,2.9725
18,2.9725
2.1,6.55
1.2,6.55
4,11.0
5,11.0
1,11.0
