2,4.1
1.2,4.1
4,2.675
22,2.675
4,3.8625
2,3.8625
1,3.8625
18,2.8625
5,2.8625
3,3.7
4.5,3.7
2.1,3.7
2.1,4.10625
1,4.10625
22,2.675
4,2.675
1.2,3.7875
2,3.7875
5,3.7875
4.5,2.89375
18,2.89375
2,3.7375
3,3.7375
4,3.7375
2,3.925
4,3.925
1.2,4.1625
1,4.1625
3,3.70625
2,3.70625
4.5,3.70625
4,2.925
18,2.925
22,2.48125
5,2.48125
2.1,2.48125
3,3.8
5,3.8
2.1,3.04375
18,3.04375
1.2,2.725
2,2.725
22,2.725
4,3.76875
4.5,3.76875
1,3.8625
2,3.8625
4,3.8625
4,3.76875
4.5,3.76875
2,3.9875
3,3.9875
22,1.675
2,1.675
18,1.675
2.1,4.09375
1.2,4.09375
4,3.675
5,3.675
1,3.675
