3647,2963
546,2903
2275,3777
7252,5208
2331,3855
4494,6809
3472,3650
1435,3649
4067,4649
2422,4278
9100,9397
1575,2793
2282,4364
710,2727
2174,3458
3136,5350
2989,4176
2821,4586
19894,8549
13860,6809
847,2116
14973,6566
9135,4247
2583,3918
1603,4023
6405,5428
595,2312
1617,3680
4004,4784
3948,6832
3542,6048
2800,5603
2548,2964
4620,5084
6699,5201
5152,4721
5775,5890
1400,6615
2429,4432
3829,4487
5880,6587
14434,5730
9520,9234
8050,7098
3164,5718
2926,3771
1267,2891
1155,3123
2569,3627
2723,2664
5817,4708
4277,6926
14987,8733
651,3354
8232,6264
3927,5082
3983,5277
3626,4944
3437,5422
9051,5023
2149,4509
5180,5627
12824,6417
4172,4630
2520,3319
6783,3893
3913,4570
3276,2821
23940,9276
10577,6237
2352,8694
3192,4901
5635,4710
805,3848
3941,4001
4977,5746
1876,2749
7854,5386
840,3998
5922,6023
11361,7935
7854,3998
1400,6945
3276,2369
2352,6676
6783,4312
1155,2799
1876,2899
9051,4821
3913,4178
4977,5526
3948,7033
5180,5244
5922,5916
595,2274
10577,5752
9135,4220
2275,3049
4004,4200
3829,4908
2174,3737
14434,6121
805,3911
4172,4738
1575,2269
2723,2796
3136,4738
3164,6573
14987,6832
2429,4351
5635,4908
4067,5057
3192,5648
11361,6576
3472,2893
3927,4349
5152,5799
1435,2904
12824,6062
3626,4258
2149,4815
13860,9141
5880,5294
9100,7930
8232,6494
3437,5625
3647,2535
5775,5882
2569,3981
23940,8816
8050,7005
6405,5670
2548,2838
4494,5862
847,2528
2520,2876
1617,4234
2422,4448
840,4061
9520,8889
14973,7388
6699,5884
2331,2885
2821,4564
4277,7190
7252,5108
3983,5940
710,2727
1603,3920
3542,5457
2989,4379
1267,3265
19894,9051
2926,4309
2800,5185
3941,5015
546,2968
4620,5848
2282,4226
2583,4320
651,3605
5817,5424
4977,4553
2331,3486
3136,5456
2989,4352
3647,2646
5152,5506
9051,5149
1435,3414
5880,6790
6783,4567
2352,6864
3829,4654
2821,4654
10577,6001
2569,3676
3983,5569
3626,4229
2520,3334
14434,6038
5635,5040
3437,5369
1400,5886
2282,4192
14973,6440
4620,5075
2174,3733
3941,3715
19894,7870
3948,6197
13860,7086
2723,2653
710,2373
7252,5576
6699,5874
2149,4530
3192,5746
847,3442
546,2968
3276,2917
2800,5066
1267,3230
4494,6345
2583,4617
7854,4735
840,3831
4277,7576
3913,4788
1575,3006
2429,4300
12824,5875
805,3612
14987,7774
1603,3989
5775,6933
4004,4492
23940,8896
5817,4516
1155,2914
4172,5004
2926,2747
595,2267
9135,3865
651,2876
6405,5127
3927,5955
2422,4145
2275,3822
3164,6405
4067,4942
5180,6296
11361,6907
3542,5464
1876,2884
1617,4449
9520,9563
9100,8073
3472,3075
2548,2822
5922,5848
8232,5881
8050,7356
10577,6211
3913,4460
14973,5562
2723,2915
5152,5257
3276,2643
3164,5883
7854,4221
6405,4995
9100,8932
3983,5464
1876,2854
5922,6387
2275,3852
3192,5393
3472,3563
14434,5413
5635,5006
3647,2743
12824,5701
5180,5576
2282,4116
3437,6257
2926,3446
8232,6103
840,4273
4172,4501
1435,3406
710,2422
4277,6912
2149,4803
6783,4536
1603,4011
651,3825
847,3359
1155,3068
4977,5113
19894,8605
1617,4223
5880,6588
3626,4955
3136,5542
2548,2730
2331,3677
3941,4985
9520,10306
2569,4096
4004,4951
7252,5349
9135,3620
14987,7112
11361,5544
8050,6608
3829,3990
3542,5324
546,2122
2422,3442
13860,7269
4494,5551
9051,4692
3927,5236
5817,4861
6699,5051
5775,6138
2429,3790
2989,4444
595,2758
2583,4007
23940,10591
1400,7269
3948,7371
4067,5040
2174,4012
2520,3565
2352,9961
2821,5019
805,3698
4620,7409
1267,3074
2800,5569
1575,2609
3472,2795
3829,4764
3626,3134
2548,2182
9135,3172
23940,8302
11361,7036
5880,6385
3983,5192
4977,4508
12824,5082
2331,2826
6783,3093
1603,3160
14434,5187
2174,3266
3913,4581
7252,5117
5635,4673
3647,2682
2800,5421
2926,4250
7854,4711
2149,4536
805,3292
710,2844
1435,3955
651,4118
4494,6804
847,3436
1575,2781
3542,5254
9100,8411
8050,8122
2989,4198
4620,4811
14987,6174
595,2614
3276,2791
840,5034
6405,5341
1617,4586
2569,4620
1876,2845
4067,5135
8232,5194
5922,5682
4004,4657
4277,7168
2583,3470
3941,4910
3948,6972
4172,4973
10577,6396
546,2122
9520,9393
19894,8573
3164,6042
14973,6347
3437,6730
3192,5622
5775,5943
2352,6011
3927,5344
2723,3145
2520,3905
3136,5093
13860,8692
6699,5527
1400,6897
5152,5253
1155,2845
2275,3658
2282,3451
2429,4776
9051,4901
2422,3917
2821,4443
5817,5300
5180,5561
1267,3137
