2410,2212
3167,5855
15233,2852
3401,2628
600,1644
145,9635
1184,2212
11165,6904
252,7525
9234,2007
1613,2632
4224,8823
4847,2089
12556,2089
3306,2724
2459,2038
784,1498
1188,4876
536,4340
3193,2930
3922,4378
3069,7124
19306,5052
6590,7396
840,2298
148,2018
134,2444
3563,1643
947,3598
3558,4301
724,1437
451,4882
47493,12403
245,2065
3238,2918
2950,2048
669,1698
1488,1468
22444,3468
1597,8727
40,2549
3638,1599
9234,2537
1188,3334
4847,4931
3167,4777
4224,8823
252,5347
3558,4498
1613,2632
947,2044
148,2018
12556,4584
47493,9583
40,2837
22444,4423
3563,1643
145,4791
2459,2850
134,7245
784,1125
15233,2852
451,7195
245,7073
3401,2628
1488,1439
3238,2918
2410,1599
669,1774
3193,2930
2950,2048
724,901
6590,6793
3638,1599
3922,4378
3306,4265
1597,11199
600,1032
1184,2374
19306,7689
536,4340
840,2605
11165,2680
3069,6594
840,7394
2459,4421
1184,2504
3922,4378
148,2764
22444,1559
6590,6793
2950,2048
3306,2694
1597,11199
134,7228
9234,2721
3167,5703
1488,809
3069,5498
536,5170
1613,4807
947,2892
40,3325
669,1774
47493,12403
245,2228
11165,6904
724,1307
252,2890
600,1745
19306,4206
4224,4206
4847,6348
3401,2628
3563,4648
451,9667
784,2147
3638,1599
1188,3334
2410,1599
3558,3668
12556,3003
145,9513
15233,4271
3193,4429
3238,4429
3238,4824
40,2549
1613,4131
3069,6594
22444,1559
669,1014
6590,7396
252,5262
3558,4036
2459,4421
47493,12403
11165,7088
840,2298
1597,2308
3563,1643
2950,2048
600,6976
145,4791
1188,3334
784,1358
3638,1145
19306,8908
536,4340
3167,5855
4224,4277
4847,4931
3193,2841
245,7136
3401,4940
3306,2611
1184,2212
9234,2007
451,10497
12556,3166
134,7228
2410,2471
947,2711
724,869
148,2471
1488,809
15233,2852
3922,2783
947,2044
536,4340
1488,2199
3069,6594
2459,4657
784,1785
724,1102
600,6984
1597,10530
3306,4182
15233,4733
4847,4100
451,9667
40,8109
669,1014
1613,4807
1188,3334
11165,6388
6590,4704
12556,5178
22444,4423
47493,6199
245,1638
145,4791
3638,6388
2410,4206
4224,4206
3922,5136
3238,2918
134,7245
19306,4206
3558,3668
148,7026
840,2605
252,5732
9234,2537
3167,5252
3563,2721
3401,5029
2950,2024
1184,2374
3193,2806
