2410,3835.5
3167,3835.5
15233,3835.5
3401,3835.5
600,3835.5
145,3835.5
1184,3835.5
11165,3835.5
252,1342.5
9234,1342.5
1613,1342.5
4224,1342.5
4847,1342.5
12556,1342.5
3306,1342.5
2459,1342.5
784,2814.75
1188,2814.75
536,2814.75
3193,2814.75
3922,2814.75
3069,2814.75
19306,2814.75
6590,2814.75
840,2814.75
148,2443.21875
134,2443.21875
3563,2443.21875
947,2443.21875
3558,2443.21875
724,2443.21875
451,2443.21875
47493,2443.21875
245,1073.125
3238,1073.125
2950,1073.125
669,1073.125
1488,1073.125
22444,1073.125
1597,1073.125
40,1073.125
3638,1073.125
9234,726.5
1188,726.5
4847,726.5
3167,726.5
4224,726.5
252,726.5
3558,726.5
1613,726.5
947,15235.5
148,15235.5
12556,15235.5
47493,15235.5
40,15235.5
22444,15235.5
3563,15235.5
145,15235.5
2459,5488.42424242
134,5488.42424242
784,5488.42424242
15233,5488.42424242
451,5488.42424242
245,5488.42424242
3401,5488.42424242
1488,5488.42424242
3238,5488.42424242
2410,7694.5
669,7694.5
3193,7694.5
2950,7694.5
724,7694.5
6590,7694.5
3638,7694.5
3922,7694.5
3306,25337.875
1597,25337.875
600,25337.875
1184,25337.875
19306,25337.875
536,25337.875
840,25337.875
11165,25337.875
3069,25337.875
840,726.5
2459,726.5
1184,726.5
3922,726.5
148,726.5
22444,726.5
6590,726.5
2950,726.5
3306,5471.17647059
1597,5471.17647059
134,5471.17647059
9234,5471.17647059
3167,5471.17647059
1488,5471.17647059
3069,5471.17647059
536,5471.17647059
1613,4406.15151515
947,4406.15151515
40,4406.15151515
669,4406.15151515
47493,4406.15151515
245,4406.15151515
11165,4406.15151515
724,4406.15151515
252,4406.15151515
600,2373.375
19306,2373.375
4224,2373.375
4847,2373.375
3401,2373.375
3563,2373.375
451,2373.375
784,2373.375
3638,20678.8387097
1188,20678.8387097
2410,20678.8387097
3558,20678.8387097
12556,20678.8387097
145,20678.8387097
15233,20678.8387097
3193,20678.8387097
3238,20678.8387097
3238,5018.70588235
40,5018.70588235
1613,5018.70588235
3069,5018.70588235
22444,5018.70588235
669,5018.70588235
6590,5018.70588235
252,5018.70588235
3558,1791.8125
2459,1791.8125
47493,1791.8125
11165,1791.8125
840,1791.8125
1597,1791.8125
3563,1791.8125
2950,1791.8125
600,2094.5
145,2094.5
1188,2094.5
784,2094.5
3638,2094.5
19306,2094.5
536,2094.5
3167,2094.5
4224,2094.5
4847,3317.0
3193,3317.0
245,3317.0
3401,3317.0
3306,3317.0
1184,3317.0
9234,3317.0
451,3317.0
12556,726.5
134,726.5
2410,726.5
947,726.5
724,726.5
148,726.5
1488,726.5
15233,726.5
3922,726.5
947,4028.5625
536,4028.5625
1488,4028.5625
3069,4028.5625
2459,4028.5625
784,4028.5625
724,4028.5625
600,4028.5625
1597,4082.75
3306,4082.75
15233,4082.75
4847,4082.75
451,4082.75
40,4082.75
669,4082.75
1613,4082.75
1188,2662.42948718
11165,2662.42948718
6590,2662.42948718
12556,2662.42948718
22444,2662.42948718
47493,2662.42948718
245,2662.42948718
145,2662.42948718
3638,2662.42948718
2410,5047.38235294
4224,5047.38235294
3922,5047.38235294
3238,5047.38235294
134,5047.38235294
19306,5047.38235294
3558,5047.38235294
148,5047.38235294
840,25993.5666667
252,25993.5666667
9234,25993.5666667
3167,25993.5666667
3563,25993.5666667
3401,25993.5666667
2950,25993.5666667
1184,25993.5666667
3193,25993.5666667
