43.8,53.75
37,32.25
52,30
31.5,56.75
1586,191
20.1,11.05
39,30.85
42.3,28.15
39.5,30.9
212,248
8.2,17.0
59.1,28.1
29,22.05
36,50.0
36.9,13.3
31.5,81.5
9,13.6
54,41.75
58.9,35.5
89.5,48.3
22,33
85,48.0
55.7,40.65
13.9,14.15
34.3,25.25
18,48.3
7.5,22.55
103.5,45.5
50.1,29
5.6,8.05
20.6,21.45
37.1,53
23,25.55
27.5,29
157,41.4
120,38.35
48,27.6
37,33
6,28.75
170,33
32.7,39.9
7.1,19
340,96
67.3,33.75
59.5,31.5
39,39.9
58.9,41.6
37.2,31.25
5.6,25
59.1,28.1
48,71
37,36.05
52,56.45
67.3,33.75
9,24.55
7.1,25
39,38.25
103.5,45.5
89.5,51
58.9,41.6
37.1,53
31.5,56.75
6,47.9
50.1,29
34.3,25.25
39,49.0
20.6,47.9
120,48.05
7.5,11.05
42.3,27.2
22,33
58.9,42.75
39.5,35.75
23,25.55
157,125
36,50.0
59.5,18.75
55.7,48.95
8.2,25.4
37.2,41.05
37,24.1
1586,184
18,66.65
85,63.3
54,41.75
170,184
36.9,13.3
27.5,29
20.1,8.6
32.7,51.65
212,163
13.9,7.85
340,53.15
29,22.05
31.5,81.5
43.8,64.25
67.3,32.1
157,41.4
1586,191
55.7,48.95
23,25.55
34.3,25.45
27.5,48.05
42.3,14
20.1,11.05
212,248
18,61.05
7.5,11.05
43.8,34.35
39.5,35.75
7.1,19
36.9,13.3
89.5,61.05
31.5,81.5
39,34.35
58.9,45.0
120,38.35
59.1,28.1
37,43.55
58.9,42.75
48,27.55
39,49.0
59.5,31.5
5.6,8.05
37.1,55.75
54,55.45
36,49.4
85,59.2
37,33
32.7,53.15
8.2,17.0
22,33
31.5,59.2
170,33
340,50.0
103.5,45.5
37.2,31.25
52,56.45
9,13.6
6,47.9
20.6,47.9
29,22.05
50.1,29
13.9,7.85
8.2,17.0
212,248
6,28.75
31.5,81.5
85,48.0
52,48.05
54,45.2
32.7,51.65
37,33
170,130
120,53
9,7.3
37,32.25
157,127.9
34.3,29
20.6,21.45
39,43.6
59.5,42.75
1586,276
42.3,27.2
43.8,34.35
31.5,56.75
39,34.35
58.9,41.6
36.9,13.3
58.9,46.75
29,14.55
48,71
67.3,32.1
7.1,19
36,32.1
55.7,40.65
89.5,61.05
13.9,7.85
18,61.05
20.1,8.6
340,35.85
39.5,35.75
27.5,35.65
7.5,11.05
22,33
5.6,8.05
23,24.1
103.5,45.5
59.1,28.1
37.2,36.9
50.1,37
37.1,53
50.1,29
31.5,56.75
39,34.35
37,33
103.5,45.5
39,49.0
340,50.0
27.5,29
43.8,34.35
54,45.2
58.9,41.6
48,69
212,248
34.3,25.25
32.7,51.65
37.1,68
59.5,31.5
9,13.6
29,22.05
39.5,46.7
36.9,9.95
22,18.05
37,43.55
37.2,41.05
58.9,42.75
7.5,11.05
5.6,8.05
20.6,18.75
52,42.75
59.1,32.35
157,41.4
8.2,24.55
18,87.25
120,62.25
31.5,81.5
1586,191
36,68.1
13.9,33
6,28.75
89.5,27.55
67.3,33.75
55.7,48.95
7.1,19
85,48.0
42.3,46.7
170,33
20.1,8.6
23,25.55
