2410,3638
3167,3069
15233,3558
3401,1188
600,669
145,9234
1184,3638
11165,19306
252,3069
9234,536
1613,3238
4224,3638
4847,3563
12556,3069
3306,1188
2459,536
784,669
1188,3306
536,9234
3193,3238
3922,947
3069,3401
19306,11165
6590,2950
840,3638
148,1184
134,3193
3563,3238
947,3922
3558,9234
724,1488
451,3922
47493,22444
245,947
3238,3193
2950,536
669,784
1488,784
22444,3306
1597,3563
40,3193
3638,840
9234,3306
1188,3306
4847,3563
3167,3069
4224,3638
252,2459
3558,1597
1613,3238
947,3922
148,1184
12556,3069
47493,4224
40,3238
22444,3306
3563,3238
145,9234
2459,4847
134,3193
784,669
15233,1597
451,3922
245,1597
3401,1188
1488,600
3238,3193
2410,148
669,784
3193,3238
2950,3401
724,148
6590,12556
3638,840
3922,947
3306,1188
1597,3563
600,669
1184,3638
19306,3638
536,9234
840,3638
11165,4224
3069,3401
840,3638
2459,4847
1184,3638
3922,947
148,3638
22444,3306
6590,12556
2950,536
3306,1188
1597,3563
134,3193
9234,3238
3167,4847
1488,784
3069,1188
536,2950
1613,3238
947,3922
40,3238
669,784
47493,22444
245,1597
11165,19306
724,148
252,2459
600,669
19306,11165
4224,3638
4847,9234
3401,1188
3563,3238
451,3922
784,669
3638,4224
1188,3306
2410,148
3558,9234
12556,3069
145,9234
15233,1597
3193,1613
3238,1613
3238,3193
40,3193
1613,3563
3069,1188
22444,3306
669,784
6590,2950
252,2459
3558,9234
2459,536
47493,22444
11165,19306
840,3638
1597,1188
3563,3238
2950,536
600,669
145,9234
1188,3306
784,669
3638,840
19306,11165
536,9234
3167,3069
4224,1184
4847,3563
3193,3238
245,1597
3401,1188
3306,1188
1184,148
9234,536
451,3922
12556,3069
134,3193
2410,3638
947,245
724,1184
148,1184
1488,784
15233,1597
3922,451
947,3922
536,9234
1488,669
3069,1188
2459,4847
784,669
724,148
600,669
1597,3563
3306,1188
15233,3558
4847,3563
451,3922
40,3238
669,784
1613,3238
1188,3306
11165,19306
6590,2950
12556,3069
22444,3306
47493,4224
245,1597
145,9234
3638,4224
2410,3638
4224,3638
3922,947
3238,3193
134,3193
19306,11165
3558,9234
148,1184
840,3638
252,2459
9234,3306
3167,3069
3563,3238
3401,1188
2950,1188
1184,3638
3193,3238
