13635,3300
3319,3582
1631,1224
1143,2033
4115,2598
380,759
593,1539
1173,3691
718,1368
2223,967
2634,1539
6607,4792
324,1848
2265,1255
1428,1188
5816,1344
669,1368
580,3864
1252,1753
2570,1928
1557,1488
2895,2100
988,1244
676,2117
1113,3053
583,939
2860,3578
2591,3582
1079,2270
3189,1938
5249,2654
652,587
5359,1130
8600,1918
570,1241
887,1318
2356,2983
12646,5420
3555,1104
4494,2581
3483,1499
955,1862
1304,1366
718,1237
1532,2412
2393,2012
1722,1965
1388,2983
1832,1896
1328,2132
990,2173
3088,2581
989,2011
5927,4962
219,1441
630,1841
4414,4777
1413,1841
502,635
5456,4214
15673,7598
1432,3108
3050,1628
1003,870
1742,1767
995,1510
2972,2219
286,2204
2172,1776
2037,1444
220,602
322,2080
928,1224
113930,9801
896,1673
3966,2726
7649,4801
3504,2477
1877,1510
2170,856
763,1263
1737,1597
321,1727
750,639
1455,2079
339,1118
1884,1499
557,1685
892,985
1318,1328
4009,5225
6307,1789
485,1875
1066,670
585,3736
2029,2214
5094,1888
1280,1069
4068,1269
726,2313
1940,1546
1650,1346
570,1803
313,844
1016,2337
5927,2831
1584,4056
693,1026
1698,1543
1431,2016
3826,3390
2964,1738
2203,1801
8509,1288
4824,1210
1122,1118
1860,1453
2408,451
254,3138
1693,2143
1425,1650
2663,3098
980,1246
1401,1218
437,1933
1868,1271
654,1783
1660,2315
1040,3615
464,1453
2224,1806
1832,1082
5646,4148
5192,3092
1939,1169
2480,1786
302,1775
655,1284
8656,1361
698,1321
1159,1889
1024,1334
1576,1556
874,3814
322,1218
570,1099
990,2173
1940,1492
6307,3066
3966,2995
980,993
219,563
1557,1099
989,1702
2356,3399
339,1518
1328,1534
380,672
2964,2571
2408,1585
5646,3524
1693,1474
1455,2267
13635,7807
464,567
113930,10310
1832,1792
286,2343
1122,826
1388,2906
693,567
2172,1776
2170,826
1877,1874
15673,5184
887,3244
302,3417
1939,1274
1304,1396
718,1237
3826,3390
557,1685
2037,898
1024,1109
324,1415
8656,1396
1860,1396
1318,3138
1576,1556
896,3244
2570,1396
995,1288
583,939
322,2029
502,966
1650,1288
437,1539
254,3138
1252,1283
928,1362
7649,4678
2029,2442
718,898
2972,1425
1428,1016
988,1244
669,1391
2591,3020
750,702
5094,3020
1280,2061
2860,3632
3050,1780
698,1175
2223,1391
874,4965
3088,2971
1425,1688
322,1318
1016,1916
1584,4745
1742,1841
1413,545
726,3020
1868,1852
585,3736
1040,3020
4115,3836
321,1552
4068,1175
12646,6182
5927,2935
6607,3030
3504,2634
892,1138
2663,3407
4414,4403
2895,2100
630,2140
4009,2800
570,1803
763,1687
2203,3095
1003,2845
1401,3030
2224,1806
955,1862
655,2440
1431,1693
313,1006
1066,958
220,784
1432,2874
4824,2952
580,3030
1832,2874
3319,3095
2265,1562
1143,1579
652,784
5927,3030
1631,1224
1722,2396
3555,1707
593,1190
1737,1057
1884,935
1698,2032
2634,1190
654,1783
1159,1314
2393,2012
1079,2270
8600,1864
1113,1618
3189,1770
485,1240
5816,1170
1173,5885
676,1327
2480,1786
4494,3033
5192,3520
1660,2266
1532,2412
5249,3520
8509,1882
5359,1024
5456,1895
3483,1385
324,1415
1113,3447
1428,1074
2029,2072
5094,3235
887,3447
2634,1192
655,902
1318,2649
5192,4614
1832,3447
1884,2589
1173,5885
693,1000
2480,1786
1877,1584
1868,1203
12646,2988
2172,1203
2393,1584
2203,2651
1631,1224
1939,1169
570,1241
7649,4801
980,1435
988,1430
1431,1203
15673,2820
557,1685
6307,1856
4068,1269
580,3934
1079,2037
339,1518
1122,3934
3189,1938
726,3301
302,1775
321,1552
322,3934
2356,2351
718,1237
2860,1207
4494,3059
2170,3934
1860,1396
8656,1396
874,4120
5927,3023
2224,1183
1066,670
5359,1193
5646,4148
1693,1630
3555,1272
8600,1427
3826,1207
928,819
955,1453
990,2173
3966,2726
4115,4097
669,858
1425,890
502,830
1650,971
1737,1192
113930,11592
3504,1928
485,1779
1940,1192
5927,5109
1280,960
1584,2257
892,871
1832,2024
750,672
1304,1366
4824,3108
3483,2171
1159,1202
630,741
1401,1154
2037,1239
2265,1398
3319,4048
3088,3411
1698,2104
896,1316
6607,4333
585,4222
2964,1894
2663,1852
593,2051
989,1894
1016,1916
437,1579
1742,1913
1413,1853
286,2388
570,1860
2570,3946
4009,3969
2895,2317
2223,1391
1388,4070
322,2029
583,743
5249,4672
464,2231
1722,2086
1328,1894
2972,1137
1143,1452
1455,2935
1003,1974
676,2108
5816,1170
1576,1556
8509,2174
1532,2412
1432,1182
13635,1318
652,956
2591,3861
995,1677
219,2142
4414,4403
1040,3615
1024,1259
1660,2211
313,1006
1557,1728
763,1728
254,3138
5456,3101
718,1451
220,1686
2408,512
1252,1451
698,2108
654,1677
3050,1780
380,1686
1737,1057
1401,756
2029,899
1159,1314
676,2143
1024,1130
652,545
1173,5808
887,1318
1698,2032
380,928
1388,3966
989,1894
2895,1990
892,1028
5456,3101
1650,971
3966,2891
219,2143
750,927
302,1775
5249,2993
2170,756
5192,2993
1016,1846
1455,2262
2265,1398
5816,982
1742,1913
2408,512
990,1875
313,1006
1660,2211
2037,1026
3319,3679
1252,1121
485,2049
2203,3679
4494,3059
1428,846
718,1151
2634,1192
2223,1391
322,2029
1432,1673
896,1673
2663,1671
254,3679
1940,1546
2393,2012
8656,1718
5359,1024
13635,3300
874,4120
8600,1673
1868,1271
5927,4962
3826,1993
654,1783
1631,2234
1413,545
5646,3061
1860,2035
2591,1625
3088,2357
4414,1797
15673,9440
669,686
693,540
1431,2016
1584,2257
4068,2971
4824,3661
580,1424
1576,1269
3504,1971
585,853
1939,1086
570,420
113930,9421
2224,1806
286,2160
955,2041
5094,1625
220,602
6307,2041
1693,1834
1066,669
630,2073
557,1685
718,1474
1532,2864
2964,1478
1143,2033
980,1246
1832,1082
928,1197
1280,975
1722,2068
339,1518
2480,1786
1122,1118
726,4327
583,2073
3050,1780
4009,4103
655,2440
2860,3632
464,2201
8509,2144
2356,3476
12646,6182
1328,1487
763,1545
1557,1546
6607,4333
437,1579
324,1842
1003,2802
3555,1104
7649,4801
698,1380
1425,1650
3189,1938
3483,1380
2972,1425
593,1871
1304,1715
1318,1623
570,1558
1113,3053
988,1244
1832,2125
1884,2264
5927,2831
322,1318
4115,2929
2172,1776
1079,2078
502,967
995,1558
1877,2073
2570,3766
321,1552
1040,3020
1431,2016
1113,1618
1455,1717
322,1827
580,1424
2037,1444
5456,3908
5816,3429
652,374
2223,2497
654,1312
995,1135
698,444
113930,10557
3189,2194
669,858
2408,539
6307,2440
3555,1707
2570,2450
485,1240
1940,1546
12646,7510
1698,1543
1040,2102
5094,2209
655,902
585,394
1860,1576
593,1522
5249,2654
2972,1425
502,1281
1832,3367
693,1026
1425,1650
7649,4678
1159,1314
2895,2100
1304,2215
220,712
313,1006
1432,3367
8509,1218
321,1452
1650,1346
4494,2351
8656,1718
570,1803
630,2116
3826,3390
1328,1655
4824,1210
4115,2929
887,3367
2591,3861
15673,5184
3483,1415
2224,1806
5927,3360
989,2576
5646,4148
1868,1275
324,1000
4068,1269
8600,2407
2172,3103
1066,670
1693,1466
1428,1074
1939,1169
3050,1466
464,2201
5359,1024
1143,1275
1003,2802
1122,1118
1318,2001
896,1316
2203,3095
1388,3360
1024,1324
302,1775
1832,2128
928,1195
3319,3095
13635,3165
557,1685
1173,5885
437,1579
286,1456
1576,1542
955,1380
2964,1738
4009,4191
1532,2996
583,909
4414,4403
1079,2270
6607,4602
1877,2073
1016,1916
219,1441
2265,1380
380,735
1722,2450
990,4099
763,1687
2170,1026
750,1107
322,1026
1584,4191
1631,1456
339,1518
718,1474
1660,2504
2480,1766
1884,2589
570,1595
5192,4087
980,1521
2029,1882
2356,3308
5927,4962
676,1327
1742,2019
2860,3632
726,4327
1413,545
874,3693
3504,2050
892,896
1737,1719
2393,2012
3088,2891
1252,1340
988,1719
2663,1653
254,4230
2634,1192
3966,2891
1557,1595
1401,1048
718,1237
1280,794
