4047,4604
1060,3374
25910,12009
4620,10714
845,3908
1520,5316
963,3765
5931,7328
1651,5564
796,3611
11039,13507
7105,6873
3600,4442
10000,10322
7871,5230
583,3010
7451,9066
5787,2912
4557,3056
1755,3137
63694,9736
13700,8208
1233,3589
1745,2283
11900,7798
5578,2365
1100,1893
7184,4136
37286,16717
14000,8285
5100,6741
8117,3021
18500,8796
3440,3993
3850,5587
2957,6200
9369,2242
6816,9234
1981,4898
4224,4244
4150,6341
39479,15694
3240,6424
9700,7369
5279,13118
2565,2636
2826,6161
1798,8936
1450,3166
21272,12807
2330,3414
8752,6213
9125,3796
4456,4216
15052,12905
4300,3918
900,4286
8710,6901
7320,12995
11023,14809
6800,11550
10447,9388
796,4220
845,2975
11039,13791
1745,2818
2957,3900
13700,7564
2565,3250
5279,13763
10000,9926
8752,5570
8117,3547
9700,8336
8710,7751
900,3563
63694,15630
6800,7972
4557,2686
21272,7151
1651,4048
7320,7875
11900,8096
39479,7508
4224,4129
5931,9260
4150,4275
6816,9618
3850,7187
7184,4739
4456,3570
1520,4296
5578,4012
2330,3255
18500,15840
9125,7167
3240,6179
7105,4186
4620,13200
3600,5758
963,2466
5100,6965
10447,8255
4047,3603
583,2719
1100,2868
15052,17394
2826,4442
37286,17723
14000,7764
7871,6104
25910,11184
4300,4706
3440,5474
9369,3668
5787,3105
11023,15295
1450,3514
7451,6796
1233,3830
1798,6597
1060,3693
1755,3583
1981,4210
2957,4544
8117,3345
1755,2472
4456,5389
11900,6567
13700,8208
4047,3618
7184,4472
3600,3581
4620,13846
2565,3221
900,3362
6800,6656
1233,3508
583,4946
1745,2255
6816,9515
5578,3132
5279,13265
1520,4835
3440,5125
9369,3363
1981,4091
11023,14968
796,4116
3240,5968
11039,13791
2826,4974
14000,11924
5787,3156
10447,11924
2330,3631
845,3902
8752,5570
1100,3289
7451,7098
4557,2412
18500,8642
7105,4772
10000,9461
15052,15058
4150,4519
1651,5059
8710,4525
25910,11759
5100,4379
9125,4698
21272,13905
3850,4648
37286,11334
4224,4372
63694,13282
9700,8254
4300,3517
1798,9063
1450,4118
963,3395
39479,7350
7871,7003
5931,9354
1060,2541
7320,7342
10000,7795
8752,5570
845,3292
1100,3063
1745,3260
7105,5055
11900,6550
5578,4183
39479,15386
9700,7246
963,2912
13700,7396
4224,5043
63694,13869
1520,6486
2565,3056
4300,4773
3440,4845
1450,4019
2330,3995
4150,5915
3850,7898
25910,11184
1755,2978
21272,7195
37286,18177
7184,4483
6816,7484
15052,14932
4557,3374
14000,8791
3240,6820
9369,3294
5100,6415
5787,3156
4456,3592
11023,13334
18500,8642
3600,3295
7871,8798
2826,4898
11039,14535
6800,8491
4047,3618
4620,12536
8710,6000
7320,14535
1651,4776
10447,9367
5279,13228
8117,5066
2957,5541
583,8435
9125,7244
7451,9271
900,3649
1060,2690
1798,7814
1233,3722
1981,5439
796,4379
5931,9906
1520,4482
7451,8984
3240,6084
9700,8254
15052,16734
4300,4019
9125,7111
18500,15862
7871,5230
796,4116
1450,3669
5931,9354
6800,9536
7105,4303
4224,4401
10000,12987
1745,2683
11023,16830
8117,3449
8752,5678
3850,5618
1981,3186
2330,3704
13700,7453
3600,5397
7184,4431
6816,8412
4150,5597
39479,15386
2565,2162
9369,3128
10447,8809
7320,7922
5787,2718
5100,6466
4047,2552
4557,3056
25910,11538
21272,8010
8710,6138
2826,4974
1798,6910
845,3495
2957,6361
963,2912
1755,3571
11900,8264
4620,10603
11039,13507
900,3994
63694,9736
1060,2825
1233,3566
583,5957
3440,5240
5578,3890
4456,5389
14000,8637
1100,3098
37286,11043
1651,4503
5279,7953
