2410,3931.0
3167,3931.0
15233,3931.0
3401,3931.0
600,3931.0
145,3931.0
1184,3931.0
11165,3931.0
252,1279.0
9234,1279.0
1613,1279.0
4224,1279.0
4847,1279.0
12556,1279.0
3306,1279.0
2459,1279.0
784,1279.0
1188,1279.0
536,1279.0
3193,1279.0
3922,1279.0
3069,1279.0
19306,1279.0
6590,1279.0
840,1279.0
148,3024.0
134,3024.0
3563,3024.0
947,3024.0
3558,3024.0
724,3024.0
451,3024.0
47493,3024.0
245,1279.0
3238,1279.0
2950,1279.0
669,1279.0
1488,1279.0
22444,1279.0
1597,1279.0
40,1279.0
3638,1279.0
9234,726.5
1188,726.5
4847,726.5
3167,726.5
4224,726.5
252,726.5
3558,726.5
1613,726.5
947,3931.0
148,3931.0
12556,3931.0
47493,3931.0
40,3931.0
22444,3931.0
3563,3931.0
145,3931.0
2459,634.5
134,634.5
784,634.5
15233,634.5
451,634.5
245,634.5
3401,634.5
1488,634.5
3238,634.5
2410,692.0
669,692.0
3193,692.0
2950,692.0
724,692.0
6590,692.0
3638,692.0
3922,692.0
3306,726.5
1597,726.5
600,726.5
1184,726.5
19306,726.5
536,726.5
840,726.5
11165,726.5
3069,726.5
840,1136.0
2459,1136.0
1184,1136.0
3922,1136.0
148,1136.0
22444,1136.0
6590,1136.0
2950,1136.0
3306,2239.0
1597,2239.0
134,2239.0
9234,2239.0
3167,2239.0
1488,2239.0
3069,2239.0
536,2239.0
1613,2239.0
947,2239.0
40,2239.0
669,2239.0
47493,2239.0
245,2239.0
11165,2239.0
724,2239.0
252,2239.0
600,666.0
19306,666.0
4224,666.0
4847,666.0
3401,666.0
3563,666.0
451,666.0
784,666.0
3638,1136.0
1188,1136.0
2410,1136.0
3558,1136.0
12556,1136.0
145,1136.0
15233,1136.0
3193,1136.0
3238,1136.0
3238,29329.0
40,29329.0
1613,29329.0
3069,29329.0
22444,29329.0
669,29329.0
6590,29329.0
252,29329.0
3558,3931.0
2459,3931.0
47493,3931.0
11165,3931.0
840,3931.0
1597,3931.0
3563,3931.0
2950,3931.0
600,969.5
145,969.5
1188,969.5
784,969.5
3638,969.5
19306,969.5
536,969.5
3167,969.5
4224,969.5
4847,726.5
3193,726.5
245,726.5
3401,726.5
3306,726.5
1184,726.5
9234,726.5
451,726.5
12556,726.5
134,726.5
2410,726.5
947,726.5
724,726.5
148,726.5
1488,726.5
15233,726.5
3922,726.5
947,2446.5
536,2446.5
1488,2446.5
3069,2446.5
2459,2446.5
784,2446.5
724,2446.5
600,2446.5
1597,1136.0
3306,1136.0
15233,1136.0
4847,1136.0
451,1136.0
40,1136.0
669,1136.0
1613,1136.0
1188,2397.0
11165,2397.0
6590,2397.0
12556,2397.0
22444,2397.0
47493,2397.0
245,2397.0
145,2397.0
3638,2397.0
2410,2397.0
4224,2397.0
3922,2397.0
3238,2397.0
134,2397.0
19306,2397.0
3558,2397.0
148,2397.0
840,2397.0
252,2397.0
9234,2397.0
3167,2397.0
3563,2397.0
3401,2397.0
2950,2397.0
1184,2397.0
3193,2397.0
