12,27.5
702,27.5
423,27.5
130,27.5
106,27.5
1063,27.5
387,27.5
605,27.5
6400,27.5
82,27.5
539,27.5
40,27.5
7.3,251.0
126,251.0
70,251.0
9,251.0
230,251.0
6,251.0
38,251.0
47,251.0
523,251.0
55,251.0
14,251.0
83,251.0
11400,251.0
45,631.5
958,631.5
43,631.5
6600,631.5
240,631.5
2040,631.5
98,631.5
176,631.5
36,631.5
1075,631.5
61,631.5
18,631.5
1600,367.5
57,367.5
73,367.5
218,367.5
8,367.5
122,367.5
321,367.5
237,367.5
156,367.5
87,367.5
88,367.5
41,367.5
8,367.5
15,367.5
453,367.5
79,367.5
20,367.5
8,367.5
5.9,367.5
724,367.5
201,367.5
1272,367.5
33,367.5
2455,367.5
243,367.5
50,367.5
201,6002.5
79,6002.5
130,6002.5
87,6002.5
8,6002.5
38,6002.5
83,6002.5
1063,6002.5
88,6002.5
1600,6002.5
70,6002.5
702,6002.5
6600,40.0
9,40.0
724,40.0
156,40.0
176,40.0
1272,40.0
7.3,40.0
122,40.0
539,40.0
218,40.0
387,40.0
126,40.0
20,40.0
230,631.5
8,631.5
523,631.5
36,631.5
106,631.5
605,631.5
2455,631.5
243,631.5
240,631.5
958,631.5
55,631.5
57,631.5
15,71.5
41,71.5
45,71.5
6400,71.5
33,71.5
43,71.5
1075,71.5
5.9,71.5
2040,71.5
40,71.5
98,71.5
423,71.5
73,71.5
237,129.0
47,129.0
453,129.0
8,129.0
18,129.0
321,129.0
11400,129.0
82,129.0
61,129.0
50,129.0
12,129.0
14,129.0
6,129.0
122,19.45
83,19.45
724,19.45
8,19.45
40,19.45
453,19.45
88,19.45
61,19.45
82,19.45
2455,19.45
7.3,19.45
1063,19.45
156,132.0
1272,132.0
18,132.0
6400,132.0
130,132.0
240,132.0
57,132.0
321,132.0
230,132.0
702,132.0
243,132.0
9,132.0
11400,132.0
47,132.0
539,132.0
14,132.0
958,132.0
218,132.0
20,132.0
36,132.0
605,132.0
70,132.0
126,132.0
201,132.0
523,132.0
8,631.5
8,631.5
106,631.5
15,631.5
6600,631.5
387,631.5
45,631.5
50,631.5
12,631.5
87,631.5
33,631.5
2040,631.5
6,631.5
55,3460.5
38,3460.5
73,3460.5
41,3460.5
43,3460.5
98,3460.5
176,3460.5
5.9,3460.5
1600,3460.5
423,3460.5
237,3460.5
79,3460.5
1075,3460.5
958,307.0
130,307.0
122,307.0
87,307.0
57,307.0
453,307.0
201,307.0
230,307.0
702,307.0
8,307.0
43,307.0
11400,307.0
605,574.0
70,574.0
321,574.0
106,574.0
218,574.0
8,574.0
12,574.0
38,574.0
1600,574.0
523,574.0
176,574.0
41,574.0
539,574.0
240,305.5
73,305.5
2455,305.5
243,305.5
47,305.5
6600,305.5
8,305.5
40,305.5
15,305.5
98,305.5
55,305.5
50,305.5
33,367.5
2040,367.5
423,367.5
20,367.5
9,367.5
88,367.5
45,367.5
14,367.5
5.9,367.5
1272,367.5
1063,367.5
83,367.5
7.3,367.5
18,367.5
82,367.5
6,367.5
156,367.5
6400,367.5
237,367.5
126,367.5
1075,367.5
61,367.5
724,367.5
36,367.5
79,367.5
387,367.5
9,242.0
387,242.0
20,242.0
106,242.0
83,242.0
98,242.0
321,242.0
6600,242.0
88,242.0
14,242.0
122,242.0
130,242.0
1063,113.5
18,113.5
61,113.5
702,113.5
958,113.5
7.3,113.5
73,113.5
605,113.5
55,113.5
40,113.5
724,113.5
36,113.5
8,113.5
8,165.5
45,165.5
1075,165.5
6,165.5
8,165.5
240,165.5
218,165.5
33,165.5
70,165.5
237,165.5
156,165.5
43,165.5
230,82.5
1600,82.5
453,82.5
11400,82.5
539,82.5
126,82.5
6400,82.5
2040,82.5
41,82.5
523,82.5
1272,82.5
87,82.5
82,82.5
79,149.0
243,149.0
50,149.0
57,149.0
2455,149.0
176,149.0
15,149.0
47,149.0
5.9,149.0
201,149.0
12,149.0
423,149.0
38,149.0
