3647,2999
546,1659
2275,2576
7252,4452
2331,2754
4494,5834
3472,1515
1435,749
4067,5509
2422,2488
9100,11690
1575,2635
2282,3031
710,749
2174,3293
3136,4403
2989,4074
2821,4732
19894,14710
13860,10230
847,1043
14973,3965
9135,3276
2583,2347
1603,3486
6405,5264
595,2096
1617,5211
4004,3397
3948,3720
3542,5488
2800,4476
2548,2149
4620,5204
6699,4973
5152,4546
5775,4077
1400,10230
2429,1043
3829,3892
5880,11480
14434,5498
9520,11480
8050,13167
3164,4112
2926,3451
1267,2600
1155,2674
2569,4735
2723,2611
5817,3062
4277,3556
14987,5596
651,1072
8232,9733
3927,4046
3983,5463
3626,2096
3437,9733
9051,5883
2149,4732
5180,10843
12824,3556
4172,4084
2520,2786
6783,3549
3913,7101
3276,3286
23940,9310
10577,5323
2352,11480
3192,4049
5635,2989
805,3174
3941,2950
4977,5712
1876,2313
7854,6559
840,3531
5922,10104
11361,10955
7854,4119
1400,4154
3276,3286
2352,7647
6783,7493
1155,3097
1876,2523
9051,6552
3913,3717
4977,5712
3948,3720
5180,9208
5922,10104
595,2096
10577,4931
9135,3276
2275,2761
4004,3601
3829,2485
2174,2551
14434,6258
805,1631
4172,6415
1575,2912
2723,3097
3136,4403
3164,4112
14987,4385
2429,1043
5635,2485
4067,7553
3192,2383
11361,8592
3472,1515
3927,4046
5152,4546
1435,749
12824,3556
3626,2096
2149,4732
13860,8785
5880,4725
9100,12246
8232,9733
3437,9733
3647,2999
5775,4077
2569,4735
23940,11480
8050,10969
6405,4732
2548,1421
4494,5834
847,1043
2520,2786
1617,5211
2422,2488
840,3559
9520,11480
14973,3692
6699,8988
2331,4403
2821,3892
4277,3556
7252,4452
3983,5477
710,1141
1603,2541
3542,5488
2989,2733
1267,2061
19894,14710
2926,2912
2800,7980
3941,2950
546,1659
4620,5204
2282,3031
2583,2347
651,1141
5817,3531
4977,5712
2331,4168
3136,4872
2989,4168
3647,2999
5152,5477
9051,5883
1435,749
5880,7630
6783,7493
2352,11480
3829,3892
2821,3892
10577,7276
2569,4735
3983,5477
3626,2096
2520,2786
14434,6258
5635,3325
3437,5873
1400,4154
2282,3031
14973,6272
4620,5204
2174,3293
3941,1771
19894,10083
3948,3720
13860,10230
2723,2611
710,1043
7252,4452
6699,10419
2149,4732
3192,4049
847,1043
546,1659
3276,3286
2800,4476
1267,3087
4494,5834
2583,2347
7854,6559
840,2366
4277,3556
3913,5666
1575,2635
2429,1417
12824,3556
805,1631
14987,4385
1603,3531
5775,4567
4004,2378
23940,9310
5817,3062
1155,2674
4172,6415
2926,3451
595,1410
9135,3804
651,778
6405,5264
3927,4046
2422,2488
2275,3461
3164,4112
4067,7553
5180,9208
11361,8743
3542,5488
1876,1365
1617,5211
9520,13342
9100,9870
3472,1939
2548,1421
5922,10104
8232,3965
8050,12775
10577,5313
3913,5666
14973,3965
2723,2611
5152,5477
3276,3286
3164,4112
7854,6559
6405,4760
9100,11690
3983,5477
1876,1365
5922,10104
2275,2457
3192,2506
3472,1365
14434,6258
5635,3325
3647,2999
12824,3556
5180,6517
2282,5159
3437,9733
2926,2912
8232,9733
840,3559
4172,4084
1435,749
710,749
4277,3556
2149,3325
6783,7493
1603,6534
651,1072
847,2079
1155,2674
4977,5712
19894,14147
1617,6013
5880,7630
3626,2096
3136,4403
2548,1421
2331,2754
3941,2961
9520,11480
2569,5068
4004,3397
7252,4070
9135,3276
14987,9355
11361,5204
8050,12775
3829,3892
3542,5341
546,1659
2422,2488
13860,9310
4494,5834
9051,5883
3927,2908
5817,3062
6699,10419
5775,4077
2429,1043
2989,4074
595,2096
2583,3101
23940,9310
1400,8620
3948,3720
4067,5509
2174,3276
2520,2803
2352,11480
2821,3892
805,1631
4620,4889
1267,2635
2800,10125
1575,2635
3472,1515
3829,3892
3626,2096
2548,1421
9135,4812
23940,9310
11361,10955
5880,7630
3983,5477
4977,5712
12824,3556
2331,2754
6783,2079
1603,3486
14434,6258
2174,3293
3913,5666
7252,4452
5635,3325
3647,2999
2800,4476
2926,2912
7854,6559
2149,3325
805,2506
710,5852
1435,5782
651,2488
4494,5834
847,1634
1575,2635
3542,5488
9100,11690
8050,13167
2989,4074
4620,6237
14987,4385
595,2096
3276,3286
840,3559
6405,4760
1617,6013
2569,5068
1876,2313
4067,5509
8232,3965
5922,10104
4004,2378
4277,8183
2583,2347
3941,2950
3948,10038
4172,6415
10577,7276
546,1659
9520,11480
19894,14710
3164,7553
14973,6272
3437,5873
3192,2908
5775,4567
2352,11480
3927,4046
2723,2611
2520,2786
3136,3458
13860,10230
6699,10419
1400,8620
5152,4844
1155,2674
2275,2761
2282,3031
2429,1043
9051,5883
2422,2488
2821,4732
5817,3458
5180,9208
1267,2061
