61.2,15.05
3.6,15.05
28.8,15.05
10.8,15.05
8,49.65
11.1,49.65
12.9,49.65
7.5,49.65
15.8,49.65
102.4,49.65
2.9,49.65
12,49.65
11.8,49.65
0.5,49.65
4.9,41.15
38.1,41.15
19,41.15
8.9,41.15
6.1,41.15
18.3,33.4875
4.1,33.4875
10,33.4875
21.1,33.4875
105.2,33.4875
11.8,5.1375
102.4,5.1375
8,5.1375
4.9,5.1375
8.9,5.8875
12.9,5.8875
11.1,5.8875
28.8,5.8875
21.1,5.8875
10,12.35
3.6,12.35
19,12.35
105.2,12.35
15.8,12.35
12,15.525
10.8,15.525
38.1,15.525
2.9,15.525
4.1,15.525
18.3,11.55
0.5,11.55
6.1,11.55
61.2,11.55
7.5,11.55
4.1,3.3
11.1,3.3
61.2,3.3
8.9,3.3
2.9,5.1
4.9,5.1
21.1,5.1
0.5,5.1
8,5.1
15.8,18.2088888889
6.1,18.2088888889
19,18.2088888889
11.8,18.2088888889
105.2,18.2088888889
7.5,20.05
28.8,20.05
10.8,20.05
10,20.05
12,20.05
3.6,17.4688888889
102.4,17.4688888889
18.3,17.4688888889
12.9,17.4688888889
38.1,17.4688888889
15.8,24.2125
19,24.2125
6.1,24.2125
12,24.2125
2.9,10.3375
12.9,10.3375
8,10.3375
18.3,10.3375
10,10.3375
4.9,23.875
61.2,23.875
8.9,23.875
21.1,23.875
28.8,23.875
11.1,5.1
7.5,5.1
105.2,5.1
10.8,5.1
11.8,5.1
4.1,13.3
3.6,13.3
38.1,13.3
0.5,13.3
102.4,13.3
28.8,58.6
21.1,58.6
8,58.6
38.1,58.6
102.4,13.25
10.8,13.25
15.8,13.25
10,13.25
61.2,13.25
0.5,32.5425
7.5,32.5425
18.3,32.5425
105.2,32.5425
4.9,32.5425
3.6,24.8666666667
2.9,24.8666666667
12,24.8666666667
6.1,24.8666666667
19,24.8666666667
11.8,7.8
4.1,7.8
12.9,7.8
11.1,7.8
8.9,7.8
