43.8,26.0445347474
37,20.7392324204
52,53.9834591288
31.5,85.9777309678
1586,238.428209672
20.1,16.1981353858
39,90.7492311961
42.3,55.1673513037
39.5,51.3351070724
212,418.657243887
8.2,3.41910367396
59.1,46.3731154098
29,1.96181856515
36,47.832918589
36.9,16.9339333785
31.5,50.9662478147
9,7.04308020719
54,71.3977606721
58.9,93.0438503906
89.5,77.851407778
22,25.1486204416
85,63.6294637279
55.7,84.7890928219
13.9,11.7134557283
34.3,34.9654750078
18,53.8380738086
7.5,-2.92566052916
103.5,66.5197417424
50.1,-6.85997714157
5.6,39.8691260757
20.6,41.5675645403
37.1,53.8743783202
23,1.25871744069
27.5,24.3226705665
157,176.286882837
120,7.62619624512
48,-2.54603180815
37,22.3554795695
6,29.0268301113
170,237.75047752
32.7,61.7010685132
7.1,4.47108942422
340,105.550748751
67.3,46.3694300094
59.5,40.6907248264
39,62.5761396526
58.9,85.975084396
37.2,32.2324735407
5.6,36.1884257195
59.1,31.8892574881
48,-3.25912183181
37,9.61725466047
52,45.3399525363
67.3,113.058695761
9,6.06405850519
7.1,-2.83243253553
39,54.5562638821
103.5,70.3379689572
89.5,65.1368560415
58.9,102.178281766
37.1,49.1943067176
31.5,80.4236837445
6,53.157569305
50.1,-2.22071930111
34.3,39.9225438948
39,104.599176817
20.6,47.2573993651
120,13.1438450919
7.5,2.86704109299
42.3,64.1944518419
22,16.2813304886
58.9,91.8424905744
39.5,40.4255854344
23,7.71562181471
157,183.484319825
36,36.6722640142
59.5,68.1852016666
55.7,82.7134187653
8.2,13.5705957269
37.2,27.8333159673
37,19.2715795768
1586,-31.7978768646
18,67.2238261377
85,64.7705767209
54,81.1544883041
170,126.938255307
36.9,15.2694880908
27.5,45.6576265461
20.1,42.2448407477
32.7,63.7865203438
212,295.751990886
13.9,18.0896374028
340,145.53157772
29,9.23199622113
31.5,37.3961765926
43.8,40.9617777312
67.3,78.2288333085
157,150.629923913
1586,386.274785848
55.7,87.6908578123
23,6.2846414241
34.3,43.8459770017
27.5,37.5932387859
42.3,53.2319632614
20.1,18.9502069381
212,462.481087292
18,78.8956124536
7.5,-12.109295521
43.8,-5.07614064326
39.5,74.6375939368
7.1,-3.56126314495
36.9,14.3966945766
89.5,117.126005356
31.5,52.682003003
39,28.4908938462
58.9,83.8749601673
120,13.9051116524
59.1,28.2477368699
37,10.3183649305
58.9,92.0386723607
48,0.421169568452
39,85.6868175796
59.5,34.8056221748
5.6,45.0668577128
37.1,50.2214179169
54,72.7462919751
36,67.9031236927
85,58.4906202363
37,19.2018014671
32.7,92.837174437
8.2,7.71915184779
22,28.083645
31.5,72.2510566596
170,214.585696283
340,109.923486152
103.5,47.4617093034
37.2,27.3477994783
52,45.7496585841
9,8.37846365787
6,24.345417607
20.6,23.8623772615
29,9.3879654552
50.1,40.6210067388
13.9,20.0533253748
8.2,3.22340609775
212,410.527763291
6,23.988802645
31.5,55.073130592
85,69.157540497
52,37.8757882007
54,71.6918223232
32.7,82.4498785845
37,14.7105059736
170,77.4101826023
120,13.5696092107
9,26.0459812031
37,14.0449288462
157,181.066628579
34.3,48.9873087071
20.6,43.4843115085
39,77.8920900425
59.5,44.8934213253
1586,194.063323427
42.3,64.1413059338
43.8,23.3733000051
31.5,65.461308279
39,50.8088132091
58.9,85.4210605193
36.9,24.9720752024
58.9,89.8104892246
29,2.50751780465
48,-9.03937713721
67.3,70.9268890937
7.1,7.94429893755
36,50.7314481803
55.7,47.4785227965
89.5,94.6466799707
13.9,23.9837114679
18,68.1191346684
20.1,44.1191886205
340,108.571322293
39.5,52.0232388893
27.5,22.9523910784
7.5,-8.52799702107
22,18.3294142371
5.6,37.4848851325
23,-3.76182889443
103.5,62.2169087515
59.1,17.4342768697
37.2,2.96902032518
50.1,-5.36706706123
37.1,43.4201859646
50.1,43.5252599806
31.5,35.6016240564
39,64.4159403615
37,31.1224644972
103.5,47.6675465555
39,42.2676378099
340,104.010119673
27.5,36.1419854666
43.8,65.2284310798
54,70.870586679
58.9,71.2500393364
48,-34.9546078534
212,439.566249739
34.3,27.6076044289
32.7,78.9022171459
37.1,42.9019966861
59.5,41.5785323156
9,5.87668057236
29,-2.90189672916
39.5,43.6976980153
36.9,22.7344960822
22,25.4605923848
37,15.6155527694
37.2,13.8859365595
58.9,88.2525898667
7.5,0.850705668617
5.6,41.9001529061
20.6,40.5399645034
52,36.2983612213
59.1,15.7631999671
157,180.392609624
8.2,16.817169322
18,78.4648218681
120,39.7704802207
31.5,61.1372255963
1586,523.223447406
36,22.1984484383
13.9,8.53362371101
6,46.8518438933
89.5,70.9289005351
67.3,92.7470404574
55.7,98.038655647
7.1,0.864123488189
85,57.0478363425
42.3,64.4105050106
170,211.60589183
20.1,33.5871284581
23,-4.83062591258
