43.8,48.1625
37,30.7125
52,44.025
31.5,51.975
1586,132.275
20.1,28.425
39,36.75
42.3,18.45
39.5,31.75
212,111.25
8.2,23.025
59.1,27.7875
29,21.275
36,59.05
36.9,22.9625
31.5,51.3125
9,19.4375
54,43.475
58.9,32.5125
89.5,43.625
22,28.2
85,46.2125
55.7,36.5125
13.9,29.45
34.3,36.6
18,52.6375
7.5,26.325
103.5,37.3875
50.1,33.8
5.6,18.2875
20.6,30.7125
37.1,52.2
23,31.4625
27.5,35.3875
157,118.125
120,49.2375
48,47.7
37,21.45
6,32.5375
170,61.3875
32.7,55.55
7.1,20.9875
340,86.4125
67.3,54.0125
59.5,52.7625
39,64.55
58.9,35.6
37.2,40.375
5.6,30.625
59.1,25.375
48,52.3375
37,34.8625
52,32.7
67.3,58.65
9,22.5
7.1,25.0
39,93.5625
103.5,55.9625
89.5,47.925
58.9,36.25
37.1,51.1375
31.5,52.1625
6,34.85
50.1,23.5875
34.3,30.975
39,36.8875
20.6,42.725
120,45.0
7.5,23.4375
42.3,32.225
22,28.2
58.9,34.0625
39.5,42.1125
23,32.725
157,118.125
36,58.35
59.5,39.5625
55.7,44.4125
8.2,24.7625
37.2,34.8875
37,28.2625
1586,120.25
18,56.825
85,44.7125
54,31.9125
170,97.65
36.9,30.2
27.5,42.5875
20.1,20.925
32.7,62.225
212,87.25
13.9,27.55
340,71.225
29,20.025
31.5,60.0375
43.8,51.5125
67.3,54.825
157,102.875
1586,118.125
55.7,33.625
23,32.6125
34.3,30.7125
27.5,34.3375
42.3,20.6625
20.1,25.025
212,123.9375
18,59.6875
7.5,24.1125
43.8,72.2625
39.5,54.775
7.1,20.9875
36.9,31.0
89.5,60.1875
31.5,57.925
39,104.1375
58.9,35.9125
120,40.4
59.1,25.375
37,25.225
58.9,34.7125
48,41.1
39,28.725
59.5,51.9
5.6,21.8375
37.1,47.45
54,41.6
36,56.5125
85,57.2625
37,28.475
32.7,91.575
8.2,20.4
22,24.275
31.5,46.1125
170,56.0
340,83.125
103.5,55.875
37.2,40.2
52,42.175
9,18.725
6,34.425
20.6,43.3
29,20.5625
50.1,26.9
13.9,28.9375
8.2,20.4
212,111.6625
6,33.425
31.5,58.4875
85,54.6875
52,40.075
54,42.925
32.7,92.1375
37,23.8625
170,75.9
120,38.5
9,23.65
37,30.7125
157,102.875
34.3,31.1875
20.6,32.8
39,38.25
59.5,50.375
1586,102.875
42.3,32.225
43.8,57.6625
31.5,52.2125
39,96.5
58.9,34.1375
36.9,21.8
58.9,37.8375
29,20.9875
48,51.475
67.3,52.9
7.1,21.9125
36,47.325
55.7,40.0125
89.5,57.625
13.9,27.55
18,67.325
20.1,23.6625
340,84.875
39.5,45.6625
27.5,37.2625
7.5,21.3375
22,25.7875
5.6,20.1625
23,30.9125
103.5,53.8125
59.1,30.9
37.2,49.7375
50.1,29.05
37.1,48.3
50.1,23.5875
31.5,46.6375
39,58.6375
37,21.45
103.5,54.5125
39,39.1625
340,80.5
27.5,31.575
43.8,57.6625
54,46.15
58.9,35.1375
48,51.4625
212,111.6625
34.3,30.975
32.7,93.825
37.1,53.825
59.5,48.625
9,15.175
29,20.5625
39.5,56.0125
36.9,27.8625
22,24.6
37,29.8375
37.2,36.1375
58.9,39.775
7.5,24.1125
5.6,20.825
20.6,39.375
52,40.05
59.1,29.0
157,111.25
8.2,22.6125
18,53.7
120,44.1625
31.5,53.425
1586,121.875
36,64.2
13.9,22.6125
6,32.5375
89.5,49.25
67.3,41.6625
55.7,36.4625
7.1,20.2125
85,43.8125
42.3,26.625
170,49.7
20.1,20.1125
23,31.15
