444,535.19050533
18,235.086272294
8211,1182.87965599
352.8,378.588717177
38,400.546803539
636,772.000917688
973,1220.50545476
120,291.068231326
215,504.56824424
60,290.732418977
10.8,161.34185846
756,885.080292304
370,450.661873519
12,408.864430096
444,1463.58568002
170,321.895123725
1772.5,596.24697252
90,244.402536735
8.4,386.410014936
599,563.905990865
278,591.874326325
882,856.527282736
1200,1476.67566728
72,300.133723269
480,594.526727124
36,293.023000542
8.4,279.24647552
252,510.656179918
600,758.565417024
300,713.181693689
117.6,339.858264824
150,521.75323637
2400,1617.04589488
703,736.934744747
300,676.212423421
1645.9,673.552295711
107,432.558724395
31.2,404.735827908
430,566.907494052
72,439.236113563
48,443.098524183
70,456.767430646
750,672.090746528
1248,807.150893764
432,798.963817481
648,548.030481745
42,452.906004545
82,461.579527685
114,478.161152463
48,447.278289344
2120,913.122590386
155,505.906524463
576,783.068168327
1368,1025.37656845
24,413.081308301
48,236.261476348
1924.5,574.446058368
60,284.446617379
192,1150.24674215
324,686.717415402
4178.2,959.256771934
4560,3101.77999967
62,257.062304014
420,918.60192685
210,329.181482581
97,922.100844568
300,418.356442238
458,548.1689579
409,566.075618016
117.6,216.94726635
162,622.013175594
2400,1289.58981828
2460,1238.84231065
239,373.456216297
72,587.482606495
360,628.414696884
60,469.512446037
42,474.181977283
240,562.361338578
720,1263.31780408
25.2,419.577412273
36,436.342658121
50,471.268775254
1181,982.073198551
60,480.847466841
480,592.347319047
1350,596.067919544
400,643.295692308
571.4,649.673527664
98.8,505.335861184
360,635.507932092
192,522.042510529
60,481.807581863
324,737.624037545
210,549.811928779
480,599.837512304
4178.2,857.928676387
42,513.158706418
12,583.008550211
150,602.725869075
70,510.963367435
60,519.67054305
36,486.210909765
300,597.036636274
48,503.714064064
370,609.478945559
8.4,467.205722277
444,1139.44026942
400,649.860145576
62,509.94665387
31.2,470.403308219
82,478.371581678
98.8,497.673527547
8.4,475.638336036
72,571.707305373
120,502.211370386
72,462.80080136
192,1040.66505665
2400,1432.76888389
215,650.623587209
117.6,465.296416715
48,462.453235025
60,499.268380848
352.8,569.059573098
599,599.495240895
480,623.758306406
1248,861.934888436
432,838.414788895
458,641.864300641
360,653.361779025
8211,817.789787656
38,394.680833054
170,389.034696459
600,573.861259108
90,351.429279608
24,322.66854731
2400,897.15548387
703,558.850055711
162,523.992446647
1645.9,513.829980599
756,668.340688405
60,357.461164464
60,359.065397367
1772.5,503.796269194
2120,754.325074428
192,395.213277264
1200,1017.99304786
117.6,351.573257937
155,491.264334788
239,518.63038656
252,546.998660994
1368,1048.85903605
973,1055.8064015
72,403.141670509
420,853.411131576
1924.5,611.299326173
648,523.45642781
42,438.768769502
300,686.983958286
2460,1049.08527822
882,791.527644331
444,622.474156144
25.2,403.817834866
278,602.266335579
576,782.630170594
18,432.485213989
97,840.140280021
720,1299.2019692
48,394.676518633
50,411.262474168
750,674.088302382
409,624.564781245
571.4,612.544152439
114,436.417209808
10.8,340.941421101
430,550.968413464
60,436.172469375
300,673.476283932
1350,553.849606502
36,346.672115695
4560,2499.56246805
360,585.578637373
1181,983.501490116
107,470.389180142
240,516.52482024
636,785.518250993
4560,1657.08552201
82,503.321709658
2400,920.285538415
300,568.372767754
720,998.915892366
420,768.381465509
1181,827.551540694
98.8,520.942442588
458,611.936827983
300,645.637284394
444,617.441896723
36,466.63673411
117.6,488.761350346
1200,1015.26251424
155,533.339279665
370,578.403186832
60,507.08579322
192,861.164488393
48,331.967119668
1368,930.218980057
1350,441.494383052
25.2,305.973457521
8211,889.968214629
430,434.689556176
107,384.818111869
170,384.998217586
162,545.708048447
2120,809.146106606
239,415.135472096
62,341.970962193
8.4,291.636985387
36,318.240301822
480,429.613698624
360,508.855629822
1924.5,497.95780595
360,503.931907555
432,683.937051311
38,553.525639833
97,971.840723235
70,402.272371621
703,788.57545482
324,766.182813642
18,389.086876292
882,897.575969555
48,379.046459268
600,807.058612539
636,857.52542932
114,437.473640763
756,957.913343308
192,473.37684624
1248,910.001574336
60,432.615409998
571.4,648.567352527
444,1449.63806073
409,669.712469353
72,463.889040511
120,309.263574719
60,300.046805541
278,543.00455674
42,278.679149845
2400,1747.50059053
599,519.181249852
72,237.786600895
1772.5,629.298865578
60,290.507083188
750,647.041272718
210,344.391008882
42,265.1913839
576,840.490899277
4178.2,973.920731106
8.4,306.014568746
12,440.642426049
480,553.131595809
50,273.274674482
117.6,357.744707427
648,504.798006133
72,321.239237568
240,495.083831063
31.2,311.886905331
300,711.520975616
24,321.541159901
352.8,489.036412277
252,521.438824417
1645.9,673.790787452
400,604.367869487
90,375.37468511
215,593.098042806
2460,1181.42437094
10.8,307.962880658
150,531.509092609
973,1184.78334168
60,382.565004053
48,369.006306466
210,420.766233268
117.6,320.816829185
192,431.553753845
60,356.496259674
720,1427.20958893
90,350.832261963
1368,1189.00055011
2460,1206.62130136
576,853.354935115
1200,1474.40978281
4560,2762.89946391
107,440.705032697
10.8,271.22561662
62,359.842705091
60,377.228534173
48,338.978803071
25.2,284.047310322
38,519.775359196
2400,1255.20149263
1645.9,570.716272588
8211,924.062998821
8.4,304.038992492
360,518.857839749
12,442.115759046
170,403.33000708
72,346.258931323
42,355.360547662
82,365.977522398
36,314.033372009
97,752.124888604
300,575.408949553
98.8,389.681211239
571.4,529.566566319
48,349.068234431
1181,849.906005282
70,361.321975325
430,465.144840688
636,805.743002479
192,1106.23336792
458,605.385406295
155,441.083243406
1924.5,626.647239873
150,527.676912735
60,381.241402995
370,534.711325893
444,1384.49698843
2400,1222.25951253
60,386.482152274
400,593.918292035
1772.5,664.57355893
120,394.940000043
162,666.350117324
300,711.389491769
480,600.596409161
750,675.007260921
72,586.254479065
31.2,393.91128027
60,482.525049324
114,483.144709163
300,567.59806869
2120,986.174039528
324,750.238268985
239,535.952474794
240,559.72272567
409,662.643045923
432,857.250588029
648,572.61933
215,628.07541458
18,445.498309371
117.6,431.469401084
72,403.093552095
278,638.915220285
42,462.634838919
444,652.009273705
420,865.708302103
50,350.334404893
252,478.533028897
1350,484.754384611
973,1120.50240571
1248,818.866125951
8.4,362.238709634
599,515.30908766
703,674.049392179
480,471.426421683
36,316.979288984
48,336.570097292
600,695.222012763
360,564.038075571
882,787.145667441
24,299.105490143
756,836.326597615
4178.2,868.74177434
352.8,461.178433132
120,424.580976739
1368,1214.40489154
210,453.902738573
750,701.107714022
72,328.524916727
1181,1073.80565537
62,389.421543868
150,544.283958021
599,585.007255145
60,391.573682981
162,688.222143151
70,390.878343351
239,490.462352738
400,620.184909491
170,449.822261718
600,775.913763651
82,397.665239013
48,378.190744336
430,582.175838737
117.6,406.08358249
50,435.287531636
90,426.427804719
2460,1168.17097861
480,642.253438871
97,928.274479026
60,460.834612179
60,454.156087691
117.6,404.791402173
25.2,372.611601133
31.2,363.360053001
12,555.243573456
114,461.844835109
8.4,355.36667422
60,447.967512911
420,928.628544142
636,829.544061497
240,547.265024284
155,429.549595925
324,690.830864228
4178.2,907.25499925
278,570.193991262
42,364.398986169
409,600.080284729
360,545.775755585
432,821.945704183
42,353.511890455
703,709.244958534
300,481.856628431
720,1331.95509319
8.4,388.118184689
300,652.487082725
2120,966.937112302
2400,1162.43277121
215,550.362030991
192,1055.65186528
1645.9,659.462205532
1350,503.905804767
72,274.62314878
352.8,415.05978556
370,496.390940638
444,567.727083055
4560,3050.25439979
360,536.932942446
107,391.222878439
38,468.536997436
18,294.346889356
300,689.542824305
1200,1484.07495658
1772.5,641.406072344
192,383.662665922
882,833.230712514
36,224.447845519
756,897.006920767
648,477.634236681
48,329.995582439
480,466.987059283
444,1118.79137445
1924.5,535.962171581
571.4,524.676041361
48,332.754667178
24,297.326526691
973,963.546285564
36,312.284858901
10.8,286.224207154
2400,1266.57593598
252,455.250806269
60,356.487282559
98.8,381.813483978
8211,940.458324783
576,698.839018034
1248,721.479954055
72,463.370150203
458,524.592639556
